2025-08-20 02:48:53    绿光---红外光---红光---X轴---Y轴---Z轴
42830 232917 219371 112 15641 -4930
42785 233739 220033 160 15724 -4787
42715 234683 220766 166 15787 -4714
42600 235687 221489 118 15814 -4678
42474 237055 222454 79 15784 -4658
42358 237821 222985 67 15754 -4595
42224 238720 223583 92 15751 -4475
42029 239637 224097 94 15760 -4375
41821 240452 224507 83 15767 -4312
41702 241053 224846 87 15765 -4245
41599 241606 225143 119 15784 -4190
41414 242033 225265 165 15814 -4149
41247 242203 225190 154 15848 -4111
41109 242594 225346 90 15864 -4103
41036 243044 225558 17 15820 -4206
41020 243293 225678 101 15876 -4157
40960 243522 225771 65 15936 -4096
40869 243734 225825 -80 15948 -4095
40738 244233 226036 -144 15906 -4098
40611 244607 226148 -41 15846 -4072
40481 244961 226271 80 15817 -4047
40431 244842 226115 132 15785 -4022
40427 244757 226035 150 15771 -3997
40397 244943 226115 176 15764 -4054
40440 244998 226146 213 15758 -4112
40419 245319 226352 215 15823 -4093
40421 245124 226196 161 15862 -4106
40487 244909 226106 88 15868 -4130
40521 245155 226304 112 15914 -4134
40515 245350 226436 170 15955 -4133
39911 246440 226590 -4 15881 -3893
39889 246428 226559 27 15905 -3882
39892 246450 226579 15 15898 -3859
39901 246424 226574 -10 15880 -3833
39884 246367 226524 -22 15877 -3825
39854 246459 226563 27 15893 -3855
39841 246475 226552 72 15916 -3880
39827 246515 226555 74 15919 -3890
39791 246701 226652 60 15917 -3888
39755 246702 226602 29 15917 -3883
39731 246411 226362 -16 15916 -3885
39727 246132 226165 -5 15914 -3894
39722 245994 226058 60 15906 -3905
39705 245942 226007 109 15870 -3902
39677 245820 225885 115 15855 -3922
39670 245619 225726 74 15884 -3961
39673 245426 225580 56 15907 -3984
39695 245292 225480 106 15929 -4011
39688 245256 225424 161 15961 -4050
39665 245347 225467 184 15981 -4086
39633 245496 225524 178 15973 -4106
39583 245696 225612 162 15960 -4092
39535 245668 225526 136 15935 -4074
39534 245750 225582 134 15897 -4081
39545 246113 225827 189 15912 -4069
39576 246271 225954 164 15955 -4022
39587 246452 226108 -15 15944 -3968
39589 246530 226190 -213 15896 -3913
39716 245887 225843 -384 15850 -3861
39775 246089 226152 -507 15825 -3854
39593 246924 226666 -576 15852 -3884
39189 247450 226775 -639 15899 -3898
38726 246651 225771 -675 15846 -4057
38762 244679 224296 -372 15751 -4336
38982 243824 223746 109 15874 -4286
39059 243440 223435 524 15952 -4301
39015 243051 223048 561 15957 -4338
39039 242255 222393 477 15901 -4290
39139 241595 221924 556 15810 -4216
39258 240891 221429 711 15772 -4199
39457 239861 220798 816 15813 -4154
39657 238788 220182 782 15890 -4135
39856 238162 219977 493 16033 -4213
40050 237446 219695 437 16056 -4130
40173 236794 219382 412 16024 -4061
40299 236205 219089 439 15996 -4006
40466 235461 218701 450 16006 -3968
40660 235044 218587 418 15990 -3974
40733 235124 218744 386 15937 -3985
40766 235072 218739 391 15880 -3955
40839 234792 218574 445 15818 -3933
40969 234505 218449 498 15751 -4030
41077 234470 218528 516 15751 -4042
41136 234756 218817 483 15721 -3968
41142 236035 219820 369 15690 -3904
41095 236864 220397 289 15747 -3907
41031 237030 220489 358 15854 -3916
40983 236965 220430 481 15903 -3930
40952 237157 220576 424 15898 -3977
40872 237757 221022 111 15930 -4030
40833 237251 220684 -249 15958 -4134
40809 236021 219907 -321 15933 -4204
40732 234993 219265 -36 15934 -4137
40604 234007 218587 427 15962 -4046
40469 233151 217955 779 15976 -3957
40475 232544 217580 763 15958 -3921
40494 232652 217748 510 15896 -3925
40511 232684 217842 358 15838 -3921
40488 232243 217526 490 15823 -3921
40470 231795 217234 611 15875 -3937
40611 231156 216912 502 15915 -4029
40682 231301 217172 470 15838 -4083
40588 231081 216980 672 15735 -3997
40487 231246 217075 798 15759 -3894
40486 231443 217244 649 15842 -3883
40471 231752 217485 417 15900 -3950
40491 231072 216923 371 15976 -4165
40614 230885 216945 568 16022 -4186
40230 233343 218591 833 15988 -3924
39668 235233 219448 856 15919 -3814
39586 236108 219888 559 15944 -3800
39798 235614 219607 153 15966 -4017
39876 235068 219260 329 15950 -4002
39940 234842 219128 481 15941 -3882
39974 234975 219265 484 15891 -3810
39972 235177 219383 454 15873 -3815
40019 235054 219298 492 15920 -3844
40152 234470 218936 538 15944 -3872
40285 234253 218903 487 15939 -3895
40352 234786 219381 412 15963 -3931
40383 234699 219305 517 15975 -3884
40283 234859 219325 707 15961 -3816
40192 235099 219396 757 15951 -3838
40064 235406 219447 676 15960 -3901
39966 235525 219375 623 15958 -3942
39926 235318 219082 739 15948 -3940
39890 235176 218877 886 15937 -3922
39856 235301 218874 921 15911 -3927
39861 235258 218793 880 15894 -3976
39913 234972 218534 834 15887 -4034
40028 234553 218290 876 15838 -4135
40141 234514 218355 912 15858 -4177
40235 234457 218361 927 15884 -4169
40317 234221 218239 909 15905 -4145
40401 234280 218337 883 15921 -4134
40482 234278 218377 810 15945 -4147
40604 234192 218398 803 15963 -4158
40721 234226 218524 866 15979 -4138
40817 233935 218376 858 15980 -4111
40938 233534 218180 838 15931 -4078
41024 233321 218106 876 15838 -4135
41043 233320 218147 912 15858 -4177
41031 233385 218205 927 15884 -4169
41018 233307 218141 909 15905 -4145
41025 233046 217946 883 15921 -4134
41039 232820 217789 810 15945 -4147
41011 232854 217832 803 15963 -4158
41011 233088 218025 866 15979 -4138
40980 233503 218357 858 15980 -4111
40885 234068 218738 838 15931 -4078
40820 234108 218722 841 15878 -4033
40818 234007 218663 812 15873 -4004
40764 234144 218771 753 15897 -3987
40698 234437 218981 747 15921 -3975
40612 234589 219067 810 15930 -3952
40519 234861 219237 835 15928 -3898
40417 235150 219399 810 15927 -3877
40370 235051 219323 792 15930 -3880
40295 235269 219480 817 15945 -3870
40190 235406 219539 864 15943 -3846
40142 235342 219475 874 15928 -3833
40116 235294 219462 857 15930 -3851
40059 235419 219550 847 15918 -3841
39963 235587 219620 868 15910 -3812
39860 235722 219660 896 15934 -3796
39765 235981 219801 892 15963 -3805
39681 236030 219769 892 15976 -3804
39678 235987 219752 928 15973 -3795
39648 236174 219897 969 15964 -3784
39588 236423 220064 986 15967 -3763
39507 236607 220133 998 15958 -3718
39507 236643 220199 1004 15927 -3690
39516 236680 220248 994 15924 -3702
39643 236533 220291 1010 15955 -3704
39781 236580 220481 1043 15962 -3699
39814 236771 220702 1077 15953 -3700
39789 236812 220745 1085 15963 -3705
39784 236925 220853 1083 15962 -3699
39737 237237 221091 1104 15964 -3684
39653 237366 221141 1155 15988 -3666
39608 237260 221046 1213 15937 -3584
39603 237333 221126 1194 15935 -3615
39567 237376 221146 1159 15938 -3666
39542 237403 221146 1195 15937 -3685
39479 237383 221087 1309 15953 -3656
39414 237426 221061 1337 15988 -3647
39425 237423 221076 1288 15999 -3652
39392 237659 221234 1301 15988 -3635
39373 237540 221134 1346 15981 -3615
39418 237279 221000 1367 15889 -3576
39411 237393 221111 1334 15928 -3604
39336 237523 221163 1319 15955 -3642
39283 237515 221126 1336 15964 -3587
39259 237633 221205 1329 15976 -3535
39262 237705 221285 1315 15981 -3534
39249 237678 221253 1407 15977 -3488
39238 237596 221201 1476 15988 -3491
39197 237732 221279 1423 15977 -3534
39189 237612 221176 1438 15906 -3466
39195 237522 221116 1485 15926 -3418
39181 237528 221107 1481 15959 -3417
39192 237449 221049 1475 15973 -3456
39199 237491 221077 1495 15982 -3480
39201 237555 221126 1503 15980 -3473
39199 237543 221084 1491 15977 -3448
39203 237457 220990 1488 15981 -3447
39248 237153 220761 1483 15983 -3448
39340 236839 220574 1491 15965 -3451
39437 236839 220641 1497 15940 -3435
39486 236811 220616 1497 15941 -3423
39557 236667 220543 1488 15951 -3446
39617 236532 220450 1478 15968 -3452
39770 236260 220375 1483 15980 -3449
39978 236120 220438 1483 15983 -3455
40107 236027 220488 1500 15988 -3464
40190 235871 220450 1468 15987 -3465
40320 235628 220385 1457 15989 -3464
40406 235547 220424 1472 15989 -3434
40435 235473 220404 1448 15950 -3392
40446 235323 220313 1437 15925 -3395
40469 235055 220124 1375 15955 -3452
40489 234902 220029 1442 15972 -3469
40516 234838 219999 1572 15981 -3444
40529 234856 220027 1570 15992 -3476
40544 234718 219914 1535 15989 -3523
40588 234706 219930 1545 15981 -3537
40643 234659 219922 1565 15973 -3526
40676 234442 219788 1544 15955 -3520
40735 234355 219767 1522 15882 -3479
40782 234334 219801 1555 15942 -3508
40795 234392 219849 1558 15961 -3499
40815 234348 219842 1472 15960 -3508
40860 234192 219761 1438 15961 -3534
40887 234064 219674 1544 15982 -3516
40890 234011 219630 1553 15997 -3516
40887 234063 219666 1488 15979 -3544
40908 234053 219674 1476 15979 -3557
40933 234078 219703 1499 15929 -3477
40940 234106 219717 1507 15943 -3508
40923 234061 219640 1478 15969 -3534
40900 233990 219548 1478 15972 -3519
40908 233875 219445 1504 15965 -3501
40897 233939 219471 1506 15965 -3510
40887 233971 219482 1477 15965 -3529
40887 233999 219468 1467 15977 -3547
40929 233884 219394 1482 15992 -3550
40971 233813 219339 1506 15906 -3493
40991 233902 219407 1536 15918 -3511
41005 234003 219485 1531 15948 -3554
41036 234012 219484 1522 15961 -3579
41081 234080 219556 1515 15969 -3586
41160 234071 219581 1518 15981 -3560
41310 234073 219694 1500 15983 -3532
41493 233958 219745 1510 15985 -3535
41658 233901 219858 1553 15976 -3519
41782 234101 220153 1467 15895 -3473
41873 234363 220453 1457 15913 -3500
41941 234469 220620 1519 15951 -3563
41962 234654 220798 1620 15964 -3574
41954 234591 220761 1595 15964 -3575
41952 234680 220857 1554 15957 -3583
41931 234791 220937 1596 15950 -3572
41937 234698 220880 1596 15951 -3574
41919 234943 221078 1551 15948 -3589
41937 235071 221202 1506 15937 -3581
41974 235203 221355 1501 15908 -3567
41980 235180 221355 1578 15907 -3547
42010 235333 221531 1585 15942 -3532
42030 235612 221810 1479 15957 -3540
42047 235675 221885 1500 15950 -3530
42078 235558 221840 1599 15955 -3520
42068 235857 222121 1585 15977 -3528
42037 236121 222342 1521 15981 -3538
42003 236275 222450 1521 15971 -3542
41957 236364 222506 1576 15960 -3522
41911 236316 222454 1595 15935 -3473
41874 236570 222657 1539 15931 -3467
41828 236880 222870 1505 15954 -3513
41783 237147 223052 1533 15975 -3508
41766 237259 223146 1578 15973 -3490
41720 237562 223367 1613 15968 -3485
41612 237933 223579 1608 15971 -3472
41491 238245 223748 1581 15969 -3465
41319 238391 223715 1555 15972 -3475
41187 238705 223866 1505 15972 -3487
41022 239093 224027 1485 15949 -3456
40876 239200 223973 1505 15940 -3443
40780 239290 223971 1553 15960 -3461
40661 239536 224064 1588 15968 -3453
40614 239593 224076 1538 15986 -3455
40589 239567 224037 1514 16004 -3463
40596 239228 223801 1522 15992 -3453
40537 239226 223791 1506 15964 -3427
40529 239195 223787 1479 15956 -3412
40474 239100 223702 1415 15978 -3449
40372 239126 223664 1533 15931 -3402
40253 239235 223673 1542 15959 -3412
40168 239225 223625 1556 15976 -3419
40082 239171 223536 1586 15983 -3413
40004 239073 223410 1597 15977 -3393
39891 239238 223447 1594 15973 -3391
39847 239341 223488 1557 15972 -3396
39825 239532 223622 1541 15967 -3417
39753 239545 223574 1588 15961 -3393
39692 239582 223566 1435 15924 -3351
39643 239493 223472 1476 15938 -3340
39551 239598 223492 1580 15973 -3350
39440 239699 223486 1555 15997 -3360
39409 239525 223331 1501 15997 -3397
39367 239413 223230 1490 15984 -3397
39298 239362 223131 1540 15983 -3359
39229 239325 223059 1555 15993 -3351
39144 239276 222956 1491 15986 -3371
38995 239409 222930 1465 15972 -3377
38823 239712 223024 1525 15959 -3357
38723 239772 222966 1619 15959 -3357
38644 239894 222976 1648 15975 -3361
38595 239841 222870 1556 15965 -3370
38578 239812 222816 1495 15947 -3403
38542 239853 222790 1524 15952 -3409
38513 239809 222714 1590 15969 -3425
38482 239770 222638 1617 15981 -3444
38441 239791 222604 1576 15990 -3457
38417 239762 222548 1549 15973 -3457
38369 239974 222668 1547 15925 -3421
38321 239974 222579 1570 15929 -3408
38312 239700 222339 1601 15962 -3424
38274 239802 222343 1568 15981 -3423
38344 239557 222162 1568 15996 -3442
38391 239584 222203 1608 16002 -3446
38421 239458 222138 1607 15981 -3413
38447 239496 222198 1571 15959 -3429
38464 239467 222203 1519 15971 -3456
38466 239472 222222 1594 15967 -3431
38437 239414 222164 1650 15950 -3388
38383 239187 221947 1586 15961 -3408
38342 239262 221997 1554 15975 -3454
38318 239332 222042 1589 15971 -3446
38299 239267 221969 1641 15959 -3431
38264 239217 221916 1637 15954 -3425
38264 239150 221821 1591 15956 -3415
38331 239399 222054 1579 15963 -3430
38399 239836 222390 1629 15990 -3418
38396 239602 222173 1668 15984 -3392
38425 239617 222206 1528 15938 -3368
38452 239475 222102 1602 15965 -3378
38468 239314 221981 1654 15988 -3396
38463 239311 221992 1602 15985 -3413
38446 239194 221882 1570 15976 -3420
38426 239067 221772 1590 15973 -3425
38406 239247 221920 1608 15976 -3427
38372 239395 222015 1611 15977 -3429
38342 239420 221998 1614 15982 -3439
38331 239291 221879 1592 15975 -3406
38335 239253 221838 1590 15954 -3375
38332 239423 221963 1631 15955 -3396
38337 239515 222024 1646 15950 -3426
38351 239507 222005 1637 15954 -3433
38363 239432 221935 1633 15970 -3418
38362 239216 221731 1636 15979 -3430
38370 239227 221730 1638 15981 -3459
38390 239334 221798 1633 15977 -3478
38429 239186 221664 1657 15968 -3478
38455 239091 221579 1599 15934 -3383
38480 238915 221430 1586 15939 -3403
38491 238805 221314 1610 15958 -3438
38536 238710 221249 1622 15961 -3454
38544 238828 221342 1644 15956 -3463
38540 238842 221330 1625 15958 -3462
38584 238808 221308 1566 15965 -3461
38630 238665 221187 1559 15964 -3452
38733 238472 221085 1603 15960 -3424
38825 238273 220959 1611 15942 -3398
38880 237961 220763 1533 15924 -3365
38933 237819 220693 1572 15942 -3367
38984 237743 220661 1718 15958 -3377
39014 237687 220635 1721 15970 -3395
39028 237560 220549 1669 15981 -3419
39048 237585 220584 1673 15976 -3408
39059 237647 220635 1686 15957 -3403
39052 237624 220599 1677 15944 -3409
39068 237377 220406 1652 15959 -3419
39071 237281 220325 1618 15965 -3412
39091 237330 220364 1621 15930 -3388
39131 237648 220645 1689 15905 -3348
39194 237276 220347 1669 15936 -3396
39252 236942 220115 1572 15967 -3423
39298 236907 220126 1634 15975 -3386
39329 237209 220392 1716 15987 -3401
39330 237182 220359 1688 15990 -3427
39361 237025 220242 1654 15984 -3436
39384 236906 220154 1655 15982 -3419
39405 236850 220121 1691 15967 -3405
39412 236933 220188 1674 15937 -3363
39399 236723 219989 1644 15924 -3353
39382 236548 219845 1643 15950 -3380
39381 236558 219852 1656 15973 -3395
39392 236641 219918 1685 15971 -3395
39407 236685 219951 1681 15968 -3399
39411 236390 219725 1654 15966 -3418
39434 236272 219638 1653 15968 -3412
39453 236225 219607 1695 15977 -3396
39445 236225 219604 1741 15973 -3419
39439 236437 219786 1691 15947 -3425
39449 236533 219854 1642 15929 -3412
39465 236515 219823 1679 15936 -3400
39481 236228 219591 1698 15951 -3386
39520 236137 219528 1679 15965 -3400
39533 236292 219679 1678 15973 -3420
39503 236607 219914 1702 15970 -3437
39468 236511 219798 1707 15963 -3442
39480 236380 219694 1688 15974 -3420
39500 236338 219652 1698 15992 -3410
39575 236389 219738 1631 15917 -3365
39634 236263 219671 1615 15925 -3360
39682 236210 219686 1607 15958 -3378
39703 236056 219599 1671 15976 -3428
39725 236335 219872 1767 15989 -3437
39717 236522 220045 1760 16004 -3451
39686 236524 220035 1696 15984 -3466
39651 236481 219977 1693 15952 -3452
39633 236240 219769 1714 15957 -3427
39621 236361 219890 1684 15945 -3412
39581 236553 220017 1640 15915 -3415
39510 236631 220043 1628 15923 -3445
39500 236601 220003 1691 15953 -3433
39511 236730 220112 1727 15964 -3404
39493 236651 220035 1640 15960 -3426
39496 236736 220112 1616 15954 -3442
39521 236860 220232 1708 15961 -3411
39521 236918 220289 1724 15979 -3404
39493 237119 220434 1658 15980 -3445
39470 237125 220425 1618 15962 -3449
39461 237120 220425 1621 15941 -3398
39445 237341 220607 1675 15940 -3374
39415 237436 220656 1700 15946 -3418
39399 237353 220582 1647 15957 -3436
39399 237385 220598 1661 15976 -3418
39389 237324 220529 1717 15977 -3425
39383 237488 220665 1704 15968 -3442
39385 237676 220814 1668 15966 -3448
39378 237599 220733 1672 15964 -3444
39390 237604 220726 1674 15939 -3425
39410 237753 220854 1649 15899 -3391
39440 237929 220996 1679 15914 -3390
39450 238068 221103 1713 15955 -3432
39455 238229 221224 1703 15967 -3465
39462 238134 221130 1706 15974 -3468
39450 238097 221083 1690 15971 -3458
39440 238142 221104 1662 15973 -3459
39448 238231 221193 1675 15983 -3461
39452 238240 221181 1690 15986 -3469
39446 238245 221168 1690 15974 -3471
39442 238265 221173 1662 15929 -3445
39427 238143 221063 1644 15920 -3428
39426 238161 221068 1652 15967 -3442
39430 238105 221006 1666 15974 -3472
39529 238084 221049 1683 15964 -3478
39591 237962 220986 1698 15961 -3448
39619 237676 220793 1624 15956 -3429
39656 237629 220803 1559 15960 -3447
39676 237665 220873 1680 15969 -3442
39650 237791 220980 1768 15991 -3433
39590 237716 220901 1614 15910 -3450
39571 237625 220824 1647 15931 -3449
39563 237604 220809 1701 15955 -3440
39541 237516 220732 1672 15948 -3455
39503 237499 220710 1607 15951 -3487
39454 237438 220653 1615 15965 -3502
39436 237484 220680 1693 15972 -3480
39415 237661 220816 1717 15963 -3441
39404 237675 220818 1637 15963 -3433
39402 237735 220879 1661 15923 -3385
39419 237740 220904 1691 15952 -3397
39428 237813 220976 1668 15969 -3440
39427 237923 221076 1654 15967 -3449
39443 237841 221011 1661 15973 -3445
39450 237783 220963 1700 15983 -3449
39455 237751 220939 1723 15978 -3448
39472 237632 220837 1694 15971 -3455
39480 237583 220809 1683 15976 -3452
39492 237557 220792 1694 15949 -3424
39517 237446 220696 1668 15901 -3394
39533 237311 220596 1663 15907 -3405
39566 237051 220383 1679 15937 -3456
39599 236897 220274 1701 15949 -3479
39639 236848 220245 1734 15956 -3479
39687 236790 220226 1744 15961 -3485
39740 236650 220125 1720 15975 -3494
39789 236486 220006 1701 15987 -3507
39837 236215 219808 1694 15974 -3504
39908 236294 219904 1679 15941 -3488
39983 236141 219808 1646 15929 -3472
40064 236010 219762 1643 15948 -3476
40159 235929 219760 1657 15958 -3500
40245 235894 219812 1652 15948 -3523
40346 236036 220004 1657 15951 -3545
40441 236145 220162 1656 15974 -3536
40557 235879 220042 1651 15977 -3515
40738 235827 220148 1658 15970 -3519
40997 235813 220340 1673 15960 -3522
41338 235778 220630 1669 15941 -3503
41855 235821 221223 1596 15931 -3508
42088 235573 221300 1591 15963 -3528
42182 235090 221130 1694 16021 -3507
42203 234842 221116 1717 16059 -3499
42214 234534 220997 1667 16005 -3511
42202 234490 221063 1648 15888 -3473
42172 234313 220991 1636 15872 -3418
42062 234463 221110 1591 15919 -3387
41778 234202 220795 1574 15968 -3393
40971 233027 219396 1593 16171 -3379
39153 230668 216419 1603 16604 -3333
36804 226040 211393 1650 16881 -3176
34243 218046 203199 1640 16548 -3002
31541 200972 186584 1549 15947 -3040
29737 181706 168150 1590 15747 -3127
29674 173947 161423 1725 15775 -2890
30363 171562 159961 1807 15665 -2498
32202 171352 161393 1806 15477 -2447
34662 172278 164453 1780 15528 -2931
36115 174908 167854 1904 15421 -3036
37492 176225 169969 2243 15751 -2682
38847 176415 171096 1951 16280 -2759
39767 175879 171387 1877 16297 -2992
40528 176161 172268 1968 15935 -3107
41443 177670 174251 1986 15646 -2996
42472 179587 176355 1788 15606 -3122
43404 182154 179112 1650 15805 -3165
43994 183928 181007 1860 15998 -2821
44297 186268 183251 2291 15968 -2716
44629 188322 185196 2275 15667 -3483
44885 190126 186907 2316 15643 -3608
44957 192497 188936 2366 15877 -3477
44971 194913 191004 2440 15955 -3483
45052 197845 193553 2457 15943 -3731
44804 198961 194225 2459 15860 -3958
44617 200161 195122 2472 15587 -3692
44453 201941 196563 2385 15406 -3266
44392 203829 198165 2225 15507 -3246
44562 205139 199482 2246 15668 -3104
44547 206301 200553 2166 15800 -3192
44352 206843 200986 2092 15929 -3250
43774 205939 199898 2056 15865 -3255
42428 204488 197995 2007 15846 -3475
40612 203729 196472 1972 15963 -3702
38941 204038 196006 1957 16081 -3705
37171 205785 196763 1906 16072 -3632
35648 209369 199239 1839 16001 -3617
34504 213929 202579 1821 15945 -3638
33782 218394 206023 1755 15880 -3601
33581 223256 210271 1660 15863 -3573
33518 227301 213760 1695 15882 -3502
33595 230421 216476 1739 15932 -3471
33767 232788 218517 1682 15977 -3483
34066 235260 220769 1720 15998 -3435
34272 236689 222012 1729 15989 -3441
34352 237363 222584 1646 15937 -3470
34467 238170 223389 1626 15927 -3467
34509 238988 224062 1640 15974 -3430
34461 239543 224502 1623 16007 -3341
34428 240055 224948 1618 16012 -3309
34437 240569 225373 1666 16001 -3355
34366 240619 225327 1671 15983 -3376
34237 240858 225490 1646 15970 -3370
34121 241163 225707 1621 15989 -3351
34016 241632 226105 1579 16019 -3322
33907 241930 226360 1564 16012 -3283
33767 242073 226466 1583 15968 -3260
33726 242383 226734 1631 15957 -3228
33768 242689 226972 1623 16007 -3341
33823 242889 227142 1618 16012 -3309
33921 243270 227458 1666 16001 -3355
34019 243729 227878 1671 15983 -3376
34144 244159 228236 1646 15970 -3370
34305 244220 228245 1621 15989 -3351
34497 244233 228224 1579 16019 -3322
34684 244526 228454 1564 16012 -3283
34935 244942 228822 1583 15968 -3260
35184 245411 229232 1631 15957 -3228
35381 245360 229172 1702 15943 -3182
35576 245434 229245 1708 15970 -3204
35703 245385 229193 1645 15983 -3202
35804 245350 229187 1590 15989 -3203
35882 245646 229491 1598 15998 -3209
35975 245868 229710 1574 15992 -3208
36087 246119 229967 1514 15972 -3161
36198 246616 230442 1473 15972 -3143
36256 247125 230915 1519 15989 -3182
36259 247400 231183 1622 15973 -3146
36314 247868 231600 1655 15980 -3125
36399 248123 231821 1612 16004 -3168
36505 248434 232103 1591 15994 -3174
36584 248532 232165 1589 15984 -3126
36659 248624 232239 1599 15982 -3082
36709 248838 232442 1638 15978 -3061
36770 249010 232592 1610 15965 -3068
36865 248961 232515 1573 15976 -3103
36943 248985 232518 1603 15983 -3031
36991 249090 232599 1566 15967 -3006
37057 249168 232670 1505 15960 -3029
37104 249201 232694 1604 15975 -2991
37121 249261 232733 1644 15988 -3027
37155 249349 232801 1580 15988 -3081
37199 249419 232834 1594 15994 -3085
37259 249300 232683 1642 16001 -3056
37317 249181 232549 1681 15996 -3069
37379 249235 232552 1670 15995 -3097
37411 249029 232314 1627 16009 -3071
37432 248811 232063 1613 16000 -3032
37473 248617 231815 1647 15971 -3015
37515 248348 231500 1695 15968 -3028
37561 248241 231358 1692 15978 -3065
37563 248009 231102 1644 15981 -3103
37595 247855 230909 1634 15992 -3121
37663 247351 230333 1662 16006 -3110
37757 246760 229698 1697 16009 -3093
37862 246296 229227 1691 16000 -3097
37943 245612 228574 1659 16001 -3109
38016 245089 228077 1646 15994 -3101
38088 244616 227635 1628 15978 -3070
38144 244295 227355 1612 15988 -3085
38182 244257 227334 1627 16011 -3111
38236 244040 227196 1637 16018 -3088
38299 243766 227041 1653 16001 -3061
38311 243461 226785 1607 15986 -3094
38313 243042 226419 1571 15988 -3126
38342 242968 226365 1673 15996 -3114
38391 242810 226192 1736 16008 -3127
38453 242695 226081 1703 15994 -3139
38502 242251 225693 1665 15942 -3095
38557 242164 225644 1643 15922 -3058
38605 242108 225624 1664 15953 -3068
38632 241897 225443 1683 15975 -3085
38647 241568 225152 1675 15976 -3118
38706 241309 224953 1695 15973 -3157
38768 241214 224885 1749 15985 -3093
38818 241099 224812 1719 16000 -3068
38851 240827 224588 1613 15999 -3127
38912 240768 224577 1663 15990 -3112
38974 240783 224620 1644 15969 -3072
38987 240658 224528 1615 15965 -3092
39012 240577 224479 1632 15975 -3095
39078 240632 224545 1691 15978 -3093
39146 240667 224593 1732 15993 -3103
39201 240350 224277 1717 16009 -3109
39266 240379 224347 1685 15995 -3106
39344 240420 224401 1694 15976 -3122
39417 240520 224518 1704 15987 -3133
39482 240425 224456 1639 15985 -3105
39551 240426 224475 1658 15956 -3116
39619 240348 224410 1677 15953 -3117
39697 240321 224377 1686 15962 -3117
39756 240004 224098 1669 15977 -3142
39847 239939 224046 1644 15999 -3170
39919 239732 223884 1655 16005 -3183
39984 239233 223459 1657 15995 -3171
40053 239218 223522 1642 16001 -3181
40105 239457 223794 1637 15954 -3141
40130 239516 223877 1621 15937 -3153
40138 239562 223946 1583 15950 -3154
40148 239590 223993 1559 15984 -3194
40158 239649 224050 1629 15993 -3231
40173 239851 224254 1736 15983 -3228
40173 239737 224165 1701 15996 -3262
40204 240058 224457 1663 16011 -3284
40221 240080 224477 1699 16009 -3273
40223 239889 224314 1682 15975 -3244
40205 239822 224274 1624 15925 -3208
40213 239852 224316 1632 15928 -3219
40201 239699 224186 1655 15962 -3258
40221 239508 224023 1689 15969 -3228
40249 239340 223889 1667 15987 -3238
40237 239173 223749 1627 16011 -3268
40214 239185 223802 1718 16002 -3229
40212 239349 224004 1735 15988 -3239
40173 239377 224021 1648 15985 -3271
40133 239291 223953 1628 15968 -3259
40117 239355 224033 1629 15927 -3209
40110 239652 224325 1639 15934 -3187
40115 239828 224495 1675 15977 -3209
40136 239936 224602 1677 15987 -3219
40140 240065 224725 1649 15994 -3213
40128 240109 224771 1667 16005 -3200
40126 240339 224997 1700 15995 -3187
40120 240732 225395 1665 15975 -3212
40116 241112 225743 1605 15971 -3233
40112 241156 225779 1589 15970 -3224
40146 241333 225939 1586 15942 -3175
40196 241551 226162 1599 15943 -3151
40238 241652 226241 1656 15975 -3188
40260 241443 226047 1667 15983 -3213
40269 240877 225541 1632 15988 -3217
40271 240766 225490 1617 15992 -3219
40270 240993 225723 1656 15996 -3222
40247 241171 225917 1680 15988 -3230
40219 241437 226188 1647 15973 -3221
40192 241651 226379 1601 15985 -3212
40167 241802 226519 1618 15959 -3176
40126 241799 226506 1739 15975 -3200
40082 241750 226467 1698 15992 -3244
40061 241919 226612 1650 15986 -3256
40035 241953 226617 1666 15981 -3251
40039 241784 226447 1687 15974 -3243
40039 241811 226497 1676 15982 -3248
40055 241783 226473 1633 15976 -3283
40066 242099 226772 1600 15961 -3317
40067 242235 226896 1603 15956 -3210
40062 242076 226741 1510 15976 -3269
40060 242060 226729 1591 15984 -3263
40035 242159 226836 1689 15985 -3278
40017 242430 227073 1654 15985 -3303
39992 242516 227139 1592 15984 -3295
39977 242475 227087 1581 15982 -3283
39969 242464 227070 1656 15988 -3273
39967 242576 227179 1672 15996 -3277
39975 242855 227430 1602 15964 -3237
39969 242811 227353 1638 15967 -3230
39975 242769 227303 1657 15973 -3260
39984 242684 227222 1651 15968 -3278
39989 242652 227176 1639 15969 -3275
39984 242437 226960 1639 15980 -3285
39997 242264 226802 1653 15985 -3298
39994 242350 226872 1650 15982 -3311
39994 242500 227006 1639 15980 -3337
39966 242306 226803 1631 15980 -3328
39981 242337 226854 1610 15965 -3280
40013 242296 226797 1609 15958 -3279
40071 242066 226591 1608 15973 -3304
40116 241867 226419 1583 15993 -3316
40127 241427 226029 1590 16004 -3331
40134 240903 225562 1604 15996 -3318
40160 240852 225548 1616 15980 -3287
40163 240982 225689 1590 15981 -3302
40130 240813 225526 1560 15982 -3342
40110 240622 225355 1649 15981 -3329
40102 240659 225378 1701 15988 -3288
40106 240607 225331 1646 15975 -3309
40087 240528 225267 1603 15954 -3339
40069 240605 225337 1617 15953 -3326
40093 240858 225545 1647 15958 -3323
40113 240972 225651 1643 15953 -3318
40136 240971 225652 1599 15940 -3337
40134 240827 225516 1616 15944 -3375
40143 240951 225625 1705 15966 -3345
40147 241051 225735 1672 15965 -3324
40143 241007 225690 1617 15921 -3262
40133 240840 225523 1704 15965 -3281
40145 240973 225658 1697 15979 -3309
40141 240950 225631 1659 15987 -3324
40145 241014 225703 1651 15995 -3312
40142 241016 225691 1687 15988 -3314
40145 241116 225774 1715 15986 -3324
40161 241176 225824 1724 15981 -3323
40168 241174 225804 1721 15979 -3338
40169 241270 225894 1646 15913 -3299
40175 241280 225881 1681 15937 -3317
40171 241121 225727 1697 15949 -3341
40191 241238 225844 1690 15953 -3370
40193 241388 225966 1676 15962 -3372
40202 241497 226053 1664 15980 -3362
40215 241518 226070 1686 15991 -3366
40226 241590 226131 1703 15987 -3372
40224 241518 226042 1683 15983 -3359
40217 241396 225937 1648 15949 -3328
40223 241546 226089 1644 15930 -3317
40205 241652 226178 1653 15962 -3334
40172 241578 226081 1645 15987 -3346
40128 241051 225569 1673 15977 -3362
40129 240783 225317 1686 15974 -3365
40162 240414 224957 1650 15997 -3350
40226 240302 224855 1628 16002 -3347
40240 239762 224373 1639 15983 -3355
40252 239379 224031 1659 15969 -3340
40275 239152 223845 1630 15954 -3308
40286 239180 223903 1567 15919 -3302
40271 239142 223860 1654 15922 -3316
40270 239120 223856 1751 15977 -3334
40278 239205 223940 1705 15994 -3380
40265 239204 223904 1654 15974 -3412
40264 239109 223824 1671 15976 -3394
40256 239047 223779 1709 15983 -3371
40261 239133 223849 1678 15969 -3370
40264 239293 223982 1633 15971 -3390
40289 239355 224025 1665 15953 -3306
40270 239015 223707 1684 15949 -3289
40284 238893 223617 1595 15957 -3325
40301 239197 223924 1553 15972 -3364
40315 239464 224176 1664 15980 -3355
40309 239260 223966 1702 15990 -3381
40309 239152 223872 1646 15988 -3417
40329 239418 224146 1617 15987 -3409
40349 239657 224364 1650 15989 -3396
40348 239792 224487 1640 15937 -3376
40343 239844 224524 1638 15948 -3387
40315 239726 224406 1686 15965 -3400
40332 239958 224626 1708 15969 -3384
40338 240036 224697 1692 15974 -3376
40354 240219 224852 1671 15983 -3383
40353 240294 224923 1675 15976 -3389
40359 240352 224953 1704 15954 -3405
40358 240288 224898 1721 15953 -3416
40383 240784 225388 1706 15957 -3390
40386 241083 225640 1672 15936 -3379
40387 241219 225761 1680 15940 -3391
40386 241445 225973 1692 15972 -3405
40380 241376 225876 1693 15975 -3418
40373 241234 225737 1707 15972 -3412
40375 241308 225798 1694 15979 -3402
40366 241283 225754 1690 15975 -3394
40360 241222 225688 1697 15974 -3401
40360 241320 225774 1681 15977 -3429
40351 241360 225781 1654 15963 -3418
40333 241029 225465 1635 15923 -3384
40368 241113 225548 1618 15928 -3380
40411 241154 225562 1638 15964 -3387
40484 241025 225444 1652 15959 -3400
40524 240498 224952 1644 15937 -3403
40558 240187 224705 1609 15940 -3393
40609 240322 224860 1549 15968 -3404
40632 240396 224945 1640 15967 -3418
40641 240424 224977 1724 15968 -3436
40631 240361 224903 1659 15984 -3492
40623 240132 224675 1605 15931 -3490
40630 240216 224773 1612 15888 -3444
40631 240241 224769 1659 15918 -3424
40614 240149 224675 1692 15939 -3431
40615 240319 224820 1679 15938 -3447
40624 240269 224724 1678 15943 -3458
40654 240258 224706 1738 15953 -3441
40653 239945 224401 1751 15948 -3379
40664 239792 224261 1668 15953 -3379
40667 239604 224073 1647 15959 -3410
40687 239681 224144 1693 15939 -3353
40693 239532 223997 1667 15955 -3390
40683 239316 223780 1659 15952 -3405
40690 239214 223686 1700 15953 -3394
40688 239110 223575 1750 15966 -3393
40695 239115 223571 1751 15963 -3402
40674 238803 223247 1729 15960 -3407
40660 238632 223088 1701 15976 -3385
40661 238485 222937 1718 15988 -3367
40646 238163 222633 1674 15914 -3321
40638 237955 222434 1698 15924 -3340
40648 237898 222369 1739 15945 -3352
40641 237683 222157 1755 15941 -3365
40651 237581 222097 1780 15957 -3393
40684 237738 222241 1786 15974 -3414
40696 237647 222148 1748 15962 -3407
40721 237678 222163 1734 15960 -3399
40739 237605 222104 1732 15982 -3403
40769 237571 222071 1686 15916 -3366
40796 237521 222016 1691 15921 -3404
40831 237588 222089 1703 15931 -3458
40848 237513 222019 1703 15954 -3462
40877 237558 222057 1705 15983 -3451
40877 237369 221871 1673 15982 -3458
40901 237515 222012 1652 15986 -3459
40915 237344 221854 1680 15977 -3458
40954 237393 221887 1659 15958 -3470
41007 237308 221820 1590 15937 -3428
41062 237104 221635 1541 15919 -3392
41101 236697 221294 1568 15934 -3431
41170 236766 221433 1679 15950 -3469
41210 236877 221578 1692 15972 -3483
41221 236829 221581 1615 15979 -3501
41224 236833 221603 1598 15961 -3504
41231 236970 221761 1619 15947 -3492
41232 237058 221850 1597 15947 -3493
41243 237191 222010 1567 15956 -3500
41265 237535 222343 1561 15950 -3486
41251 237628 222445 1561 15921 -3452
41250 237749 222537 1574 15917 -3400
41257 237840 222656 1551 15949 -3420
41286 237984 222813 1520 15957 -3459
41268 237987 222835 1616 15962 -3443
41275 238268 223107 1651 15986 -3444
41252 238258 223112 1531 15983 -3464
41227 238249 223131 1500 15977 -3473
41210 238311 223197 1570 15992 -3433
41187 238305 223205 1617 15997 -3420
41139 238230 223137 1538 15949 -3395
41126 238324 223241 1537 15961 -3414
41119 238520 223442 1586 15974 -3406
41102 238758 223660 1608 15970 -3402
41063 238607 223529 1592 15963 -3420
41035 238649 223562 1569 15971 -3433
41015 238670 223596 1588 15976 -3428
40988 238720 223636 1643 15983 -3405
40936 238431 223351 1671 15986 -3399
40908 238397 223349 1617 15997 -3420
40886 238495 223451 1538 15949 -3395
40875 238528 223476 1537 15961 -3414
40849 238326 223277 1586 15974 -3406
40855 238263 223230 1608 15970 -3402
40860 238541 223525 1592 15963 -3420
40869 238979 223950 1569 15971 -3433
40871 239258 224205 1588 15976 -3428
40875 239491 224433 1643 15983 -3405
40886 239839 224751 1671 15986 -3399
40844 239815 224712 1602 15920 -3354
40818 239759 224663 1609 15956 -3373
40811 239771 224656 1623 15974 -3389
40858 239787 224696 1615 15961 -3403
40885 239669 224589 1611 15969 -3406
40910 239475 224443 1622 15969 -3403
40931 239469 224494 1622 15960 -3391
40931 239499 224538 1613 15980 -3380
40925 239592 224644 1565 16006 -3397
40903 239833 224868 1545 16016 -3387
40862 239962 224981 1566 15989 -3369
40805 240003 225008 1550 15954 -3391
40758 240195 225180 1512 15958 -3399
40716 240552 225496 1457 15973 -3408
40639 240398 225327 1523 15981 -3407
40597 240397 225319 1658 15993 -3400
40578 240681 225578 1635 15992 -3444
40580 240819 225687 1572 15976 -3455
40579 241081 225945 1568 15969 -3423
40571 241171 225998 1533 15935 -3344
40395 241771 226536 1464 15925 -3349
40392 241952 226685 1480 15960 -3347
40397 242133 226856 1506 15975 -3356
40404 242414 227086 1507 15970 -3385
40384 242235 226881 1481 15972 -3395
40379 242201 226854 1480 15984 -3405
40397 242493 227126 1499 15976 -3408
40408 242694 227286 1494 15957 -3414
40416 242685 227251 1484 15962 -3426
40427 242688 227256 1499 15939 -3395
40418 242651 227215 1534 15915 -3380
40419 242718 227258 1529 15938 -3409
40416 242735 227280 1497 15970 -3421
40417 242892 227411 1516 15985 -3420
40399 242753 227276 1527 15985 -3429
40418 242965 227473 1483 15987 -3431
40464 242879 227389 1466 15982 -3425
40545 242800 227320 1492 15986 -3414
40600 242466 227032 1502 15990 -3433
40649 242406 227023 1499 15938 -3408
40700 242310 226966 1527 15966 -3402
40743 242437 227111 1524 15978 -3434
40756 242459 227122 1521 15963 -3452
40754 242455 227130 1522 15962 -3428
40770 242344 227026 1505 15965 -3399
40755 242207 226882 1432 15958 -3421
40785 242430 227101 1476 15964 -3447
40786 242392 227056 1620 15983 -3438
40788 242347 227006 1542 15961 -3413
40810 242422 227053 1548 15955 -3426
40819 242314 226933 1561 15971 -3409
40847 242046 226703 1576 15978 -3401
40864 242044 226716 1585 15978 -3418
40879 242063 226729 1582 15978 -3418
40878 241887 226563 1585 15974 -3433
40882 241682 226378 1635 15974 -3394
40902 241575 226274 1596 15987 -3376
40902 241386 226112 1556 15934 -3355
40916 241427 226151 1582 15939 -3385
40906 241171 225891 1528 15971 -3431
40901 241025 225762 1544 15967 -3445
40917 241149 225888 1550 15960 -3434
40912 241033 225743 1548 15972 -3418
40934 241029 225740 1572 15979 -3412
40950 240937 225645 1580 15986 -3400
40950 240670 225391 1555 15993 -3381
40980 240729 225437 1551 15972 -3361
40993 240563 225274 1541 15936 -3332
41000 240481 225175 1525 15935 -3335
41030 240567 225266 1543 15955 -3366
41051 240578 225259 1559 15962 -3389
41077 240567 225236 1552 15964 -3408
41098 240448 225112 1560 15968 -3416
41115 240284 224961 1589 15977 -3426
41131 240296 224939 1598 15985 -3435
41130 240231 224892 1587 15974 -3450
41150 240385 225043 1587 15961 -3445
41132 240174 224827 1575 15939 -3404
41141 240143 224794 1555 15931 -3396
41172 240045 224693 1568 15957 -3435
41205 239740 224399 1569 15969 -3465
41240 239396 224103 1563 15973 -3474
41265 239076 223849 1554 15983 -3479
41267 239036 223831 1561 15986 -3473
41266 238996 223803 1590 15972 -3455
41250 238869 223713 1570 15963 -3431
41249 238978 223848 1528 15961 -3391
41250 239145 223997 1481 15946 -3376
41269 239398 224238 1546 15944 -3382
41266 239396 224217 1643 15957 -3402
41328 238048 223106 1626 15978 -3406
41339 238171 223254 1611 15984 -3426
41282 237798 222896 1540 15981 -3443
41110 237147 222255 1527 15966 -3433
40656 235378 220657 1578 15963 -3423
39889 232814 218420 1621 15977 -3446
38309 228084 213992 1548 15937 -3420
35783 217279 203319 1584 15959 -3460
33560 200676 187650 1667 16190 -3535
33065 190354 179063 1721 16734 -3583
33006 187188 176506 1708 16945 -3579
33021 185361 175162 1564 16583 -3456
33486 184354 174480 1583 16151 -3202
34296 182516 173209 1815 15733 -3142
35244 180924 172519 1687 15303 -2950
36331 179955 172552 1403 15068 -2809
37922 180704 174508 1483 15282 -2668
39326 181222 175906 1921 15763 -2847
40513 181513 176923 2214 15938 -3062
41665 183348 179242 2140 15955 -3091
42616 185027 181269 2053 15984 -3006
43281 186497 182958 1999 16012 -2983
43899 188443 185010 2002 16026 -3066
44403 189915 186581 1958 15949 -2993
44725 191126 187852 1906 15814 -3021
44974 192750 189391 2045 15712 -3139
45000 192795 189466 2198 15709 -3227
45075 193306 189984 2272 15843 -3495
45222 194608 191216 2450 15982 -3625
45265 195018 191551 2487 15974 -3499
45249 194592 191193 2528 15910 -3485
45247 195490 191995 2581 15860 -3606
45184 197054 193315 2454 15752 -3581
45156 199936 195807 2376 15673 -3427
45107 202918 198363 2341 15719 -3406
45041 205172 200194 2297 15721 -3359
44779 206325 200989 2242 15696 -3199
44464 207238 201536 2302 15602 -2986
43918 207240 201151 2318 15462 -2925
43202 206813 200311 2185 15510 -3126
42237 205960 198991 2115 15557 -3187
41390 205087 197712 2043 15681 -3238
40400 204746 196835 1977 15907 -3369
39261 204787 196163 1986 15988 -3550
38223 205030 195799 1991 15986 -3694
37151 206062 196206 1958 15971 -3808
36037 208010 197375 1901 15965 -3888
35321 210348 198967 1858 15928 -3841
34824 212976 200859 1874 15906 -3844
34385 216645 203645 1936 15931 -3874
34135 220625 206876 1954 15927 -3835
34156 225041 210806 1926 15911 -3833
34210 228553 213803 1888 15890 -3903
34258 230230 215214 1900 15876 -3911
34350 232251 217090 1928 15922 -3807
34434 234130 218796 1814 15901 -3720
34499 235253 219752 1724 15854 -3796
34560 236555 220903 1685 15860 -3832
34627 237812 222027 1728 15897 -3783
34778 238914 223023 1726 15934 -3700
34872 239945 223931 1727 15967 -3672
34976 240863 224757 1704 15979 -3654
35132 241995 225784 1601 15946 -3607
35303 243121 226782 1515 15908 -3597
35430 243794 227368 1575 15929 -3525
35605 244805 228285 1622 15958 -3485
35792 245545 228943 1542 15989 -3481
35961 246225 229553 1470 16000 -3499
36099 246913 230130 1454 15999 -3494
36275 247231 230421 1428 15985 -3472
36515 247635 230811 1389 15963 -3463
36807 248006 231178 1355 15959 -3459
37045 248483 231629 1298 15986 -3447
37296 248466 231644 1334 15970 -3263
37528 248203 231458 1255 15955 -3262
37734 248018 231343 1230 15981 -3246
37856 248144 231513 1278 16006 -3206
37912 248257 231650 1257 16020 -3189
37969 248146 231568 1217 16022 -3166
38094 247928 231406 1226 16007 -3132
38244 247760 231277 1208 15998 -3105
38361 247748 231294 1202 15998 -3080
38436 247862 231408 1260 15978 -3060
38499 247852 231413 1327 15963 -3010
38616 247707 231281 1306 15981 -2980
38733 247833 231401 1251 16004 -2978
38832 247976 231502 1296 15992 -2967
38920 248109 231617 1339 15980 -2996
38990 247957 231466 1291 15990 -3034
39076 247802 231297 1273 15998 -3039
39161 247625 231125 1310 16010 -3013
39260 247871 231358 1339 16009 -3003
39325 247974 231436 1382 15995 -2999
39398 247826 231306 1404 15989 -2946
39496 247925 231382 1358 16001 -2924
39659 247856 231297 1348 16020 -2952
39829 247773 231218 1370 16015 -2953
39961 247533 231016 1361 16004 -2911
40043 247251 230767 1327 15999 -2914
40098 247011 230579 1305 16009 -2969
40162 246977 230556 1410 16028 -2962
40222 246958 230537 1504 16036 -2946
40286 246880 230466 1456 16036 -2983
40333 246744 230342 1427 15964 -2966
40379 246699 230309 1452 15982 -2980
40415 246743 230334 1442 15992 -3001
40408 246559 230170 1407 15994 -3028
40422 246533 230151 1389 16004 -3072
40392 246444 230064 1437 16012 -3082
40370 246243 229881 1438 16003 -3090
40265 246028 229696 1385 16002 -3118
40123 245640 229354 1449 16008 -3118
39904 245178 228958 1484 16001 -3133
39645 244759 228605 1502 16018 -3160
39415 244388 228309 1500 16020 -3159
39250 244173 228115 1519 16013 -3153
39186 243888 227848 1585 16006 -3134
39161 243597 227578 1584 15991 -3140
39165 243448 227430 1561 15981 -3139
39198 243587 227551 1592 15972 -3133
39246 243805 227744 1637 15974 -3138
39294 243907 227818 1560 15946 -3094
39337 243907 227808 1572 15966 -3133
39406 244145 228032 1592 15986 -3157
39485 244441 228303 1607 15991 -3176
39532 244555 228407 1619 15992 -3182
39597 244814 228649 1603 15988 -3175
39692 245245 229044 1569 15995 -3153
39798 245594 229388 1553 16009 -3145
39889 246139 229900 1522 16012 -3151
39944 246556 230308 1493 15991 -3137
40021 247246 230944 1493 15975 -3123
40122 247708 231362 1483 15979 -3085
40243 247838 231469 1453 15978 -3077
40367 248096 231714 1405 15988 -3147
40468 248309 231922 1474 16003 -3163
40528 248417 232033 1567 16011 -3131
40563 248646 232253 1516 16023 -3175
40584 248980 232555 1429 16019 -3212
40591 249105 232664 1437 16008 -3188
40591 249014 232558 1474 15987 -3156
40601 249038 232578 1471 15945 -3147
40619 249094 232606 1444 15944 -3163
40620 248825 232341 1431 15975 -3188
40630 248635 232138 1518 15989 -3150
40644 248396 231874 1534 15990 -3149
40697 248307 231762 1443 15992 -3191
40724 247936 231390 1480 15996 -3160
40745 247721 231166 1536 16008 -3160
40775 247594 231044 1515 16017 -3203
40799 247431 230856 1512 16005 -3213
40807 247256 230677 1492 15959 -3188
40829 246985 230400 1467 15941 -3179
40845 246532 229944 1515 15971 -3187
40862 246550 229968 1561 15979 -3212
40868 246455 229863 1530 15988 -3232
40880 246240 229639 1519 16004 -3213
40913 246072 229485 1568 16009 -3205
40931 245822 229232 1581 16001 -3221
40940 245610 229008 1540 15988 -3238
40954 245366 228781 1535 15989 -3255
40970 245087 228485 1536 15967 -3198
40987 244572 227995 1556 15989 -3243
41035 244300 227764 1555 16002 -3279
41065 244033 227504 1530 15996 -3303
41090 243838 227329 1519 15987 -3309
41141 243720 227219 1510 15986 -3303
41184 243482 227012 1476 15985 -3322
41252 243642 227206 1443 15995 -3330
41292 243493 227093 1470 15989 -3318
41334 243288 226921 1535 15989 -3255
41403 243147 226798 1536 15967 -3198
41496 242772 226467 1556 15989 -3243
41627 242457 226267 1555 16002 -3279
41759 242196 226155 1530 15996 -3303
41867 242054 226130 1519 15987 -3309
41968 242082 226232 1510 15986 -3303
42031 242008 226224 1476 15985 -3322
42084 242151 226415 1443 15995 -3330
42109 242123 226394 1470 15989 -3318
42135 241840 226144 1494 15924 -3228
42166 241666 226011 1445 15955 -3258
42202 241703 226094 1415 15984 -3328
42252 241889 226261 1492 16001 -3338
42263 241589 225984 1561 16004 -3323
42321 241273 225703 1541 16000 -3331
42383 241256 225730 1555 15997 -3336
42442 241130 225638 1558 15991 -3333
42477 240856 225419 1528 15988 -3332
42500 240656 225282 1513 15949 -3325
42553 240734 225423 1509 15925 -3334
42602 240777 225501 1523 15961 -3349
42614 240738 225495 1550 15974 -3282
42640 240793 225593 1514 15980 -3286
42670 241022 225849 1467 15984 -3335
42678 241025 225867 1555 15979 -3306
42671 240884 225737 1600 15994 -3301
42672 240837 225719 1536 16000 -3325
42688 240991 225896 1510 15987 -3361
42712 241098 226004 1529 15973 -3354
42742 241203 226111 1566 15961 -3302
42776 241249 226158 1564 15963 -3303
42777 241009 225929 1537 15970 -3357
42805 241153 226088 1548 15978 -3377
42803 241242 226169 1582 15982 -3371
42790 241354 226279 1593 15977 -3386
42781 241413 226336 1577 15975 -3409
42771 241351 226294 1547 15982 -3416
42764 241461 226402 1556 15986 -3424
42804 241715 226646 1561 15963 -3421
42809 241486 226417 1545 15936 -3391
42804 241023 226036 1554 15953 -3395
42865 241255 226305 1567 15979 -3438
42894 241421 226499 1560 15977 -3467
42895 241460 226556 1542 15985 -3472
42911 241811 226920 1507 16005 -3460
42889 241887 226992 1489 15987 -3458
42876 242058 227151 1502 15958 -3454
42857 242160 227250 1484 15969 -3415
42827 242162 227260 1444 15991 -3395
42817 242477 227548 1407 15961 -3414
42809 242612 227667 1495 15949 -3413
42798 242613 227644 1565 15980 -3422
42793 242597 227661 1495 15985 -3452
42781 242599 227663 1472 15983 -3470
42787 242844 227909 1490 15978 -3454
42771 242888 227965 1515 15970 -3433
42768 242993 228070 1487 15960 -3453
42760 242893 227979 1437 15957 -3463
42755 242884 227973 1474 15979 -3460
42761 242998 228091 1446 15914 -3364
42746 243012 228106 1389 15951 -3409
42728 242977 228080 1463 15969 -3395
42715 242864 227988 1527 15982 -3404
42714 242898 228035 1459 15989 -3435
42716 242833 227971 1402 15989 -3445
42704 242955 228096 1428 15986 -3427
42683 243052 228181 1494 15978 -3400
42675 243254 228371 1536 15986 -3394
42658 243297 228397 1484 15949 -3353
42656 243413 228506 1528 15962 -3353
42652 243585 228635 1536 15962 -3371
42648 243697 228734 1501 15966 -3384
42637 243723 228763 1501 15968 -3372
42630 244114 229124 1500 15969 -3370
42600 244164 229144 1494 15989 -3388
42558 243964 228946 1506 15993 -3395
42554 243971 228950 1495 15977 -3398
42577 243982 228957 1466 15955 -3374
42586 243811 228791 1456 15936 -3343
42607 243389 228426 1458 15948 -3359
42623 243304 228391 1466 15975 -3378
42633 243399 228506 1449 15997 -3388
42636 243587 228693 1421 16003 -3391
42582 243510 228623 1467 15997 -3382
42508 243420 228541 1502 15985 -3373
42450 243412 228515 1453 15964 -3351
42376 243254 228369 1379 15968 -3368
42305 243037 228175 1407 15949 -3388
42233 242858 228017 1511 15924 -3364
42205 243025 228170 1518 15962 -3391
42180 243109 228220 1440 15973 -3436
42168 242816 227945 1424 15962 -3452
42142 242556 227735 1487 15971 -3432
42127 242506 227716 1522 15971 -3412
42117 242756 227945 1493 15971 -3432
42083 242739 227930 1449 15977 -3458
42057 242742 227966 1484 15981 -3468
42033 242859 228070 1577 15964 -3406
42002 242842 228059 1537 15917 -3384
41973 242962 228165 1436 15908 -3412
41936 243122 228303 1523 15948 -3401
41902 243211 228373 1588 15971 -3412
41871 243154 228298 1515 15971 -3450
41861 243001 228164 1462 15972 -3461
41847 243012 228170 1473 15979 -3449
41842 243180 228318 1528 15975 -3447
41834 243144 228271 1563 15967 -3435
41834 243187 228307 1564 15963 -3438
41837 243292 228396 1536 15938 -3415
41925 243238 228410 1654 15948 -3376
41888 243284 228452 1692 15991 -3392
41879 243326 228467 1619 16004 -3434
41886 243434 228569 1583 15983 -3448
41871 243247 228398 1605 15975 -3411
41868 243431 228592 1631 15989 -3379
41861 243600 228735 1623 15979 -3384
41840 243645 228768 1569 15963 -3423
41823 243574 228721 1621 15945 -3323
41812 243688 228823 1598 15955 -3316
41809 243828 228946 1513 15972 -3353
41808 243904 229018 1568 15977 -3346
41798 243960 229072 1629 15977 -3365
41772 243892 228984 1607 15986 -3366
41750 243811 228901 1582 15986 -3370
41736 243845 228932 1568 15979 -3371
41731 243871 228946 1587 15984 -3356
41737 243833 228912 1595 15984 -3344
41750 243830 228908 1602 15971 -3334
41753 243619 228690 1608 15966 -3332
41772 243360 228447 1604 15970 -3350
41796 243307 228386 1610 15982 -3362
41818 243286 228351 1632 15987 -3356
41837 243249 228305 1626 15981 -3364
41845 242941 228019 1611 15978 -3383
41858 242831 227928 1631 15976 -3396
41885 242917 228000 1656 15984 -3402
41893 242831 227917 1666 15990 -3389
41894 242548 227639 1638 15946 -3362
41891 242345 227458 1620 15930 -3356
41892 242302 227406 1631 15966 -3367
41911 242465 227541 1632 15982 -3381
41900 242257 227338 1635 15982 -3406
41906 242201 227303 1661 15974 -3413
41917 242054 227131 1666 15973 -3382
41966 241740 226834 1651 15977 -3359
41998 241289 226422 1651 15973 -3381
42029 241089 226303 1668 15969 -3407
42043 241006 226240 1652 15935 -3378
42041 240681 225956 1599 15920 -3336
42032 240587 225897 1619 15960 -3345
42023 240696 226022 1658 15973 -3349
41999 240489 225825 1676 15972 -3331
41981 240292 225633 1632 15951 -3333
41970 240262 225608 1540 15939 -3382
41944 240073 225429 1603 15971 -3394
41917 240010 225390 1726 16003 -3349
41916 240097 225457 1709 16017 -3375
41911 240055 225414 1620 15931 -3354
41912 239937 225302 1664 15937 -3336
41921 239910 225300 1695 15949 -3361
41926 239961 225360 1666 15959 -3387
41911 239970 225382 1626 15964 -3424
41903 240078 225510 1668 15974 -3433
41888 240060 225490 1694 15979 -3398
41861 239885 225312 1615 15972 -3403
41830 239850 225291 1599 15967 -3419
41833 240123 225572 1676 15955 -3366
41817 240166 225600 1659 15954 -3313
41781 240025 225476 1627 15958 -3339
41771 240160 225594 1650 15958 -3376
41749 240014 225437 1660 15959 -3384
41715 239688 225117 1689 15963 -3388
41701 239536 224990 1693 15976 -3404
41698 239653 225103 1654 15978 -3403
41677 239669 225113 1646 15976 -3384
41652 239531 224982 1684 15971 -3388
41631 239481 224928 1682 15945 -3382
41626 239466 224924 1639 15921 -3359
41626 239603 225064 1656 15933 -3354
41627 239762 225208 1709 15956 -3386
41597 239675 225137 1695 15959 -3410
41587 239742 225201 1662 15956 -3410
41565 239674 225117 1685 15964 -3407
41565 239933 225391 1704 15973 -3407
41561 240254 225702 1696 15975 -3413
41534 240333 225755 1691 15981 -3418
41495 240160 225583 1685 15974 -3416
41514 240062 225483 1669 15948 -3384
41528 239910 225334 1682 15945 -3381
41539 239791 225252 1684 15953 -3414
41557 239873 225363 1664 15969 -3421
41557 239869 225387 1677 15992 -3411
41534 239816 225343 1702 15979 -3396
41517 239889 225435 1706 15963 -3401
41493 240055 225588 1696 15965 -3367
41468 240153 225678 1687 15962 -3330
41427 240145 225667 1630 15971 -3368
41398 240162 225680 1690 15959 -3342
41363 240202 225720 1681 15967 -3398
41342 240335 225830 1664 15966 -3412
41352 240666 226144 1690 15957 -3404
41335 240539 226044 1688 15957 -3400
41328 240619 226124 1679 15960 -3396
41320 240714 226215 1671 15955 -3392
41311 241023 226509 1641 15949 -3398
41287 241027 226510 1673 15951 -3354
41257 240735 226233 1585 15948 -3359
41252 241042 226536 1669 15933 -3330
41220 241151 226622 1748 15946 -3335
41191 241231 226685 1690 15968 -3373
41170 241339 226798 1640 15966 -3397
41128 241346 226789 1670 15963 -3376
41103 241469 226912 1748 15978 -3349
41072 241600 227028 1759 15985 -3351
41055 241742 227154 1691 15985 -3369
41035 241805 227199 1666 15945 -3292
41012 241793 227164 1702 15938 -3324
41003 241898 227249 1705 15953 -3373
40987 241995 227327 1695 15963 -3392
40964 241984 227297 1709 15966 -3397
40960 242121 227418 1737 15964 -3388
40966 242163 227450 1749 15966 -3385
40963 242227 227501 1740 15974 -3385
40971 242359 227625 1729 15976 -3386
40986 242580 227835 1663 15928 -3329
40984 242870 228094 1655 15929 -3332
40951 242787 228011 1673 15955 -3350
40949 242820 228056 1694 15975 -3366
40953 242697 227905 1693 15983 -3368
41000 242548 227786 1639 15985 -3363
41027 242263 227524 1616 15993 -3374
41056 241926 227243 1656 15998 -3367
41077 241899 227273 1667 15989 -3363
41083 242053 227421 1620 15961 -3341
41059 241994 227380 1567 15932 -3331
41038 242022 227433 1600 15939 -3344
41008 242087 227497 1723 15969 -3343
40963 242105 227488 1725 15983 -3367
40934 242095 227487 1642 15983 -3394
40899 242050 227444 1646 15977 -3396
40847 242017 227416 1674 15959 -3374
40842 242199 227567 1667 15957 -3370
40824 242226 227581 1633 15968 -3375
40823 242169 227534 1604 15968 -3367
40820 242318 227679 1601 15942 -3344
40821 242443 227796 1659 15936 -3292
40809 242586 227934 1639 15967 -3318
40793 242550 227909 1536 15979 -3368
40787 242530 227895 1615 15980 -3352
40767 242618 227972 1682 15992 -3354
40738 242674 228008 1620 15990 -3379
40718 242590 227923 1585 15977 -3389
40703 242695 228025 1608 15978 -3378
40714 242896 228209 1640 15984 -3373
40717 242723 228024 1596 15929 -3340
40711 242673 227978 1603 15961 -3345
40688 242769 228064 1630 15972 -3381
40657 242755 228033 1623 15976 -3389
40658 242886 228159 1624 15980 -3378
40662 243065 228331 1636 15981 -3400
40657 243280 228527 1612 15977 -3416
40662 243395 228622 1620 15981 -3407
40675 243491 228697 1645 15993 -3400
40701 243647 228840 1610 15939 -3357
40705 243569 228740 1617 15955 -3373
40711 243439 228614 1636 15969 -3383
40730 243537 228715 1654 15976 -3380
40746 243777 228938 1650 15979 -3386
40745 243865 228992 1662 15976 -3396
40732 243680 228811 1682 15977 -3388
40743 243694 228815 1666 15979 -3369
40782 243569 228687 1643 15987 -3353
40856 243452 228579 1639 15944 -3285
40896 243030 228195 1651 15952 -3273
40937 242806 228037 1610 15964 -3290
40966 242603 227862 1587 15975 -3346
40993 242471 227737 1707 15991 -3360
41003 242415 227690 1765 16003 -3359
41005 242234 227533 1717 16002 -3384
41015 242188 227505 1692 15984 -3383
41028 242357 227655 1716 15971 -3353
41028 242507 227788 1731 15929 -3323
41009 242255 227544 1678 15890 -3320
40978 242365 227640 1647 15908 -3337
40955 242630 227853 1700 15946 -3359
40942 242511 227711 1764 15958 -3362
40929 241976 227221 1726 15954 -3345
40933 241964 227209 1640 15969 -3324
40920 241775 227040 1669 15972 -3335
40922 241702 226984 1738 15976 -3351
40926 241537 226858 1697 15995 -3383
40919 241391 226722 1633 15998 -3416
40916 241430 226750 1621 15964 -3372
40904 241331 226633 1656 15940 -3343
40867 241037 226358 1702 15960 -3369
40867 240904 226221 1697 15977 -3375
40899 240718 226039 1672 15978 -3378
40941 240561 225890 1684 15975 -3368
40929 240144 225482 1697 15962 -3366
40952 240071 225442 1694 15961 -3378
40947 239884 225261 1665 15967 -3381
40920 239822 225214 1660 15968 -3383
40910 239896 225288 1672 15937 -3336
40873 239930 225341 1661 15925 -3322
40823 239898 225301 1668 15962 -3359
40775 239602 225071 1665 15982 -3377
40712 238841 224402 1664 15988 -3398
40677 238291 223947 1664 15980 -3418
40662 237931 223672 1656 15978 -3408
40702 237960 223768 1668 15994 -3391
40779 237632 223482 1680 15992 -3403
40771 236033 221956 1673 15971 -3401
40854 233344 219728 1572 15911 -3278
41813 232800 220906 1625 16275 -3397
41549 233081 221676 1658 16740 -3400
39391 231151 219225 1551 16675 -3243
35896 220355 208118 1565 16326 -3196
32349 199777 187660 1723 16160 -3096
31004 183099 172336 1845 16107 -3000
43211 189057 185738 2209 15921 -2615
43939 192788 189350 2083 15732 -2842
44523 195635 191896 2028 15715 -2896
44955 198546 194621 2268 15825 -2994
45079 201038 196718 2592 15950 -3117
45274 203879 199260 2726 15996 -3279
45362 205394 200597 2589 15930 -3280
45335 206738 201731 2404 15889 -3156
45232 207427 202252 2335 15911 -3015
45230 208186 202966 2344 15798 -3121
45242 209749 204422 2418 15707 -3153
45197 211583 206056 2371 15666 -2993
45125 212653 206949 2259 15604 -2964
45064 213236 207401 2161 15711 -3081
44757 213546 207450 2172 15882 -3088
44232 213458 207011 2190 15939 -3172
43736 213032 206290 2143 15956 -3439
43020 211790 204717 2098 15969 -3572
41749 210165 202535 2072 15979 -3538
39384 208192 199447 2003 15941 -3422
36977 207389 197467 1949 15934 -3451
35087 208576 197417 1969 15971 -3670
33693 212150 199626 1946 15957 -3767
33055 216861 203438 1912 15947 -3743
33042 222644 208833 1937 15961 -3679
33142 227523 213351 1979 15986 -3558
33343 231063 216750 1967 15988 -3519
33408 233066 218566 1897 15971 -3599
33500 234961 220316 1868 15955 -3616
33662 236852 222019 1870 15945 -3515
33797 238243 223361 1863 15935 -3424
33886 239410 224429 1805 15914 -3343
33989 240473 225389 1724 15909 -3326
34079 241317 226105 1666 15936 -3367
34198 242466 227116 1686 15971 -3359
34334 243375 227879 1733 15989 -3273
34423 244033 228454 1673 15981 -3231
34614 244657 228999 1632 15990 -3223
34865 245363 229632 1696 16000 -3167
35047 245904 230085 1659 15996 -3166
38341 248627 232023 1448 16002 -3031
38405 248730 232105 1396 15979 -3002
38443 248712 232083 1419 15973 -3005
38473 248724 232092 1460 15998 -3033
38511 248897 232273 1436 16016 -3057
38513 249070 232439 1393 16016 -3092
38529 249101 232476 1377 16010 -3099
38543 249100 232483 1403 16002 -3089
38547 249272 232640 1432 16002 -3103
38546 249380 232743 1436 16007 -3101
38549 249511 232864 1440 16019 -3062
38559 249699 233055 1470 15968 -3017
38540 249888 233236 1485 15987 -3046
38518 250087 233412 1487 16003 -3079
38510 250135 233475 1469 16003 -3108
38500 250227 233564 1483 16001 -3113
38490 250421 233748 1508 16007 -3109
38479 250551 233872 1509 16011 -3109
38456 250622 233936 1498 16013 -3119
38435 250689 234010 1498 16013 -3136
38414 250690 234019 1440 16019 -3062
38372 250795 234108 1470 15968 -3017
38336 250821 234128 1485 15987 -3046
38297 250592 233924 1487 16003 -3079
38280 250543 233862 1469 16003 -3108
38329 250360 233669 1483 16001 -3113
38407 250268 233573 1508 16007 -3109
38458 249937 233255 1509 16011 -3109
38514 249609 232964 1498 16013 -3119
38555 249282 232649 1498 16013 -3136
38533 248896 232274 1500 15991 -3039
38518 248574 231967 1475 16005 -3050
38496 248187 231560 1476 15999 -3090
38460 247740 231103 1495 15994 -3093
38428 247282 230644 1515 15995 -3059
38410 246949 230295 1445 15992 -3082
38364 246568 229931 1437 16002 -3114
38339 246622 229977 1585 16019 -3089
38323 246483 229815 1610 16035 -3103
38324 246462 229774 1512 16011 -3113
38272 244711 227871 1565 15955 -3107
38264 244442 227598 1528 15959 -3147
38266 244300 227445 1514 15958 -3162
38265 244226 227370 1556 15969 -3138
38280 244247 227401 1633 16000 -3107
38277 244151 227292 1637 16015 -3103
38280 244050 227193 1584 16010 -3119
38296 244065 227203 1579 16011 -3128
38323 244180 227300 1607 16006 -3114
38337 244144 227261 1609 15985 -3091
38324 243954 227061 1600 15977 -3126
38301 243757 226870 1614 15984 -3182
38322 243710 226802 1638 15981 -3204
38359 243452 226521 1648 15971 -3197
38446 243206 226242 1640 15970 -3197
38513 242765 225809 1619 15977 -3213
38613 242290 225464 1595 15986 -3196
38699 242162 225430 1586 15997 -3163
38764 241978 225295 1554 15997 -3143
38833 242029 225380 1519 15998 -3083
38881 242187 225550 1532 15990 -3065
38933 242282 225654 1530 15979 -3098
38984 242339 225694 1478 15984 -3073
39018 242240 225606 1429 15994 -3096
39050 242159 225529 1454 16008 -3132
39131 242396 225759 1555 16015 -3135
39192 242521 225858 1573 16019 -3165
39288 242665 225979 1534 16020 -3167
39327 242658 225983 1538 16001 -3160
39365 242636 225967 1486 15907 -3097
39567 243412 227015 1587 15998 -3121
39568 243497 227113 1620 16011 -3123
39570 243842 227456 1563 16009 -3154
39574 244069 227680 1508 15991 -3162
39606 244258 227853 1519 15984 -3150
39571 244197 227814 1574 15992 -3142
39540 244029 227678 1585 15977 -3149
39531 244192 227861 1515 15949 -3201
39527 244447 228117 1493 15960 -3207
39513 244685 228367 1467 16000 -3214
39516 245339 229033 1377 16004 -3249
39478 245799 229455 1430 15989 -3217
39408 245930 229573 1513 15995 -3224
39365 245976 229615 1500 16003 -3253
39340 245883 229530 1453 15994 -3259
39317 245951 229579 1423 15988 -3265
39287 245941 229559 1486 15996 -3250
39273 246016 229631 1507 15962 -3216
39253 245982 229590 1447 15947 -3215
39232 246079 229663 1420 15977 -3229
39021 246411 229933 1396 15977 -3312
39070 246178 229741 1351 15999 -3282
39082 246033 229637 1338 16002 -3299
39098 246104 229734 1387 16002 -3318
39107 246239 229872 1392 15993 -3298
39085 246193 229824 1357 15983 -3259
39059 246168 229797 1388 15964 -3257
39050 246281 229924 1475 15996 -3276
39037 246437 230058 1444 16014 -3311
39018 246434 230066 1385 16004 -3342
38975 246488 230139 1385 15997 -3314
38946 246786 230412 1423 15993 -3290
38935 246699 230315 1427 15993 -3288
38940 246827 230446 1381 15990 -3282
38910 246846 230470 1344 15992 -3284
38891 246826 230469 1455 15976 -3205
38881 246869 230519 1411 15970 -3223
38848 246990 230646 1331 15975 -3289
38821 247020 230683 1433 15968 -3260
38815 247066 230736 1508 15993 -3245
38779 247101 230760 1423 15994 -3273
38738 247189 230845 1368 15975 -3290
38712 247187 230846 1394 15978 -3267
38692 247269 230929 1437 15980 -3239
38662 247368 231026 1433 15977 -3236
38630 247371 231010 1409 15971 -3226
38615 247407 231043 1395 15977 -3225
38603 247435 231065 1408 15989 -3241
38601 247515 231131 1421 15988 -3245
38623 247514 231132 1426 15988 -3258
38627 247595 231205 1434 15994 -3276
38613 247756 231352 1410 15989 -3283
38617 247830 231408 1398 15985 -3282
38635 247927 231503 1427 15996 -3278
38644 247951 231515 1438 15978 -3272
38659 248070 231639 1410 15948 -3243
38671 248158 231706 1401 15956 -3240
38679 248113 231663 1422 15980 -3269
38694 248152 231694 1418 15994 -3283
38706 248346 231882 1402 15996 -3286
38700 248574 232090 1383 15990 -3279
38674 248483 231979 1379 15996 -3283
38691 248530 232040 1415 15999 -3286
38722 248500 231992 1436 15998 -3281
38810 248486 231997 1387 15998 -3261
38881 248482 232005 1359 15970 -3233
38923 248346 231905 1406 15949 -3231
38957 248298 231891 1422 15970 -3215
38967 248273 231884 1395 15982 -3196
38957 248305 231937 1330 15982 -3231
38931 248395 232036 1374 15990 -3254
38907 248539 232178 1520 16001 -3249
38886 248578 232221 1487 16008 -3273
38859 248516 232161 1387 16008 -3293
38829 248532 232186 1382 15998 -3277
38764 248657 232315 1412 15941 -3224
38754 248924 232540 1386 15958 -3252
38733 249039 232646 1393 15973 -3273
38723 248959 232564 1476 15987 -3290
38699 248857 232470 1551 15995 -3243
38691 248791 232428 1454 15994 -3242
38650 248741 232387 1346 15985 -3264
38619 248755 232401 1437 15989 -3234
38583 248681 232335 1498 16004 -3236
38537 248613 232277 1404 15948 -3225
38502 248425 232103 1404 15973 -3242
38471 248299 231993 1428 15978 -3266
38423 248303 231999 1440 15979 -3283
38411 248058 231757 1435 15984 -3289
38400 247839 231555 1442 15983 -3292
38398 247682 231391 1451 15990 -3286
38411 247655 231367 1454 15998 -3294
38410 247546 231254 1487 16002 -3316
38410 247409 231131 1508 15982 -3296
38415 247278 230978 1521 15952 -3259
38431 247210 230896 1536 15961 -3268
38443 247156 230830 1530 15979 -3284
38458 246928 230606 1523 15982 -3297
38473 246843 230521 1514 15985 -3315
38487 246714 230378 1510 15993 -3313
38510 246690 230350 1506 15998 -3320
38552 246595 230228 1510 15994 -3335
38581 246326 229950 1509 15997 -3324
38590 246234 229845 1502 15984 -3280
38595 246176 229777 1505 15959 -3224
38624 246089 229679 1509 15956 -3243
38652 245937 229520 1503 15969 -3302
38650 245901 229468 1486 15986 -3317
38639 245647 229202 1489 15992 -3313
38673 245635 229182 1507 15991 -3322
38726 245490 229006 1473 15992 -3329
38826 245249 228774 1454 15995 -3322
38903 244901 228434 1504 15988 -3319
38958 244632 228201 1529 15974 -3290
39000 244527 228101 1495 15949 -3234
39027 244462 228057 1423 15949 -3268
39032 244389 227990 1485 15978 -3328
39023 244338 227940 1595 16005 -3339
39026 244166 227764 1555 16015 -3361
39024 244095 227693 1477 15994 -3374
39031 243909 227497 1455 15973 -3365
39021 243654 227268 1489 15968 -3335
39022 243789 227401 1495 15961 -3334
39037 243755 227336 1453 15955 -3340
39065 243696 227290 1452 15933 -3311
39075 243337 226936 1523 15938 -3309
39097 243225 226836 1560 15968 -3278
39119 243034 226653 1482 15971 -3285
39136 242966 226608 1429 15973 -3325
39145 242859 226516 1513 15987 -3299
39155 242677 226341 1528 16004 -3298
39151 242378 226063 1456 16003 -3333
39143 242213 225915 1454 16001 -3351
39138 242102 225823 1503 15998 -3315
39136 242125 225858 1532 15962 -3260
39109 241878 225613 1506 15948 -3269
39109 241846 225600 1507 15974 -3317
39100 241640 225396 1533 15977 -3336
39088 241530 225285 1541 15969 -3336
39065 241396 225161 1559 15971 -3332
39048 241370 225136 1559 15977 -3328
39019 241258 225040 1564 15978 -3338
39004 241202 224981 1584 15980 -3355
38987 241245 225029 1584 15982 -3344
38979 241300 225088 1571 15959 -3263
38981 241414 225203 1585 15968 -3297
38955 241344 225146 1570 15971 -3345
38922 241359 225169 1554 15975 -3355
38892 241305 225110 1564 15985 -3340
38860 241395 225220 1562 15982 -3334
38838 241600 225425 1561 15988 -3345
38780 241382 225214 1570 16001 -3348
38774 241551 225420 1559 16006 -3334
38787 241705 225558 1542 15938 -3268
38810 241725 225575 1562 15936 -3286
38817 241433 225287 1502 15949 -3288
38831 241184 225102 1465 15966 -3267
38848 241353 225298 1444 15985 -3289
38825 241382 225330 1520 15994 -3323
38796 241408 225402 1617 15992 -3338
38772 241595 225609 1558 15996 -3345
38730 241715 225755 1516 16002 -3353
38711 241901 225943 1522 15970 -3310
38669 241903 225944 1521 15931 -3230
38619 242018 226089 1534 15932 -3221
38590 242235 226304 1524 15946 -3262
38563 242331 226400 1523 15970 -3307
38562 242391 226451 1579 15988 -3268
38527 242373 226470 1545 15994 -3273
38519 242586 226693 1439 16002 -3322
38477 242626 226740 1524 15999 -3290
38442 242581 226717 1622 16001 -3272
38408 242534 226689 1526 15983 -3286
38376 242613 226785 1457 15953 -3273
38330 242703 226874 1514 15951 -3264
38298 242732 226912 1597 15970 -3277
38275 242943 227137 1599 15990 -3285
38237 242973 227166 1550 15997 -3300
38201 242963 227159 1534 16000 -3292
38172 243163 227357 1548 15993 -3289
38135 243225 227409 1567 15986 -3295
38087 243059 227242 1582 15992 -3309
38060 243210 227414 1547 15983 -3305
38032 243371 227539 1508 15951 -3252
38024 243424 227595 1535 15944 -3238
38006 243441 227597 1560 15966 -3277
37972 243350 227505 1561 15977 -3294
37976 243427 227581 1567 15986 -3285
37966 243449 227596 1546 15994 -3286
37944 243442 227574 1532 16002 -3293
37928 243388 227524 1532 16002 -3282
37918 243345 227495 1540 15988 -3296
37898 243489 227619 1545 15990 -3321
37847 243366 227510 1518 15975 -3286
37842 243457 227597 1487 15953 -3249
37844 243332 227478 1463 15969 -3263
37874 243177 227322 1506 15995 -3274
37896 242947 227110 1552 16001 -3265
37950 242862 227072 1502 15995 -3267
37964 242828 227060 1439 15996 -3266
37965 242716 226970 1451 16004 -3272
37958 242731 227006 1580 15987 -3268
37935 242785 227075 1655 15981 -3264
37910 242870 227162 1496 15960 -3262
37876 242990 227286 1508 15955 -3278
37858 243056 227350 1543 15966 -3277
37819 242947 227257 1547 15982 -3278
37768 242954 227291 1500 15990 -3286
37746 243303 227621 1488 15995 -3300
37715 243402 227693 1557 16001 -3321
37719 243409 227699 1588 15995 -3256
37698 243328 227648 1481 15998 -3255
37685 243312 227639 1475 15944 -3214
37660 243383 227715 1511 15960 -3230
37621 243453 227787 1432 15977 -3296
37592 243390 227742 1409 15978 -3309
37563 243449 227804 1470 15982 -3291
37538 243617 227972 1540 15993 -3280
37526 243722 228068 1523 15996 -3275
37497 243815 228169 1462 15992 -3279
37262 244744 229038 1512 16002 -3254
37260 244948 229218 1515 15991 -3246
37278 245166 229421 1473 15969 -3226
37311 245244 229466 1490 15960 -3235
37357 245220 229434 1517 15972 -3262
37404 245355 229539 1500 15987 -3279
37454 245312 229477 1504 16003 -3297
37501 245179 229332 1525 16013 -3294
37523 245306 229449 1520 16004 -3302
37540 245389 229497 1513 15982 -3326
37537 245083 229199 1503 15986 -3310
37565 245032 229135 1506 16004 -3293
37628 245031 229116 1519 15945 -3219
37739 244896 228958 1504 15957 -3215
37831 244486 228572 1455 15966 -3236
37889 244263 228375 1511 15974 -3274
37928 244185 228321 1615 15992 -3283
37948 244038 228179 1591 16008 -3306
37953 243837 228001 1542 16002 -3325
37958 243634 227799 1547 15996 -3305
37966 243551 227713 1563 15996 -3292
37970 243381 227543 1532 15923 -3223
37991 243217 227376 1537 15938 -3242
38007 243046 227190 1571 15974 -3269
38004 242844 227002 1609 15993 -3272
38046 242929 227053 1557 15996 -3263
38077 242759 226876 1455 15990 -3277
38117 242444 226560 1507 15980 -3281
38129 242206 226340 1586 15992 -3264
38158 242154 226275 1567 16006 -3262
38169 242004 226135 1555 15965 -3231
38176 241782 225925 1588 15971 -3233
38176 241555 225706 1639 15992 -3260
38165 241359 225518 1627 16001 -3271
38131 241309 225474 1588 16008 -3263
38121 241350 225516 1586 15998 -3250
38108 241365 225514 1592 15984 -3247
38103 241262 225414 1582 15980 -3268
38109 241123 225255 1575 15980 -3264
38117 240912 225041 1578 15971 -3224
38140 240841 224959 1592 15942 -3192
38170 240775 224903 1587 15949 -3209
38221 240950 225053 1548 15972 -3244
38245 240816 224909 1569 15985 -3243
38251 240643 224735 1606 16013 -3222
38238 240586 224675 1588 16015 -3213
38216 240298 224363 1555 15999 -3226
38188 239542 223571 1551 16013 -3217
38162 238601 222612 1576 16027 -3192
38135 237688 221711 1590 16035 -3165
38081 237085 221114 1549 16020 -3118
38012 236470 220522 1528 15989 -3077
37940 235917 220017 1572 15961 -3058
37918 235808 219958 1587 15949 -3067
37905 235583 219789 1543 15984 -3138
37906 235559 219869 1488 16015 -3132
37921 236410 220905 1494 15994 -2917
37852 236598 221141 1531 15965 -2785
37736 236119 220760 1638 15967 -2769
37686 236248 220967 1707 15958 -2700
37698 236376 221112 1652 15949 -2711
37712 236346 221085 1608 15979 -2823
37706 236831 221632 1564 16004 -2865
37644 237453 222307 1543 16042 -2775
37454 237309 222225 1602 16350 -2659
37258 236763 221864 1652 16708 -2554
37023 236273 221702 1675 16570 -2465
36465 235524 221293 1793 16222 -2336
35618 233371 219337 1901 16013 -2228
34662 228474 214507 1874 15885 -2345
33167 219210 204998 1779 15927 -2680
30622 203308 188704 1789 16073 -3055
29196 186217 173421 1808 16007 -3113
30091 178755 168593 1779 15553 -2718
31096 176495 167495 1859 15022 -2355
32732 174356 166416 2020 15063 -2287
35249 174096 167858 2064 15564 -2405
38617 178604 174018 1805 15888 -2663
41142 181984 178297 1676 15954 -2977
43072 185845 182877 1949 15876 -3002
44532 190013 187369 1779 15927 -2680
45066 191870 189267 1789 16073 -3055
45565 194992 192271 1808 16007 -3113
45839 197792 194802 1779 15553 -2718
46100 201465 198137 1859 15022 -2355
46148 203897 200157 2020 15063 -2287
45923 205591 201450 2064 15564 -2405
45637 207100 202513 1805 15888 -2663
45440 209702 204563 1676 15954 -2977
45239 211447 205896 1949 15876 -3002
45150 213087 207337 2251 15814 -2873
45071 214392 208511 2133 15763 -3106
45021 215215 209244 2260 15905 -3476
44999 215721 209708 2357 15977 -3599
44976 216044 210001 2223 15997 -3564
44864 215554 209499 2140 15950 -3391
44540 214842 208694 2133 15742 -3368
43861 213677 207273 2208 15675 -3571
42928 212351 205578 2277 15835 -3704
41963 210666 203557 2233 15904 -3603
33006 234167 219247 1992 15908 -3557
33138 236114 221063 2015 15908 -3517
33285 237515 222382 1982 15892 -3562
33441 238747 223574 1913 15931 -3644
33634 240001 224726 1876 15940 -3694
33830 241422 226035 1893 15881 -3751
34020 242779 227282 1893 15883 -3741
34243 243972 228396 1887 15950 -3682
34426 245057 229429 1902 15972 -3627
34523 245855 230192 1845 15925 -3586
34631 246525 230802 1701 15905 -3575
34722 247016 231235 1668 15944 -3555
34814 247558 231688 1765 15981 -3487
34891 247999 232090 1755 15986 -3473
34980 248449 232500 1699 15966 -3508
35104 248880 232886 1694 15945 -3518
35234 249390 233361 1662 15957 -3499
35393 250042 233980 1625 15990 -3479
35468 250337 234142 1589 16002 -3475
35589 250137 233820 1545 15989 -3449
36456 247028 230401 1405 16121 -3156
36484 247071 230421 1420 16103 -3145
36491 246874 230236 1371 16057 -3072
36529 246922 230247 1206 15998 -3078
36568 247178 230512 1126 15997 -3206
36580 247559 230912 1405 16069 -3264
36629 247822 231112 1660 16099 -3214
36701 248006 231228 1525 16013 -3232
36785 247815 230982 1327 15919 -3297
36846 247686 230787 1244 15854 -3253
36905 247814 230879 1116 15814 -3203
36936 248094 231154 990 15835 -3234
36950 248245 231288 910 15878 -3253
36965 247666 230638 829 15935 -3292
36985 247529 230492 755 15993 -3283
36979 247864 230855 661 16029 -3196
36955 247935 230924 557 16043 -3149
36942 247604 230572 581 16057 -3147
36946 247425 230360 715 16099 -3111
36955 247635 230579 754 16119 -3062
36939 247773 230723 680 16072 -3004
36941 247987 230937 587 16027 -2951
36952 248058 230994 576 16043 -2874
36952 248313 231250 706 16023 -2745
36946 248590 231542 760 15967 -2669
36933 248831 231824 613 15964 -2643
36918 248737 231732 537 15988 -2623
36924 248579 231582 564 16021 -2642
36924 248750 231788 509 16031 -2701
36892 248911 231990 430 16020 -2727
37330 249822 232735 146 15932 -2978
37357 250242 233124 235 15932 -2932
37356 250153 233010 442 15977 -2872
37320 250136 232994 615 16009 -2845
37341 250051 232854 615 16024 -2912
37340 249914 232725 434 16043 -3049
37359 249757 232543 258 16050 -3240
37342 249576 232376 208 16045 -3394
37335 249562 232346 245 16046 -3502
37334 249539 232321 294 16049 -3563
37330 249550 232345 238 15880 -3450
37311 249579 232410 191 15867 -3500
37301 249628 232463 155 15886 -3561
37285 249502 232344 65 15885 -3627
37270 249095 231910 23 15891 -3685
37263 248579 231390 141 15938 -3683
37280 248320 231125 264 15993 -3695
37291 248320 231125 222 16035 -3706
37304 248390 231183 79 16038 -3728
37329 248190 230933 -82 16002 -3644
37367 247955 230655 -148 16019 -3647
37411 247883 230541 -307 16018 -3708
37459 247966 230583 -420 15987 -3791
37523 248001 230545 -348 15965 -3857
37581 247904 230358 -184 15960 -3859
37633 247851 230206 -82 15940 -3847
37688 247867 230146 -62 15922 -3860
37737 248007 230239 -61 15916 -3875
37770 248141 230318 30 15836 -3907
37757 247840 229971 83 15853 -3920
