2025-10-08 23:43:45    绿光---红外光---红光---X轴---Y轴---Z轴
27448 136904 161280 15378 3509 3542
27445 136903 161273 15354 3527 3547
27442 136909 161274 15370 3557 3540
27440 136910 161268 15395 3592 3546
27432 136905 161253 15389 3625 3556
27428 136899 161250 15368 3671 3562
27429 136907 161251 15365 3721 3585
27426 136911 161243 15369 3753 3639
27422 136905 161227 15372 3755 3693
27418 136896 161210 15358 3770 3725
27416 136899 161206 15322 3812 3737
27418 136906 161204 15268 3844 3753
27422 136908 161208 15220 3866 3775
27426 136917 161216 15200 3894 3806
27431 136913 161213 15179 3929 3832
27433 136918 161208 15154 3965 3870
27436 136931 161213 15144 3993 3936
27441 136938 161215 15141 4019 3983
27448 136943 161219 15129 4033 4032
27450 136941 161209 15128 4041 4054
27449 136929 161192 15132 4059 4040
27448 136924 161193 15126 4077 4042
27443 136905 161188 15120 4092 4036
27432 136890 161184 15122 4103 4036
27426 136888 161190 15101 4112 4067
27416 136873 161188 15055 4114 4105
27407 136860 161175 15014 4115 4122
27395 136846 161170 14992 4117 4149
27388 136831 161154 14977 4116 4213
27381 136809 161134 14964 4122 4256
27379 136799 161127 14967 4122 4249
27374 136781 161110 14976 4112 4235
27372 136776 161099 14994 4105 4214
27371 136777 161099 14989 4097 4182
27370 136762 161088 14968 4096 4171
27365 136741 161069 14958 4095 4180
27358 136711 161039 14947 4095 4188
27354 136697 161018 14956 4093 4196
27352 136698 161026 14962 4096 4208
27351 136702 161032 14997 4084 4202
27387 136777 161118 15095 4048 4140
27388 136771 161106 15100 4044 4136
27387 136758 161089 15089 4048 4103
27380 136725 161043 15093 4048 4074
27368 136691 160995 15095 4041 4075
27361 136659 160951 15090 4029 4107
27352 136630 160931 15083 4021 4134
27341 136597 160905 15067 4013 4139
27328 136573 160889 15049 3991 4161
27316 136546 160876 15047 3976 4182
27304 136530 160858 15037 3976 4174
27293 136513 160850 15006 3979 4167
27287 136510 160848 14998 3985 4178
27283 136513 160851 15036 3993 4212
27281 136518 160867 15085 4000 4231
27282 136537 160887 15122 3996 4214
27285 136557 160907 15136 3988 4187
27290 136572 160929 15121 3980 4165
27293 136591 160949 15090 3952 4159
27297 136603 160961 15067 3927 4163
27298 136614 160979 15062 3932 4163
27300 136629 160988 15060 3937 4159
27301 136639 160998 15065 3937 4163
27299 136643 161009 15070 3936 4176
27299 136639 161007 15077 3938 4184
27300 136637 161008 15083 3945 4206
27300 136641 161010 15091 3946 4227
27303 136648 161019 15093 3946 4229
27304 136649 161025 15074 3946 4208
27304 136657 161023 15085 3961 4208
27306 136653 161031 15088 3971 4199
27310 136654 161029 15073 3982 4189
27313 136668 161033 15069 3987 4175
27318 136679 161038 15072 3991 4176
27322 136684 161043 15062 4002 4189
27324 136682 161042 15061 4014 4194
27326 136677 161034 15061 4021 4190
27329 136685 161037 15047 4016 4185
27334 136686 161034 15046 4003 4199
27338 136688 161034 15052 4011 4193
27340 136688 161038 15053 4022 4169
27346 136692 161037 15068 4021 4151
27347 136686 161025 15087 4014 4134
27342 136674 161002 15102 4014 4122
27337 136650 160996 15107 4021 4126
27327 136615 160977 15106 4025 4131
27316 136597 160966 15105 4022 4124
27304 136576 160958 15095 4014 4113
27291 136567 160952 15066 3998 4091
27282 136558 160950 15043 3985 4077
27224 136441 160830 15089 3994 4138
27218 136434 160828 15093 3997 4130
27215 136424 160824 15078 4004 4123
27216 136419 160825 15088 4004 4127
27216 136426 160818 15108 4000 4131
27213 136421 160821 15122 3989 4124
27215 136434 160826 15119 3981 4108
27218 136437 160832 15111 3976 4094
27223 136445 160842 15084 3932 4118
27227 136454 160852 15091 3933 4094
27231 136458 160854 15110 3939 4071
27237 136470 160862 15118 3943 4062
27242 136483 160872 15124 3937 4063
27244 136489 160880 15135 3929 4080
27252 136506 160893 15144 3931 4081
27259 136516 160905 15147 3936 4059
27267 136528 160917 15143 3936 4046
27275 136540 160928 15120 3890 4077
27281 136558 160947 15121 3891 4065
27290 136571 160958 15135 3912 4058
27302 136595 160984 15138 3925 4068
27310 136604 160994 15128 3931 4067
27317 136621 161011 15125 3926 4063
27319 136628 161012 15132 3928 4048
27322 136622 161023 15137 3936 4029
27319 136621 161033 15143 3940 4025
27314 136608 161033 15151 3931 4021
27304 136599 161039 15153 3917 4015
27298 136604 161052 15146 3923 4014
27290 136602 161063 15137 3940 4027
27288 136655 161148 15088 3998 4040
27286 136661 161148 15092 4010 4040
27290 136664 161157 15093 4017 4055
27289 136669 161174 15098 4024 4074
27288 136677 161170 15098 4033 4066
27290 136678 161179 15099 4043 4061
27294 136692 161190 15105 4048 4070
27296 136690 161193 15091 4040 4093
27299 136698 161198 15082 4036 4112
27302 136706 161206 15087 4041 4095
27306 136708 161201 15086 4046 4083
27310 136712 161208 15085 4051 4079
27315 136715 161207 15088 4048 4081
27320 136722 161215 15084 4048 4087
27323 136729 161214 15074 4052 4083
27328 136735 161222 15065 4049 4085
27333 136745 161221 15053 4045 4087
27336 136754 161229 15054 4033 4129
27342 136763 161241 15047 4038 4113
27348 136776 161244 15036 4042 4104
27356 136790 161258 15022 4048 4106
27364 136805 161272 15020 4058 4108
27369 136816 161276 15024 4063 4103
27369 136812 161269 15044 4066 4096
27371 136805 161272 15066 4069 4078
27368 136803 161272 15094 4068 4058
27362 136788 161258 15117 4054 4053
27350 136767 161256 15106 4034 4020
27344 136753 161248 15090 4037 3976
27332 136743 161239 15110 4056 3990
27325 136739 161234 15148 4070 4042
27320 136740 161238 15159 4081 4065
27316 136739 161238 15139 4085 4066
27314 136736 161245 15104 4084 4073
27316 136741 161249 15060 4081 4074
27314 136744 161242 15035 4069 4078
27317 136743 161239 15028 4056 4081
27316 136739 161241 15013 4049 4075
27316 136740 161243 15030 4045 4055
27317 136736 161237 15073 4055 4040
27313 136732 161227 15100 4069 4025
27312 136735 161227 15119 4077 4012
27312 136726 161230 15131 4074 4028
27310 136733 161237 15124 4069 4044
27309 136737 161234 15113 4069 4045
27310 136736 161228 15107 4074 4041
27314 136742 161240 15094 4077 4041
27313 136745 161239 15062 4071 4056
27321 136748 161243 15053 4069 4050
27322 136755 161250 15075 4074 4027
27382 136851 161320 15052 4095 4040
27389 136862 161320 15052 4100 4030
27391 136863 161322 15050 4105 4029
27391 136860 161332 15043 4115 4038
27382 136844 161323 15048 4120 4066
27372 136828 161321 15063 4124 4085
27364 136819 161316 15050 4124 4057
27355 136811 161318 14998 4132 4044
27346 136810 161316 15035 4135 4067
27338 136808 161315 15091 4139 4069
27333 136795 161308 15114 4148 4047
27328 136787 161293 15103 4156 4040
27327 136784 161298 15078 4158 4049
27327 136787 161296 15064 4154 4060
27327 136787 161298 15045 4140 4071
27331 136792 161291 15016 4127 4066
27331 136781 161291 14987 4128 4062
27330 136773 161283 14977 4147 4087
27328 136771 161279 14989 4154 4086
27328 136771 161280 15005 4142 4064
27328 136767 161285 15019 4138 4070
27327 136763 161281 15043 4134 4084
27322 136763 161282 15059 4135 4089
27322 136767 161281 15067 4132 4089
27327 136779 161291 15066 4132 4091
27329 136791 161301 15060 4131 4087
27333 136804 161315 15062 4126 4091
27335 136812 161322 15052 4121 4108
27343 136828 161333 15040 4117 4093
27349 136838 161343 15036 4114 4049
27354 136852 161350 15031 4116 4033
27361 136861 161365 15027 4125 4043
27368 136871 161372 15031 4128 4057
27375 136879 161376 15046 4129 4058
27380 136887 161380 15056 4132 4051
27384 136891 161383 15057 4127 4059
27390 136898 161382 15050 4118 4064
27393 136900 161383 15029 4104 4067
27397 136900 161378 15021 4099 4074
27400 136903 161372 15045 4099 4067
27403 136899 161361 15061 4094 4065
27407 136883 161346 15053 4096 4050
27406 136864 161315 15054 4104 4037
27399 136819 161259 15075 4107 4041
27391 136788 161233 15078 4107 4054
27381 136753 161202 15062 4113 4077
27362 136694 161150 15049 4119 4087
27342 136635 161103 15001 4112 4105
27321 136574 161042 14993 4120 4096
27302 136520 160986 15019 4128 4109
27280 136466 160926 15055 4131 4129
27265 136443 160892 15069 4131 4144
27246 136403 160844 15059 4133 4158
27234 136373 160803 15046 4126 4145
27223 136380 160781 15029 4113 4110
27215 136396 160784 15013 4101 4093
27213 136447 160806 15011 4086 4103
27215 136495 160850 15020 4075 4145
27209 136541 160872 15044 4078 4170
27205 136546 160900 15094 4063 4162
27188 136522 160879 15108 4046 4135
27140 136437 160798 15054 4039 4101
27115 136357 160764 14941 4029 4084
27104 136341 160800 14791 4041 4088
27093 136334 160820 14715 4069 4167
27076 136315 160827 14572 3992 4259
27082 136340 160885 14301 3891 4085
27089 136366 160935 14465 3943 4071
27107 136423 161011 14903 3989 4262
27124 136473 161071 15098 3963 4181
27134 136507 161110 15272 3948 4004
27151 136524 161134 15528 3950 3914
27165 136526 161159 15761 3963 3894
27184 136532 161177 15927 3992 3850
27198 136533 161182 16052 4014 3784
27202 136540 161195 16051 4009 3735
27216 136560 161214 15912 4019 3722
27229 136591 161251 15719 3997 3729
27241 136614 161274 15513 3954 3734
27248 136620 161281 15296 3907 3711
27256 136644 161304 15015 3853 3671
27272 136675 161332 14753 3846 3678
27280 136692 161348 14614 3857 3747
27287 136709 161374 14576 3869 3842
27303 136739 161400 14569 3907 3942
27316 136772 161427 14568 3959 4055
27325 136791 161440 14572 4005 4184
27333 136792 161448 14604 4030 4371
27338 136791 161468 14570 4075 4407
27340 136795 161496 14559 4116 4433
27337 136797 161518 14552 4142 4450
27333 136796 161533 14550 4164 4470
27331 136802 161553 14599 4189 4493
27331 136816 161569 14704 4207 4513
27329 136813 161577 14830 4234 4507
27327 136808 161563 14943 4268 4453
27327 136803 161562 15079 4341 4363
27328 136801 161564 15112 4347 4314
27333 136813 161565 15117 4331 4263
27334 136820 161572 15085 4317 4210
27336 136813 161566 15032 4303 4174
27337 136806 161554 14974 4277 4169
27337 136793 161554 14909 4252 4149
27336 136786 161536 14866 4221 4121
27334 136781 161534 14866 4193 4097
27333 136781 161536 14901 4176 4075
27336 136780 161536 14940 4158 4076
27336 136780 161536 14975 4143 4077
27340 136781 161543 15015 4129 4061
27341 136782 161537 15056 4110 4044
27408 136909 161633 15129 4041 3891
27416 136927 161647 15133 4041 3906
27422 136938 161652 15122 4039 3938
27432 136949 161660 15107 4036 3952
27441 136958 161670 15094 4033 3967
27451 136968 161676 15099 4027 3967
27454 136969 161672 15074 3995 4017
27454 136976 161667 15086 4008 4019
27455 136965 161665 15106 4021 4012
27447 136946 161649 15101 4023 3974
27435 136919 161647 15087 4023 3938
27422 136892 161623 15084 4031 3939
27410 136863 161606 15091 4040 3967
27398 136842 161586 15093 4054 3983
27392 136823 161573 15091 4071 3984
27383 136807 161554 15078 4088 4022
27379 136790 161532 15083 4091 3991
27376 136770 161521 15094 4090 3972
27370 136756 161500 15098 4091 3968
27362 136738 161470 15095 4095 3968
27365 136727 161453 15098 4099 3963
27364 136714 161442 15108 4092 3944
27363 136698 161424 15103 4087 3927
27363 136691 161422 15095 4085 3941
27361 136682 161414 15073 4068 3994
27360 136676 161406 15072 4060 3969
27358 136675 161405 15082 4062 3954
27353 136664 161405 15087 4065 3947
27356 136671 161402 15094 4059 3944
27356 136673 161403 15117 4051 3938
27357 136676 161406 15133 4055 3931
27361 136679 161406 15125 4065 3928
27367 136689 161415 15114 4068 3925
27370 136689 161412 15099 4065 3938
27371 136684 161399 15075 4057 3963
27374 136686 161403 15072 4055 3965
27377 136686 161402 15087 4065 3949
27386 136696 161410 15095 4078 3940
27391 136719 161428 15100 4085 3935
27400 136739 161437 15097 4090 3918
27409 136760 161466 15097 4092 3904
27417 136779 161479 15104 4094 3904
27425 136789 161484 15112 4094 3921
27428 136791 161478 15112 4093 3935
27431 136792 161473 15096 4085 3943
27432 136787 161485 15078 4072 3942
27430 136773 161477 15068 4075 3925
27419 136762 161471 15076 4083 3935
27411 136753 161471 15104 4092 3947
27403 136742 161475 15130 4100 3945
27397 136736 161477 15133 4102 3953
27393 136735 161473 15127 4099 3951
27388 136734 161472 15115 4098 3957
27389 136738 161475 15093 4095 3964
27388 136741 161482 15056 4084 3983
27386 136740 161476 15065 4093 3962
27388 136739 161472 15077 4096 3969
27390 136740 161460 15072 4097 3963
27395 136741 161464 15060 4107 3944
27395 136747 161475 15069 4110 3957
27397 136750 161475 15082 4106 3980
27398 136743 161464 15092 4110 3974
27394 136741 161462 15091 4106 3968
27395 136747 161466 15076 4109 4021
27399 136746 161476 15096 4103 4025
27401 136749 161473 15113 4105 4004
27402 136756 161480 15113 4103 3967
27407 136755 161483 15111 4109 3947
27411 136765 161492 15103 4124 3949
27414 136771 161490 15091 4129 3960
27418 136736 161470 15100 4073 3926
27414 136735 161471 15086 4069 3914
27416 136739 161478 15071 4072 3906
27416 136739 161470 15085 4053 3933
27416 136745 161469 15088 4058 3907
27416 136734 161463 15097 4059 3921
27419 136731 161456 15107 4065 3928
27420 136729 161455 15123 4079 3907
27419 136725 161460 15147 4087 3896
27415 136726 161451 15157 4090 3898
27414 136714 161452 15150 4097 3900
27408 136701 161428 15155 4099 3896
27407 136681 161407 15113 4076 3930
27401 136674 161393 15106 4072 3945
27402 136671 161391 15101 4071 3962
27403 136671 161389 15084 4067 3983
27404 136672 161384 15067 4060 4000
27406 136664 161383 15061 4050 4005
27404 136647 161354 15057 4038 4003
27401 136625 161325 15057 4028 3992
27401 136613 161308 15065 4015 3990
27407 136605 161305 15091 3983 4015
27407 136592 161290 15110 3976 4003
27409 136588 161279 15131 3982 3974
27411 136592 161278 15138 3983 3965
27412 136603 161270 15141 3984 3978
27419 136620 161292 15150 3982 3981
27427 136629 161302 15167 3980 3970
27433 136644 161306 15173 3985 3956
27435 136648 161310 15176 3983 3956
27436 136639 161300 15191 3968 3984
27433 136624 161301 15199 3944 4008
27426 136604 161291 15205 3934 3986
27415 136582 161290 15200 3943 3955
27402 136576 161286 15191 3944 3948
27392 136573 161282 15181 3934 3948
27386 136574 161293 15156 3924 3949
27378 136575 161307 15135 3918 3948
27377 136576 161312 15134 3915 3933
27375 136585 161312 15149 3918 3926
27378 136615 161352 15158 3925 3930
27379 136616 161361 15152 3903 3957
27378 136622 161360 15169 3930 3948
27378 136625 161363 15175 3948 3944
27383 136632 161365 15182 3957 3934
27386 136636 161372 15184 3961 3931
27390 136644 161375 15174 3970 3937
27393 136645 161382 15178 3974 3937
27396 136653 161382 15180 3977 3936
27400 136659 161388 15175 3987 3938
27404 136661 161390 15160 3980 3988
27409 136662 161390 15149 3990 3999
27413 136674 161390 15132 4000 4001
27418 136679 161395 15106 4007 3993
27422 136695 161397 15101 4009 3999
27428 136697 161408 15104 4010 4000
27435 136705 161410 15105 4016 3995
27440 136707 161411 15106 4019 4004
27439 136707 161404 15109 4015 4009
27440 136694 161391 15116 4001 4010
27438 136681 161397 15136 3993 4008
27429 136660 161389 15159 3996 3989
27420 136642 161377 15159 3999 3978
27410 136631 161367 15161 3997 3986
27401 136619 161366 15151 3995 3994
27391 136614 161366 15125 3998 3986
27386 136613 161369 15100 4002 3976
27379 136618 161373 15103 4009 3992
27380 136617 161368 15133 4023 4025
27381 136625 161377 15150 4032 4039
27384 136635 161382 15147 4021 4047
27382 136640 161386 15144 4020 4054
27389 136645 161390 15139 4027 4040
27388 136649 161384 15124 4024 4022
27388 136640 161385 15112 4019 4012
27386 136637 161378 15112 4004 4002
27388 136629 161372 15111 3991 3997
27382 136623 161365 15126 3985 3991
27376 136610 161346 15135 3981 3976
27370 136588 161322 15127 3986 3975
27366 136570 161301 15119 3983 4003
27360 136560 161287 15126 3992 4024
27358 136552 161270 15145 4012 4026
27351 136542 161249 15143 4017 4034
27346 136530 161229 15133 4022 4032
27338 136514 161197 15124 4022 4028
27331 136482 161149 15121 4021 4029
27316 136432 161084 15124 4022 4034
27308 136408 161040 15126 4027 4048
27294 136393 160998 15119 4029 4054
27028 135888 160569 14954 3952 4080
27024 135902 160619 14859 3947 4102
27027 135924 160679 14606 3797 4081
27036 135957 160740 14331 3723 3933
27052 135997 160792 14524 3791 3951
27065 136026 160841 14834 3799 4131
27084 136048 160890 14906 3822 4134
27108 136082 160949 15104 3867 4103
27116 136098 160945 15448 3922 4165
27113 136100 160936 15720 3998 4239
27112 136097 160923 15957 4075 4213
27111 136092 160912 16156 4102 4097
27106 136083 160912 16197 4079 3969
27108 136077 160911 16089 4025 3857
27108 136069 160903 15912 3966 3758
27106 136065 160903 15622 3907 3658
27108 136075 160918 15255 3853 3557
27111 136088 160940 14954 3827 3529
27120 136106 160963 14780 3833 3593
27123 136116 160974 14766 3864 3724
27191 136169 161045 15001 3882 4193
27200 136173 161049 15076 3885 4120
27209 136182 161059 15165 3902 4031
27215 136191 161062 15228 3933 4001
27218 136199 161068 15259 3976 4014
27213 136174 161050 15263 4017 4045
27208 136144 161027 15234 4046 4090
27196 136112 161013 15191 4062 4141
27185 136089 161000 15123 4081 4177
27173 136063 160995 15039 4093 4178
27163 136052 160998 14998 4036 4110
27153 136044 160985 14994 4029 4027
27146 136027 160983 14994 4027 3955
27140 136001 160961 15017 4020 3922
27135 135989 160944 15053 4010 3911
27133 135987 160951 15077 4005 3888
27134 135988 160952 15090 4004 3859
27130 135994 160950 15108 3999 3850
27132 135997 160949 15132 3992 3839
27133 135987 160948 15172 3942 3819
27130 135992 160946 15196 3944 3796
27131 135990 160942 15225 3964 3766
27127 135977 160939 15259 3975 3751
27126 135971 160932 15275 3981 3741
27123 135965 160922 15279 3982 3738
27120 135956 160921 15283 3977 3751
27116 135952 160908 15279 3978 3753
27113 135939 160892 15268 3972 3744
27113 135934 160891 15267 3951 3761
27113 135930 160884 15261 3920 3796
27115 135932 160882 15233 3907 3799
27117 135930 160883 15213 3910 3795
27118 135924 160878 15211 3904 3800
27116 135926 160875 15218 3899 3799
27122 135925 160872 15217 3893 3798
27124 135925 160864 15211 3880 3799
27127 135928 160862 15204 3865 3813
27133 135938 160869 15210 3861 3821
27137 135947 160871 15224 3859 3822
27143 135954 160883 15220 3840 3831
27151 135960 160894 15208 3836 3828
27151 135978 160897 15207 3867 3821
27155 135973 160891 15212 3898 3826
27156 135964 160890 15209 3915 3842
27154 135946 160886 15208 3930 3856
27143 135926 160879 15195 3943 3856
27134 135914 160887 15175 3946 3859
27126 135903 160891 15172 3940 3858
27120 135896 160896 15175 3937 3858
27112 135893 160893 15142 3906 3900
27106 135894 160906 15165 3923 3908
27104 135901 160909 15189 3938 3908
27101 135909 160915 15196 3942 3901
27103 135918 160930 15195 3939 3907
27103 135930 160937 15196 3941 3910
27103 135938 160943 15193 3934 3907
27110 135956 160961 15186 3926 3890
27113 135958 160975 15184 3921 3859
27115 135964 160976 15174 3885 3867
27114 135958 160981 15190 3898 3872
27114 135957 160981 15194 3920 3856
27113 135955 160982 15175 3931 3852
27112 135954 160979 15174 3929 3866
27113 135956 160986 15181 3931 3880
27114 135958 160977 15184 3935 3879
27113 135959 160978 15193 3946 3866
27116 135962 160990 15196 3951 3853
27120 135969 160987 15194 3938 3856
27124 135971 160987 15190 3925 3886
27123 135970 160984 15183 3930 3886
27125 135974 160988 15183 3949 3862
27129 135978 160987 15191 3964 3863
27137 135987 160995 15191 3976 3868
27143 135992 161007 15193 3978 3865
27151 136003 161015 15197 3978 3861
27159 136020 161024 15196 3980 3866
27166 136029 161032 15179 3974 3877
27174 136042 161055 15156 3966 3894
27183 136065 161067 15138 3948 3912
27189 136074 161076 15126 3940 3906
27195 136084 161074 15129 3950 3885
27194 136073 161059 15154 3951 3873
27171 135986 160973 15174 3945 3861
27123 135831 160801 15181 3949 3854
27072 135691 160646 15207 3955 3845
27035 135590 160532 15214 3959 3822
27008 135527 160466 15201 3955 3803
26994 135501 160434 15194 3958 3800
26990 135489 160425 15224 3959 3870
26994 135504 160444 15237 3977 3850
27002 135520 160469 15227 3987 3829
27012 135550 160500 15217 3979 3821
27024 135586 160545 15211 3957 3820
27035 135612 160575 15186 3941 3830
27047 135632 160603 15164 3939 3825
27054 135653 160630 15167 3944 3804
27057 135664 160641 15183 3939 3798
27062 135675 160660 15195 3909 3820
27064 135682 160670 15192 3882 3842
27066 135685 160673 15171 3873 3846
27065 135688 160682 15161 3874 3841
27071 135699 160696 15168 3890 3840
27073 135712 160708 15179 3913 3838
27075 135716 160717 15190 3933 3841
27082 135727 160735 15194 3948 3841
27083 135737 160739 15197 3962 3847
27089 135741 160749 15205 3966 3861
27092 135747 160751 15207 3933 3875
27097 135750 160757 15200 3938 3871
27099 135761 160761 15208 3952 3847
27104 135766 160765 15205 3958 3825
27112 135780 160773 15193 3951 3815
27115 135784 160775 15194 3944 3812
27120 135787 160779 15199 3944 3815
27126 135800 160785 15202 3947 3811
27131 135805 160789 15200 3946 3805
27137 135816 160797 15207 3934 3804
27138 135812 160788 15211 3908 3808
27140 135808 160789 15206 3910 3813
27139 135798 160783 15210 3930 3805
27129 135782 160773 15216 3927 3791
27121 135775 160776 15211 3920 3778
27111 135768 160778 15193 3922 3769
27104 135767 160778 15195 3932 3770
27104 135767 160790 15227 3941 3793
27099 135766 160802 15255 3946 3821
27097 135774 160804 15259 3950 3838
27097 135774 160817 15209 3949 3870
27112 135794 160861 15132 3947 3883
27123 135815 160885 15103 3941 3857
27126 135796 160878 15235 3961 3842
27128 135803 160884 15160 3960 3901
27129 135800 160883 15105 3962 3983
27132 135808 160886 15071 3981 4028
27135 135815 160895 15048 3987 4034
27139 135821 160901 15037 3984 4018
27142 135826 160905 15038 3967 3991
27146 135829 160904 15052 3970 3947
27146 135814 160887 15091 3977 3896
27143 135781 160847 15134 3970 3872
27138 135745 160803 15164 3958 3865
27136 135712 160763 15182 3946 3858
27135 135690 160741 15194 3932 3844
27137 135675 160723 15199 3923 3830
27139 135675 160714 15207 3926 3824
27139 135669 160698 15204 3922 3838
27138 135661 160696 15201 3912 3869
27139 135654 160702 15201 3923 3871
27135 135652 160709 15198 3940 3855
27124 135640 160716 15173 3952 3847
27120 135643 160726 15143 3969 3858
27112 135638 160740 15150 3981 3884
27106 135644 160753 15165 3981 3887
27105 135644 160760 15178 3984 3868
27100 135649 160762 15190 3987 3849
27099 135646 160768 15189 3968 3854
27101 135655 160774 15175 3937 3861
27100 135651 160776 15177 3920 3852
27096 135654 160775 15191 3913 3831
27100 135660 160784 15198 3906 3812
27099 135649 160796 15198 3937 3866
27100 135656 160804 15194 3944 3851
27102 135664 160806 15185 3950 3855
27109 135679 160817 15185 3953 3858
27113 135682 160833 15185 3950 3857
27117 135693 160836 15173 3913 3885
27122 135694 160844 15167 3922 3872
27127 135690 160835 15173 3938 3853
27130 135691 160826 15182 3943 3844
27131 135673 160809 15184 3946 3827
27132 135665 160796 15189 3947 3808
27137 135670 160805 15202 3940 3806
27141 135678 160807 15212 3936 3810
27146 135681 160804 15204 3944 3813
27142 135668 160789 15219 3948 3856
27137 135634 160757 15219 3957 3837
27133 135603 160736 15202 3967 3812
27119 135554 160697 15184 3974 3822
27100 135489 160637 15190 3984 3850
27075 135425 160574 15208 3992 3860
26899 135154 160132 15187 3936 3913
26894 135197 160155 15181 3921 3918
26900 135266 160229 15159 3911 3925
26898 135321 160270 15112 3900 3918
26904 135349 160324 15010 3897 3982
26880 135335 160283 14987 3946 4005
26857 135265 160244 14837 3890 4079
26842 135211 160224 14558 3811 4070
26830 135181 160229 14569 3834 4064
26821 135168 160241 14785 3859 4073
26822 135178 160279 15043 3874 3985
26824 135194 160318 15397 3843 3922
26834 135214 160357 15676 3788 3887
26840 135225 160381 16023 3705 3770
26851 135236 160400 16020 3702 3667
26853 135225 160399 15951 3684 3583
26860 135219 160382 15828 3654 3500
26868 135214 160395 15682 3616 3449
26872 135194 160380 15477 3558 3440
26869 135163 160346 15236 3531 3418
26874 135146 160346 15109 3582 3421
26877 135145 160334 15097 3636 3472
26879 135155 160340 15080 3681 3612
26877 135146 160330 15056 3743 3691
26876 135133 160312 15031 3793 3741
26869 135116 160296 15024 3827 3801
26858 135099 160299 15022 3847 3858
26850 135101 160314 15031 3857 3892
26843 135103 160328 15041 3856 3938
26840 135106 160344 15055 3845 3979
26837 135115 160364 15093 3828 3974
26836 135129 160383 15137 3807 3940
26838 135147 160411 15179 3796 3925
26847 135173 160438 15237 3819 3925
26854 135200 160482 15319 3856 3911
26862 135224 160506 15372 3882 3882
26867 135235 160524 15374 3916 3863
26872 135232 160522 15352 3947 3865
26869 135212 160506 15301 3967 3878
26864 135188 160488 15241 3976 3895
26862 135172 160472 15171 3975 3898
26854 135145 160443 15097 3974 3911
26848 135119 160412 15037 3957 3953
26837 135086 160382 15002 3943 3980
26828 135056 160343 14988 3951 3974
26820 135027 160312 14998 3949 3961
26813 135001 160278 15055 3935 3949
26810 134990 160271 15138 3928 3936
26808 134986 160264 15201 3934 3914
26812 134981 160269 15229 3940 3905
26810 134963 160308 15168 3891 3874
26801 134955 160302 15184 3901 3883
26799 134948 160288 15188 3927 3866
26797 134951 160298 15176 3942 3849
26796 134948 160294 15184 3952 3872
26792 134936 160272 15194 3957 3890
26790 134928 160260 15194 3963 3891
26782 134913 160248 15188 3965 3900
26777 134899 160232 15185 3957 3905
26772 134889 160217 15185 3944 3900
26771 134889 160225 15179 3921 3901
26771 134889 160229 15183 3914 3892
26777 134892 160243 15193 3926 3873
26780 134909 160263 15207 3932 3874
26784 134925 160278 15207 3931 3879
26785 134934 160290 15192 3930 3880
26791 134950 160310 15194 3928 3880
26794 134971 160324 15196 3922 3880
26800 134981 160343 15185 3911 3873
26806 134995 160353 15179 3907 3866
26813 135012 160367 15179 3921 3901
26819 135031 160384 15183 3914 3892
26827 135035 160399 15193 3926 3873
26835 135044 160400 15207 3932 3874
26837 135059 160415 15207 3931 3879
26843 135067 160424 15192 3930 3880
26847 135079 160424 15194 3928 3880
26855 135087 160435 15196 3922 3880
26863 135105 160447 15185 3911 3873
26870 135115 160456 15179 3907 3866
26873 135114 160448 15189 3884 3872
26873 135101 160440 15209 3896 3855
26871 135083 160430 15216 3903 3843
26864 135056 160420 15211 3910 3828
26854 135037 160405 15210 3923 3827
26836 135014 160400 15221 3936 3837
26830 135002 160396 15221 3935 3838
26821 135003 160401 15209 3931 3830
26815 134997 160393 15211 3922 3822
26809 134987 160382 15226 3901 3843
26806 134976 160375 15239 3912 3859
26806 134976 160366 15239 3943 3846
26805 134972 160359 15233 3954 3834
26807 134969 160360 15222 3957 3833
26810 134973 160359 15205 3953 3838
26809 134960 160351 15194 3948 3843
26808 134953 160341 15181 3938 3846
26809 134950 160345 15174 3924 3840
26806 134933 160331 15178 3921 3842
26807 134924 160329 15180 3874 3854
26837 134989 160391 15195 3898 3855
26847 135007 160402 15211 3916 3852
26851 135021 160414 15223 3925 3849
26858 135033 160437 15224 3927 3842
26870 135050 160446 15213 3929 3829
26868 135041 160433 15205 3931 3814
26880 135064 160456 15208 3930 3808
26886 135077 160469 15210 3920 3809
26891 135078 160470 15219 3905 3811
26884 135069 160471 15214 3876 3820
26879 135059 160472 15206 3867 3828
26874 135053 160486 15223 3886 3821
26867 135052 160488 15237 3893 3813
26862 135056 160500 15241 3880 3829
26859 135062 160511 15257 3858 3836
26861 135071 160529 15243 3872 3797
26860 135074 160527 15221 3896 3776
26863 135086 160544 15234 3898 3788
26863 135095 160556 15252 3893 3793
26871 135108 160565 15260 3857 3817
26875 135117 160580 15257 3867 3804
26884 135121 160595 15259 3884 3811
26884 135126 160599 15249 3905 3823
26893 135143 160616 15212 3922 3823
26897 135158 160637 15172 3914 3831
26895 135160 160637 15149 3898 3844
26898 135168 160654 15137 3890 3867
26904 135192 160679 15143 3874 3886
26912 135208 160693 15166 3832 3901
26915 135217 160706 15165 3846 3879
26918 135218 160714 15143 3875 3847
26922 135215 160715 15134 3882 3829
26929 135225 160724 15169 3878 3864
26936 135232 160741 15211 3889 3920
26944 135248 160754 15226 3917 3945
26951 135260 160767 15213 3948 3940
26957 135275 160775 15194 3973 3946
26963 135286 160790 15197 3940 3991
26967 135297 160791 15198 3931 4005
26974 135307 160804 15199 3932 3971
26982 135319 160815 15199 3929 3932
26991 135339 160829 15199 3916 3916
26994 135346 160836 15201 3900 3920
27001 135346 160831 15198 3889 3923
27003 135343 160832 15185 3892 3923
27004 135336 160845 15180 3889 3925
26999 135325 160840 15170 3874 3924
26988 135310 160846 15143 3852 3910
26980 135300 160844 15140 3853 3887
26971 135293 160837 15177 3883 3880
26969 135292 160846 15216 3906 3888
26963 135292 160852 15236 3912 3886
26960 135293 160850 15242 3914 3880
26960 135302 160864 15245 3919 3879
26965 135316 160876 15228 3915 3883
26965 135323 160882 15203 3900 3896
26967 135328 160875 15176 3875 3905
26972 135332 160873 15138 3845 3913
26972 135331 160878 15131 3843 3911
26974 135331 160889 15163 3861 3904
26971 135331 160895 15175 3873 3894
26973 135323 160886 15173 3878 3894
26973 135325 160893 15172 3883 3912
26974 135321 160898 15169 3892 3931
26968 135299 160867 15177 3893 3941
26967 135289 160856 15190 3884 3925
26969 135289 160854 15195 3880 3901
26970 135290 160861 15199 3837 3926
26976 135300 160867 15224 3850 3909
26982 135313 160883 15233 3863 3882
26989 135327 160898 15229 3864 3873
26991 135340 160914 15225 3865 3877
26997 135358 160924 15216 3865 3879
27002 135368 160936 15206 3864 3862
27009 135378 160943 15203 3871 3843
27013 135386 160947 15195 3875 3832
27019 135388 160957 15196 3856 3861
27026 135394 160962 15211 3861 3863
27034 135410 160970 15220 3880 3865
27036 135408 160966 15221 3887 3854
27037 135399 160961 15230 3890 3850
27036 135386 160959 15244 3895 3839
27028 135370 160945 15243 3887 3810
27019 135352 160942 15235 3880 3797
27008 135338 160942 15234 3887 3812
26999 135325 160942 15239 3893 3841
26988 135312 160925 15243 3896 3857
26981 135301 160917 15253 3902 3851
26977 135298 160909 15254 3915 3857
26968 135267 160881 15234 3927 3875
26962 135248 160861 15203 3931 3876
26956 135221 160832 15182 3924 3871
26950 135197 160803 15171 3916 3875
26948 135187 160791 15166 3915 3874
26946 135173 160776 15175 3912 3869
26947 135175 160783 15182 3900 3865
26949 135182 160786 15176 3874 3877
26946 135188 160794 15183 3865 3903
26947 135202 160803 15194 3881 3912
26949 135216 160823 15198 3888 3918
26947 135223 160830 15206 3886 3932
26944 135229 160835 15207 3888 3947
26946 135245 160850 15202 3879 3951
26949 135262 160861 15200 3875 3936
26951 135274 160865 15197 3889 3914
26951 135275 160867 15192 3902 3905
26950 135270 160851 15179 3887 3922
26948 135256 160832 15183 3919 3923
26942 135233 160796 15179 3939 3937
26935 135204 160760 15178 3934 3937
26923 135172 160716 15176 3919 3927
26916 135160 160687 15164 3913 3924
26909 135159 160654 15143 3918 3925
26906 135173 160658 15135 3915 3926
26905 135207 160673 15147 3906 3917
26903 135235 160688 15126 3877 3953
26899 135254 160704 15102 3891 3973
26879 135237 160669 15053 3903 3980
26859 135182 160638 15013 3909 3992
26793 135068 160495 14989 3912 3976
26756 134977 160438 14970 3902 3939
26737 134918 160428 14874 3835 3994
26709 134845 160383 14606 3761 3945
26676 134787 160338 14736 3806 3987
26655 134731 160297 15404 3839 4080
26650 134701 160310 15534 3816 3957
26654 134705 160324 15672 3764 3883
26641 134707 160300 15804 3722 3855
26638 134706 160278 15912 3725 3810
26623 134661 160223 15904 3725 3749
26624 134621 160188 15656 3720 3732
26623 134602 160174 15340 3744 3724
26620 134589 160151 15253 3770 3748
26615 134563 160121 15285 3762 3785
26606 134555 160100 15264 3721 3748
26608 134559 160117 15164 3690 3659
26619 134577 160149 15066 3665 3604
26631 134607 160197 15049 3646 3630
26644 134644 160239 15098 3640 3674
26659 134675 160281 15175 3626 3707
26673 134703 160331 15239 3606 3737
26687 134727 160363 15271 3578 3756
26701 134760 160410 15273 3556 3773
26718 134791 160459 15266 3547 3782
26729 134817 160482 15270 3528 3797
26741 134835 160513 15290 3526 3804
26754 134851 160539 15338 3556 3787
26764 134870 160554 15374 3595 3780
26774 134894 160582 15371 3640 3786
26780 134916 160602 15355 3679 3792
26793 134939 160622 15338 3722 3810
26809 134966 160654 15306 3758 3848
26824 134993 160685 15242 3796 3885
26830 135013 160707 15181 3831 3933
26837 135015 160713 15123 3827 3960
26843 135022 160735 15085 3852 3928
26841 135013 160749 15061 3869 3922
26838 135015 160764 15081 3879 3937
26830 135006 160779 15122 3891 3929
26822 135003 160786 15158 3899 3901
26826 135039 160874 15227 3918 3786
26825 135032 160873 15217 3919 3784
26823 135024 160864 15214 3907 3791
26823 135013 160861 15211 3877 3803
26821 135002 160853 15218 3861 3793
26818 134996 160847 15231 3865 3779
26818 134991 160841 15241 3863 3777
26821 134992 160842 15263 3864 3775
26825 135000 160852 15284 3858 3774
26828 134996 160856 15285 3853 3770
26879 135017 160843 15227 3900 3763
26884 135019 160848 15238 3910 3770
26888 135016 160842 15232 3927 3762
26887 135007 160842 15209 3922 3783
26888 134991 160835 15232 3945 3782
26881 134980 160842 15251 3963 3770
26874 134967 160848 15260 3971 3750
26868 134959 160848 15252 3977 3740
26863 134958 160855 15233 3979 3735
26858 134957 160863 15228 3972 3730
26854 134960 160866 15216 3963 3718
26853 134968 160879 15197 3964 3707
26860 134978 160892 15186 3964 3721
26862 134983 160910 15180 3956 3742
26861 134993 160904 15185 3961 3734
26864 134995 160908 15193 3969 3718
26873 134996 160915 15201 3977 3723
26873 135001 160921 15202 3981 3733
26876 135007 160929 15205 3986 3730
26878 135006 160936 15208 3988 3729
26880 135007 160934 15208 3992 3733
26885 135017 160948 15200 3990 3739
26888 135024 160964 15192 3949 3772
26892 135041 160972 15206 3955 3754
26896 135048 160984 15235 3969 3736
26898 135051 160991 15238 3978 3737
26904 135063 160989 15226 3983 3755
26907 135070 160995 15216 3982 3765
26913 135071 160995 15205 3973 3773
26915 135075 160996 15193 3960 3779
26972 135078 160985 15206 3944 3756
26963 135060 160972 15215 3955 3769
26958 135043 160963 15211 3954 3770
26950 135021 160959 15219 3957 3778
26943 135007 160952 15226 3973 3770
26936 134995 160946 15218 3969 3763
26938 134994 160943 15196 3955 3757
26934 134983 160923 15179 3951 3745
26931 134966 160912 15184 3954 3739
26930 134963 160905 15201 3954 3743
26933 134958 160901 15219 3954 3743
26928 134943 160882 15232 3962 3731
26931 134931 160868 15234 3951 3778
26933 134924 160854 15233 3964 3780
26930 134910 160841 15227 3977 3775
26930 134894 160826 15211 3980 3770
26926 134884 160810 15196 3982 3773
26924 134865 160792 15189 3988 3774
26921 134835 160760 15203 3993 3765
26916 134806 160724 15213 3995 3759
26911 134776 160683 15213 3991 3764
26908 134747 160655 15223 3948 3791
26902 134716 160614 15223 3944 3768
26900 134684 160582 15219 3948 3748
26899 134660 160545 15212 3949 3749
26895 134628 160506 15207 3946 3756
26894 134591 160468 15210 3937 3759
26892 134558 160427 15222 3943 3746
26893 134536 160401 15225 3948 3739
26890 134525 160380 15232 3943 3743
26895 134512 160369 15243 3936 3739
26896 134489 160341 15249 3915 3732
26897 134469 160308 15268 3902 3732
26893 134443 160275 15274 3913 3743
26894 134418 160243 15248 3922 3749
26894 134386 160205 15221 3932 3747
26892 134349 160159 15221 3947 3771
26889 134309 160127 15236 3954 3798
26885 134277 160111 15238 3962 3806
26877 134251 160083 15231 3964 3814
26868 134220 160063 15215 3951 3823
26860 134197 160054 15188 3934 3846
26854 134184 160044 15174 3927 3853
26853 134180 160042 15166 3927 3826
26856 134183 160048 15164 3927 3805
26856 134188 160062 15184 3938 3800
26861 134204 160079 15208 3944 3800
26868 134230 160113 15211 3949 3792
26875 134259 160121 15207 3960 3789
26882 134269 160147 15216 3958 3798
26894 134299 160180 15221 3959 3795
26901 134319 160201 15203 3944 3819
26906 134345 160222 15202 3965 3801
26916 134361 160249 15202 3968 3786
26921 134378 160271 15210 3971 3778
26931 134394 160290 15214 3977 3775
26934 134408 160302 15221 3983 3765
26940 134429 160322 15233 3989 3766
26944 134443 160333 15231 3992 3780
26953 134467 160354 15219 3989 3781
26963 134484 160386 15221 3959 3795
26972 134507 160398 15203 3944 3819
26981 134526 160423 15202 3965 3801
26989 134548 160446 15202 3968 3786
27000 134570 160458 15210 3971 3778
27008 134587 160475 15214 3977 3775
27018 134606 160488 15221 3983 3765
27029 134625 160514 15233 3989 3766
27037 134637 160523 15231 3992 3780
27047 134662 160549 15219 3989 3781
27055 134684 160559 15204 3949 3783
27065 134692 160574 15211 3965 3774
27078 134719 160595 15218 3976 3767
27089 134740 160611 15222 3982 3764
27096 134754 160621 15223 3979 3773
27100 134755 160624 15221 3972 3786
27108 134762 160634 15221 3966 3778
27112 134765 160644 15213 3965 3770
27109 134756 160646 15209 3967 3759
27106 134746 160648 15210 3963 3757
27103 134745 160660 15212 3958 3762
27104 134754 160671 15217 3956 3751
27106 134767 160685 15208 3958 3739
27106 134766 160690 15195 3962 3751
27107 134772 160689 15205 3963 3786
27107 134776 160700 15218 3968 3806
27110 134781 160696 15222 3981 3803
27109 134778 160689 15230 3978 3798
27112 134779 160692 15223 3974 3806
27116 134775 160694 15206 3968 3813
27117 134780 160690 15186 3943 3815
27122 134783 160693 15163 3941 3806
27128 134780 160698 15151 3956 3790
27129 134778 160694 15170 3960 3788
27135 134782 160701 15195 3958 3789
27136 134785 160703 15193 3965 3783
27136 134789 160709 15195 3975 3790
27139 134808 160718 15206 3978 3803
27146 134821 160730 15209 3981 3800
27150 134835 160745 15201 3979 3799
27156 134843 160751 15185 3960 3821
27166 134856 160766 15180 3951 3829
27173 134872 160781 15194 3959 3812
27181 134882 160794 15214 3966 3796
27187 134889 160798 15225 3979 3784
27192 134901 160805 15220 3990 3785
27202 134917 160813 15201 3997 3794
27207 134927 160825 15189 4004 3801
27216 134939 160827 15187 4010 3797
27222 134947 160837 15183 4005 3802
27227 134961 160843 15176 3968 3835
27232 134967 160845 15175 3978 3819
27242 134975 160860 15189 3980 3803
27250 134989 160869 15203 3985 3784
27257 134995 160865 15210 3983 3788
27261 135003 160864 15211 3978 3789
27262 134996 160854 15207 3981 3784
27262 134981 160846 15206 3986 3780
27255 134952 160829 15211 3980 3783
27248 134930 160816 15215 3969 3810
27242 134914 160810 15217 3976 3822
27231 134898 160797 15214 3995 3804
27220 134858 160753 15200 3999 3778
27208 134816 160711 15182 4001 3763
27198 134782 160667 15183 4007 3787
27184 134746 160629 15203 4014 3825
27174 134702 160579 15208 4023 3837
27152 134635 160499 15204 4028 3836
27132 134564 160395 15199 4030 3823
27111 134504 160311 15166 3985 3837
27089 134453 160235 15167 3987 3829
27072 134419 160183 15170 3983 3818
27058 134399 160139 15179 3979 3813
27043 134369 160093 15185 3972 3828
27037 134362 160068 15179 3972 3834
27029 134391 160087 15181 3986 3827
27033 134437 160119 15188 3989 3846
27035 134511 160174 15186 3989 3871
27041 134583 160243 15191 3951 3902
27054 134672 160336 15202 3947 3892
27058 134724 160392 15223 3948 3879
27074 134753 160451 15214 3943 3869
27048 134751 160422 15190 3943 3859
27039 134715 160415 15149 3949 3861
27037 134700 160447 15087 3965 3890
27024 134677 160442 15039 3993 3945
27016 134693 160460 15016 4008 3988
27014 134702 160486 14678 3820 3928
27015 134726 160517 14550 3736 3835
27026 134762 160555 14821 3851 3966
27038 134768 160695 15120 4048 3858
27037 134771 160707 15055 4048 3850
27041 134780 160710 15014 4054 3836
27044 134781 160713 15000 4058 3837
27048 134788 160717 15027 4065 3829
27050 134788 160716 15134 4061 3807
27053 134786 160708 15195 4068 3761
27053 134779 160698 15239 4081 3729
27054 134778 160691 15261 4086 3708
27057 134784 160687 15250 4082 3701
27062 134793 160693 15233 4079 3703
27066 134800 160699 15221 4077 3699
27067 134798 160693 15215 4067 3688
27072 134802 160693 15215 4058 3686
27072 134798 160688 15218 4041 3694
27073 134792 160685 15231 4028 3713
27070 134782 160685 15240 4029 3709
27058 134770 160684 15244 4037 3683
27047 134755 160677 15259 4042 3673
27031 134733 160669 15287 4033 3676
27019 134721 160667 15307 4016 3674
27011 134715 160664 15298 4009 3673
27002 134715 160671 15284 4008 3682
26997 134718 160670 15276 3995 3687
26995 134719 160672 15248 3977 3694
26993 134728 160687 15208 3952 3703
26992 134734 160689 15187 3935 3700
26990 134745 160694 15187 3931 3696
26993 134746 160695 15199 3932 3705
26990 134744 160691 15203 3937 3706
26989 134748 160700 15202 3942 3697
26988 134749 160703 15216 3952 3693
26986 134754 160711 15225 3960 3700
26985 134754 160719 15229 3976 3704
26984 134761 160726 15228 3991 3709
26981 134759 160734 15198 3972 3742
26982 134770 160736 15197 3980 3742
26979 134773 160741 15202 3983 3733
26983 134774 160743 15207 3986 3727
26981 134774 160743 15211 3993 3716
26984 134777 160747 15216 4001 3720
26982 134785 160753 15214 4005 3730
26984 134792 160757 15208 4012 3725
26984 134788 160749 15204 4018 3719
26981 134771 160726 15198 4003 3741
26974 134751 160684 15186 4015 3726
26968 134722 160650 15176 4022 3717
26963 134708 160633 15174 4022 3717
26970 134714 160629 15182 4031 3716
26974 134726 160642 15184 4036 3715
26980 134746 160668 15194 4042 3716
26984 134753 160663 15210 4046 3710
26985 134754 160663 15217 4031 3703
26981 134752 160674 15199 3986 3689
26975 134743 160670 15223 3985 3689
26962 134729 160672 15238 4004 3694
26946 134712 160667 15230 4016 3700
26935 134707 160675 15215 4016 3703
26929 134705 160671 15196 4021 3710
26921 134710 160687 15182 4017 3727
26917 134715 160698 15172 4005 3735
26913 134725 160707 15170 3999 3732
26914 134732 160713 15172 3993 3737
26913 134742 160718 15179 3986 3768
26912 134744 160714 15185 3992 3771
26912 134739 160722 15187 4009 3746
26912 134736 160712 15194 4017 3747
26910 134736 160722 15189 4017 3756
26911 134740 160723 15177 4016 3772
26907 134737 160719 15185 4020 3784
26901 134727 160713 15194 4029 3779
26898 134722 160710 15186 4025 3766
26892 134697 160688 15181 4016 3756
26876 134646 160623 15173 3998 3764
26854 134565 160526 15192 4009 3736
26829 134473 160407 15207 4013 3721
26807 134379 160293 15204 4018 3721
26788 134304 160199 15193 4023 3729
26772 134230 160121 15180 4023 3736
26752 134145 160012 15167 4022 3737
26733 134068 159918 15167 4019 3729
26710 133968 159795 15183 4015 3714
26688 133871 159676 15220 3973 3716
26667 133770 159557 15239 3986 3711
26647 133675 159449 15245 3999 3706
26631 133591 159353 15243 4000 3714
26622 133538 159293 15234 3987 3724
26618 133511 159253 15216 3968 3724
26619 133507 159246 15197 3958 3721
26620 133524 159278 15195 3967 3730
26623 133547 159310 15217 3976 3752
26615 133547 159321 15218 3983 3771
26605 133548 159341 15214 3992 3775
26598 133561 159360 15218 3995 3770
26594 133578 159399 15214 3995 3765
26593 133619 159448 15197 3994 3761
26599 133661 159504 15175 3988 3752
26603 133709 159556 15172 3991 3744
26606 133749 159600 15174 3994 3742
26617 133786 159643 15173 3992 3737
26619 133813 159673 15189 3992 3746
26625 133845 159702 15202 3978 3781
26632 133874 159734 15204 3983 3793
26636 133896 159756 15199 4002 3763
26642 133910 159770 15186 4008 3748
26642 133922 159792 15182 4014 3753
26644 133935 159804 15186 4019 3747
26647 133940 159817 15187 4018 3742
26644 133938 159816 15189 4017 3741
26644 133947 159818 15193 4019 3740
26662 133937 159783 15225 3999 3706
26665 133933 159775 15209 3972 3731
26665 133934 159768 15229 3983 3729
26669 133940 159774 15234 3987 3719
26677 133956 159775 15215 3988 3703
26681 133959 159771 15204 3984 3700
26681 133959 159765 15211 3982 3721
26683 133957 159777 15226 3990 3739
26680 133953 159783 15230 3998 3738
26669 133930 159769 15235 4003 3741
26658 133910 159765 15225 3999 3706
26645 133902 159763 15209 3972 3731
26635 133889 159759 15229 3983 3729
26625 133883 159750 15234 3987 3719
26617 133872 159742 15215 3988 3703
26611 133861 159730 15204 3984 3700
26608 133866 159743 15211 3982 3721
26607 133868 159745 15226 3990 3739
26606 133874 159738 15230 3998 3738
26604 133863 159728 15235 4003 3741
26606 133863 159730 15218 3974 3772
26608 133864 159728 15194 3967 3767
26611 133866 159741 15170 3972 3762
26611 133865 159742 15163 3980 3771
26609 133865 159748 15165 3987 3786
26611 133868 159750 15172 3991 3797
26612 133875 159761 15169 4000 3795
26611 133875 159769 15157 4010 3807
26614 133888 159773 15153 4007 3831
26613 133891 159782 15165 4004 3854
26616 133903 159788 15185 4008 3853
26617 133910 159795 15186 4007 3827
26625 133921 159808 15185 4006 3805
26629 133933 159815 15192 4011 3795
26633 133940 159817 15198 4010 3783
26637 133955 159832 15206 4008 3766
26644 133967 159842 15220 4009 3767
26649 133978 159848 15225 4015 3769
26654 133989 159859 15221 4023 3772
26660 133989 159858 15206 4024 3785
26666 133988 159857 15181 4009 3808
26664 133984 159847 15166 3997 3808
26668 133971 159834 15164 4008 3783
26666 133972 159819 15165 4015 3771
26663 133964 159797 15169 4011 3771
26661 133939 159779 15175 4012 3774
26658 133924 159770 15184 4009 3772
26645 133894 159755 15201 4008 3759
26634 133883 159752 15212 4009 3742
26624 133864 159744 15223 4006 3737
26616 133857 159752 15224 3972 3752
26611 133864 159765 15213 3985 3732
26609 133873 159774 15200 3989 3727
26606 133870 159784 15208 4001 3759
26610 133879 159786 15225 4018 3789
26609 133896 159797 15226 4027 3780
26612 133897 159806 15219 4032 3767
26614 133904 159806 15204 4028 3776
26619 133896 159805 15187 4015 3786
26617 133897 159799 15175 3973 3789
26617 133883 159787 15170 3979 3763
26615 133869 159782 15174 3994 3760
26610 133852 159758 15180 4005 3765
26603 133817 159732 15188 4014 3761
26596 133796 159703 15199 4026 3768
26588 133769 159676 15213 4024 3796
26585 133749 159643 15201 4017 3812
26577 133717 159608 15191 4022 3803
26575 133693 159586 15176 4003 3808
26565 133646 159535 15178 3999 3801
26555 133579 159461 15188 4021 3794
26542 133514 159383 15204 4030 3790
26533 133460 159317 15218 4036 3779
26521 133394 159240 15221 4032 3772
26509 133317 159161 15219 4020 3778
26494 133237 159070 15217 4016 3782
26479 133165 158975 15217 4018 3784
26466 133085 158886 15209 4012 3794
26457 133019 158802 15202 3990 3821
26447 132941 158725 15201 3975 3831
26435 132873 158640 15200 3977 3818
26423 132798 158553 15197 3978 3800
26407 132709 158462 15203 3974 3776
26395 132638 158386 15215 3974 3774
26375 132549 158305 15218 3969 3799
26356 132481 158242 15224 3962 3823
26334 132430 158187 15228 3961 3822
26315 132402 158154 15205 3955 3803
26302 132402 158151 15170 3941 3803
26294 132431 158173 15183 3935 3834
26281 132447 158178 15210 3946 3865
26265 132460 158165 15201 3953 3869
26243 132463 158128 15192 3939 3849
26199 132413 158029 15184 3919 3845
26155 132308 157892 15178 3912 3851
26075 132206 157692 15200 3915 3866
26029 132144 157600 15220 3920 3873
25995 132088 157546 15232 3918 3864
25969 132074 157522 15245 3897 3916
25933 132055 157467 15219 3941 3936
25900 132061 157428 15125 3938 4007
25905 132118 157472 14778 3800 3940
25927 132213 157566 14613 3757 3919
25950 132304 157655 14855 3796 3969
25972 132373 157726 15090 3772 3860
26016 132486 157861 15304 3753 3754
26060 132592 158003 15511 3689 3730
26090 132653 158075 15727 3566 3880
26109 132697 158127 15699 3585 3806
26116 132712 158143 15648 3608 3673
26128 132744 158180 15661 3582 3603
26135 132771 158201 15631 3531 3588
26150 132785 158218 15485 3503 3521
26157 132779 158213 15356 3503 3441
26167 132781 158227 15318 3524 3419
26176 132800 158237 15340 3578 3475
26186 132833 158256 15351 3627 3642
26193 132851 158278 15301 3639 3689
26206 132881 158307 15264 3630 3680
26218 132902 158322 15260 3627 3683
26226 132900 158311 15276 3644 3700
26221 132889 158283 15274 3675 3726
26219 132876 158265 15273 3705 3756
26213 132846 158239 15290 3723 3780
26200 132812 158206 15285 3739 3799
26187 132774 158169 15251 3751 3807
26180 132761 158164 15221 3755 3845
26175 132759 158177 15209 3783 3899
26177 132768 158194 15199 3830 3918
26176 132779 158209 15195 3866 3918
26173 132795 158213 15185 3891 3923
26171 132797 158217 15151 3914 3925
26176 132816 158238 15123 3941 3891
26184 132832 158259 15122 3956 3843
26191 132854 158279 15133 3955 3795
26204 132883 158317 15158 3957 3762
26212 132898 158352 15223 3954 3768
26221 132912 158383 15238 3977 3737
26229 132926 158399 15253 3992 3724
26232 132931 158427 15262 4004 3723
26236 132952 158449 15268 4010 3713
26240 132961 158469 15280 4005 3699
26246 132975 158486 15275 3994 3689
26250 132989 158512 15259 3983 3690
26257 133005 158531 15231 3976 3721
26264 133022 158556 15151 3965 3830
26272 133034 158580 15115 3997 3863
26279 133061 158605 15094 4014 3883
26291 133081 158625 15109 4029 3889
26297 133096 158639 15145 4037 3889
