2025-10-19 16:17:18    绿光---红外光---红光---X轴---Y轴---Z轴
1351 1167 5551 12609 9945 2148
1353 1168 5553 12645 9933 2143
1354 1167 5552 12702 9928 2128
1353 1168 5548 12709 9928 2132
1352 1168 5549 12676 9949 2165
1352 1167 5550 12646 9973 2170
1353 1168 5552 12632 9977 2113
1353 1169 5553 12634 9969 2089
1354 1169 5553 12640 9953 2090
1352 1170 5550 12643 9952 2087
1353 1172 5554 12625 9955 2097
1354 1170 5565 12603 9969 2132
1356 1172 5567 12603 9987 2154
1355 1172 5558 12612 9991 2130
1352 1172 5548 12580 10067 2128
1351 1171 5542 12561 10072 2117
1351 1171 5544 12569 10043 2117
1351 1171 5547 12622 9996 2120
1351 1170 5545 12693 9942 2122
1350 1172 5544 12712 9910 2120
1350 1172 5537 12699 9897 2114
1350 1172 5535 12691 9890 2092
1349 1168 5537 12674 9870 2081
1351 1172 5540 12685 9758 2204
1352 1171 5543 12708 9759 2230
1352 1171 5545 12729 9803 2201
1353 1172 5552 12718 9838 2195
1354 1174 5558 12684 9867 2220
1356 1173 5565 12654 9908 2226
1358 1171 5569 12628 9954 2200
1360 1171 5573 12603 9999 2164
1357 1171 5564 12573 10050 2150
1356 1173 5560 12530 10091 2161
1358 1176 5567 12490 10094 2181
1357 1174 5570 12511 10050 2143
1355 1174 5555 12542 10025 2070
1352 1174 5540 12533 10017 2031
1355 1174 5557 12516 9978 2063
1359 1173 5575 12540 9922 2133
1358 1175 5564 12620 9935 2140
1353 1173 5548 12653 10029 2116
1352 1171 5542 12624 10089 2157
1350 1172 5547 12606 10062 2247
1350 1172 5549 12621 9991 2352
1347 1174 5535 12644 9978 2370
1345 1173 5523 12638 10022 2274
1348 1172 5541 12618 10024 2209
1350 1175 5547 12611 9956 2209
1343 1172 5524 12618 9919 2167
1342 1172 5516 12623 9943 2064
1354 1180 5558 12645 9901 1988
1360 1182 5589 12757 9753 1964
1358 1179 5591 12850 9723 1964
1358 1178 5584 12669 10192 2062
1355 1177 5573 12590 10326 2167
1351 1176 5561 12558 10340 2287
1350 1178 5551 12558 10264 2374
1346 1177 5541 12568 10168 2368
1346 1174 5541 12581 10084 2330
1347 1176 5552 12578 10006 2346
1351 1178 5568 12545 9964 2323
1349 1177 5558 12516 9979 2207
1345 1178 5543 12533 9986 2268
1348 1180 5548 12600 9898 2422
1349 1183 5555 12653 9870 2584
1351 1183 5563 12691 9897 2692
1351 1184 5562 12681 9942 2810
1350 1182 5562 12636 9981 2937
1353 1184 5569 12583 10025 3006
1354 1183 5572 12541 10111 2986
1352 1185 5566 12521 10171 2884
1349 1182 5559 12428 10072 2728
1349 1182 5553 12445 9964 2732
1352 1184 5561 12479 9915 2741
1355 1188 5579 12537 9920 2745
1361 1190 5590 12592 9933 2759
1363 1195 5604 12608 9947 2769
1364 1198 5614 12603 9969 2776
1363 1200 5618 12601 9988 2791
1363 1201 5622 12583 10024 2808
1362 1196 5612 12537 10061 2834
1358 1197 5605 12498 10031 2882
1358 1196 5599 12509 9958 2930
1356 1198 5595 12547 9914 2931
1359 1201 5610 12558 9904 2927
1360 1201 5619 12553 9919 2934
1360 1201 5618 12561 9932 2910
1362 1201 5626 12563 9942 2881
1363 1203 5634 12554 9957 2864
1363 1203 5635 12555 9978 2879
1361 1203 5638 12557 10008 2902
1361 1203 5640 12536 10054 2895
1362 1202 5641 12527 10088 2904
1361 1200 5633 12537 10075 2915
1359 1199 5624 12548 10034 2911
1356 1197 5615 12563 9986 2906
1355 1198 5615 12567 9950 2905
1354 1196 5610 12555 9923 2920
1353 1196 5612 12551 9904 2937
1352 1196 5609 12562 9887 2949
1351 1194 5609 12579 9865 2964
1352 1195 5615 12593 9844 2967
1353 1194 5617 12593 9842 2953
1352 1193 5612 12605 9859 2951
1352 1192 5614 12617 9855 2964
1353 1195 5614 12626 9847 2976
1352 1193 5613 12645 9852 2975
1352 1189 5614 12642 9854 2961
1351 1190 5610 12621 9855 2945
1350 1190 5610 12609 9853 2955
1350 1188 5615 12618 9863 2954
1351 1189 5620 12659 9908 2886
1349 1189 5618 12642 9897 2856
1346 1188 5612 12622 9883 2844
1344 1185 5606 12605 9870 2846
1343 1186 5602 12586 9862 2832
1342 1184 5601 12577 9864 2787
1342 1186 5597 12592 9871 2774
1340 1187 5591 12607 9857 2786
1336 1184 5586 12617 9847 2790
1335 1183 5582 12618 9863 2954
1336 1182 5584 12659 9908 2886
1334 1181 5578 12642 9897 2856
1335 1182 5574 12622 9883 2844
1331 1180 5572 12605 9870 2846
1331 1179 5571 12586 9862 2832
1330 1179 5571 12577 9864 2787
1328 1178 5565 12592 9871 2774
1327 1177 5563 12607 9857 2786
1327 1178 5563 12617 9847 2790
1327 1177 5563 12646 9805 2779
1327 1179 5562 12660 9826 2790
1325 1178 5562 12685 9828 2809
1327 1178 5565 12677 9825 2828
1328 1180 5569 12651 9839 2828
1328 1181 5570 12632 9861 2817
1330 1182 5569 12630 9861 2795
1328 1179 5568 12655 9855 2766
1330 1180 5570 12676 9853 2737
1329 1181 5572 12683 9822 2728
1328 1181 5571 12679 9796 2745
1328 1181 5566 12668 9807 2765
1329 1182 5569 12675 9817 2769
1328 1180 5572 12679 9823 2767
1328 1181 5569 12671 9826 2780
1328 1179 5571 12667 9826 2786
1327 1179 5574 12663 9816 2786
1327 1180 5575 12661 9807 2792
1326 1180 5574 12659 9814 2774
1325 1180 5574 12680 9796 2750
1323 1180 5572 12720 9748 2742
1322 1180 5571 12713 9730 2755
1322 1179 5569 12679 9756 2768
1322 1179 5568 12676 9786 2774
1323 1179 5568 12703 9803 2761
1320 1178 5569 12728 9811 2741
1321 1178 5570 12716 9820 2733
1320 1179 5566 12687 9825 2728
1321 1180 5569 12662 9827 2723
1319 1180 5572 12652 9818 2726
1321 1179 5568 12658 9766 2748
1322 1180 5565 12651 9730 2757
1319 1179 5563 12646 9765 2747
1319 1179 5567 12652 9804 2734
1318 1181 5570 12665 9825 2720
1317 1180 5566 12667 9826 2722
1318 1180 5562 12657 9828 2743
1318 1179 5559 12670 9844 2754
1318 1181 5562 12686 9864 2759
1318 1180 5565 12673 9882 2776
1317 1181 5571 12671 9844 2784
1318 1181 5569 12681 9791 2787
1318 1182 5568 12676 9791 2773
1319 1182 5570 12672 9812 2764
1320 1180 5569 12667 9830 2766
1318 1182 5569 12666 9833 2769
1319 1180 5566 12673 9813 2768
1321 1181 5566 12683 9792 2746
1320 1181 5568 12691 9793 2715
1320 1181 5570 12678 9801 2711
1321 1182 5566 12691 9790 2722
1319 1181 5567 12696 9795 2727
1321 1182 5571 12691 9811 2719
1318 1181 5571 12683 9821 2718
1318 1180 5570 12673 9815 2736
1317 1179 5570 12687 9798 2743
1316 1180 5568 12703 9797 2733
1315 1180 5568 12693 9805 2711
1315 1179 5568 12676 9810 2715
1315 1182 5572 12754 9791 2704
1314 1179 5570 12759 9810 2702
1314 1180 5567 12719 9821 2708
1313 1179 5566 12694 9819 2686
1313 1179 5563 12677 9816 2663
1314 1178 5565 12662 9811 2660
1315 1180 5569 12649 9818 2641
1314 1179 5573 12638 9837 2622
1313 1178 5567 12630 9851 2630
1312 1178 5564 12649 9850 2647
1312 1177 5563 12678 9818 2642
1312 1177 5565 12672 9799 2642
1312 1180 5567 12656 9801 2669
1313 1180 5568 12662 9819 2689
1313 1182 5566 12668 9861 2701
1311 1182 5565 12674 9895 2711
1312 1183 5567 12672 9907 2711
1315 1181 5569 12662 9892 2704
1313 1180 5565 12658 9865 2707
1313 1180 5562 12663 9839 2709
1315 1182 5563 12679 9822 2711
1315 1180 5563 12677 9842 2708
1315 1179 5565 12656 9871 2698
1315 1180 5567 12639 9878 2679
1314 1180 5564 12634 9876 2667
1314 1179 5561 12638 9881 2645
1315 1180 5562 12650 9890 2597
1317 1180 5568 12653 9875 2589
1317 1181 5570 12644 9840 2614
1317 1182 5567 12634 9824 2634
1317 1181 5564 12662 9811 2646
1315 1178 5569 12695 9815 2644
1319 1180 5571 12694 9836 2639
1318 1180 5565 12688 9834 2631
1317 1181 5563 12676 9822 2635
1316 1180 5562 12668 9823 2645
1314 1179 5566 12646 9847 2641
1316 1180 5565 12625 9863 2649
1314 1181 5565 12642 9863 2672
1313 1179 5562 12690 9874 2667
1314 1180 5562 12697 9835 2660
1315 1183 5561 12668 9812 2656
1314 1180 5563 12657 9794 2646
1313 1180 5558 12652 9799 2625
1314 1180 5561 12637 9817 2606
1314 1178 5562 12617 9841 2601
1313 1180 5557 12617 9864 2619
1315 1180 5558 12625 9872 2639
1315 1180 5558 12645 9878 2642
1314 1180 5558 12651 9848 2713
1314 1180 5555 12677 9856 2695
1313 1178 5555 12707 9872 2681
1313 1180 5555 12703 9881 2712
1315 1180 5557 12680 9884 2734
1315 1179 5557 12651 9879 2728
1317 1180 5558 12642 9877 2716
1315 1181 5560 12648 9877 2704
1316 1181 5561 12658 9871 2699
1317 1181 5561 12694 9845 2692
1315 1182 5557 12725 9817 2672
1320 1180 5557 12711 9816 2664
1321 1182 5560 12685 9820 2667
1319 1183 5562 12673 9826 2655
1320 1181 5561 12672 9837 2646
1321 1182 5564 12677 9842 2642
1320 1182 5564 12675 9843 2646
1322 1183 5564 12665 9838 2661
1322 1182 5561 12670 9825 2659
1323 1183 5567 12683 9800 2654
1324 1182 5569 12699 9766 2665
1322 1180 5564 12713 9767 2656
1325 1182 5564 12706 9791 2645
1321 1182 5566 12680 9794 2647
1322 1182 5567 12672 9796 2661
1323 1181 5567 12713 9813 2668
1323 1181 5567 12772 9836 2645
1323 1181 5568 12766 9842 2647
1323 1181 5566 12730 9824 2659
1322 1182 5566 12722 9797 2650
1323 1182 5567 12723 9750 2651
1323 1181 5564 12708 9733 2634
1323 1182 5566 12677 9768 2609
1323 1183 5567 12667 9807 2596
1326 1181 5566 12677 9833 2593
1326 1182 5568 12690 9838 2614
1326 1183 5568 12711 9827 2632
1326 1183 5569 12705 9816 2648
1325 1182 5569 12697 9820 2665
1328 1183 5569 12732 9828 2656
1327 1183 5569 12743 9784 2676
1328 1182 5565 12714 9805 2677
1327 1179 5564 12705 9810 2671
1327 1182 5561 12708 9811 2652
1328 1184 5565 12710 9809 2650
1328 1183 5562 12720 9818 2644
1329 1181 5559 12730 9824 2639
1328 1181 5559 12738 9812 2649
1329 1183 5560 12735 9793 2644
1330 1181 5558 12764 9730 2654
1330 1182 5558 12742 9760 2637
1331 1181 5562 12717 9789 2626
1332 1184 5565 12695 9791 2636
1331 1183 5570 12696 9784 2643
1334 1182 5568 12715 9780 2637
1333 1182 5561 12727 9770 2627
1333 1182 5565 12730 9753 2628
1335 1182 5571 12744 9745 2631
1334 1182 5570 12754 9728 2654
1337 1181 5569 12729 9758 2660
1336 1183 5569 12741 9763 2660
1336 1185 5571 12781 9756 2656
1335 1183 5570 12781 9769 2658
1337 1184 5569 12746 9777 2645
1335 1182 5568 12723 9775 2627
1335 1182 5563 12710 9771 2620
1338 1184 5565 12692 9776 2608
1337 1182 5561 12683 9775 2600
1334 1181 5555 12703 9764 2607
1333 1180 5551 12710 9776 2621
1336 1180 5552 12706 9807 2633
1335 1179 5550 12708 9823 2645
1333 1180 5552 12701 9819 2659
1337 1179 5552 12696 9809 2659
1337 1180 5556 12725 9804 2640
1336 1181 5556 12749 9808 2634
1337 1180 5557 12722 9803 2642
1338 1181 5560 12688 9789 2664
1339 1181 5559 12708 9762 2673
1340 1181 5561 12734 9761 2653
1343 1182 5561 12727 9788 2639
1344 1183 5563 12723 9796 2643
1344 1182 5562 12719 9805 2640
1344 1183 5567 12710 9807 2609
1344 1183 5567 12700 9801 2575
1344 1182 5567 12691 9791 2555
1347 1186 5566 12688 9791 2558
1347 1185 5566 12691 9794 2572
1346 1182 5566 12705 9763 2603
1346 1183 5565 12712 9764 2624
1347 1183 5568 12707 9806 2619
1347 1182 5568 12706 9821 2623
1348 1184 5571 12707 9819 2627
1349 1184 5568 12704 9815 2636
1350 1185 5570 12705 9810 2646
1351 1185 5572 12719 9811 2643
1351 1185 5568 12725 9815 2633
1352 1183 5566 12705 9817 2628
1352 1183 5571 12697 9779 2642
1353 1183 5571 12709 9750 2646
1354 1183 5571 12692 9791 2646
1352 1182 5571 12665 9823 2644
1354 1185 5570 12673 9831 2633
1354 1183 5573 12727 9832 2633
1353 1182 5575 12750 9825 2635
1353 1181 5571 12719 9815 2629
1355 1181 5570 12690 9813 2625
1354 1182 5567 12677 9818 2628
1354 1182 5567 12684 9797 2585
1355 1182 5567 12656 9815 2563
1354 1182 5564 12642 9830 2552
1353 1183 5563 12655 9836 2561
1354 1181 5566 12678 9837 2586
1355 1181 5562 12692 9834 2597
1355 1181 5563 12682 9828 2633
1356 1182 5563 12691 9831 2648
1356 1182 5564 12732 9847 2638
1356 1182 5563 12751 9792 2672
1355 1182 5561 12710 9792 2673
1355 1181 5560 12684 9820 2662
1356 1181 5560 12692 9838 2642
1358 1183 5561 12709 9842 2629
1357 1183 5562 12720 9829 2618
1360 1183 5564 12717 9802 2613
1359 1182 5565 12706 9784 2608
1360 1181 5563 12697 9788 2588
1359 1182 5564 12703 9792 2575
1360 1182 5565 12734 9764 2580
1362 1182 5565 12741 9755 2566
1361 1183 5565 12714 9777 2554
1361 1182 5565 12694 9791 2563
1361 1182 5566 12690 9803 2567
1362 1181 5565 12699 9803 2564
1361 1181 5566 12704 9794 2569
1363 1183 5566 12705 9790 2580
1362 1185 5569 12703 9787 2589
1363 1185 5564 12702 9775 2610
1364 1183 5568 12732 9726 2634
1365 1184 5567 12756 9715 2630
1365 1182 5564 12741 9758 2611
1365 1183 5566 12730 9769 2608
1366 1184 5572 12718 9763 2616
1365 1183 5571 12698 9768 2625
1365 1182 5568 12704 9786 2629
1366 1183 5571 12743 9794 2622
1366 1183 5572 12782 9793 2614
1365 1183 5571 12769 9796 2616
1366 1184 5571 12757 9712 2602
1366 1185 5570 12738 9745 2569
1365 1185 5568 12703 9780 2566
1364 1183 5565 12670 9794 2575
1366 1184 5566 12668 9803 2575
1366 1183 5563 12687 9811 2576
1365 1182 5561 12707 9812 2594
1369 1184 5565 12727 9809 2603
1366 1182 5565 12728 9804 2631
1366 1182 5562 12800 9740 2668
1367 1183 5564 12809 9760 2659
1365 1182 5563 12762 9781 2663
1364 1181 5560 12727 9796 2669
1365 1182 5562 12726 9806 2653
1366 1183 5563 12731 9815 2642
1365 1182 5564 12727 9814 2643
1367 1182 5562 12731 9805 2641
1366 1182 5559 12741 9802 2624
1366 1183 5560 12759 9745 2596
1368 1183 5559 12753 9727 2580
1369 1183 5563 12733 9735 2572
1368 1181 5561 12717 9751 2586
1368 1183 5560 12717 9773 2599
1368 1182 5560 12732 9785 2606
1367 1183 5558 12739 9786 2624
1368 1184 5558 12727 9778 2637
1369 1184 5564 12724 9765 2634
1369 1183 5564 12746 9734 2646
1370 1184 5564 12775 9715 2660
1369 1183 5564 12783 9751 2663
1369 1181 5562 12781 9792 2661
1368 1184 5563 12770 9800 2644
1372 1185 5564 12740 9790 2622
1372 1183 5565 12719 9778 2617
1370 1183 5565 12727 9773 2618
1370 1184 5563 12745 9775 2614
1368 1183 5558 12735 9778 2621
1371 1183 5564 12721 9759 2625
1374 1184 5569 12762 9701 2633
1370 1183 5566 12828 9684 2634
1372 1182 5567 12823 9735 2616
1371 1183 5567 12774 9770 2613
1370 1183 5567 12746 9773 2607
1372 1182 5569 12732 9771 2582
1371 1182 5567 12728 9773 2560
1369 1181 5564 12707 9785 2539
1368 1183 5564 12673 9796 2531
1369 1182 5565 12670 9807 2541
1368 1180 5563 12750 9769 2568
1368 1182 5554 12731 9790 2562
1366 1181 5556 12705 9790 2594
1367 1181 5557 12730 9785 2597
1366 1181 5559 12777 9781 2587
1367 1180 5560 12774 9781 2604
1366 1181 5555 12741 9787 2599
1365 1183 5556 12719 9798 2593
1364 1181 5554 12722 9804 2588
1365 1181 5554 12793 9760 2575
1363 1181 5552 12782 9779 2566
1362 1182 5549 12749 9779 2567
1363 1181 5550 12742 9775 2572
1364 1181 5550 12759 9763 2565
1363 1181 5550 12773 9759 2554
1362 1181 5551 12780 9756 2546
1363 1181 5550 12766 9748 2542
1364 1181 5551 12755 9747 2547
1364 1181 5551 12813 9691 2578
1362 1180 5549 12810 9693 2579
1361 1180 5547 12800 9690 2576
1361 1180 5547 12806 9691 2577
1363 1182 5549 12803 9704 2578
1361 1182 5550 12796 9721 2573
1362 1182 5548 12807 9713 2573
1362 1181 5549 12801 9691 2570
1360 1182 5549 12776 9689 2566
1361 1179 5549 12778 9662 2594
1363 1181 5549 12830 9636 2612
1362 1182 5555 12875 9677 2573
1361 1181 5555 12856 9719 2552
1358 1179 5550 12823 9716 2555
1358 1181 5550 12806 9702 2543
1358 1179 5553 12789 9697 2523
1358 1180 5553 12762 9715 2508
1358 1180 5554 12734 9742 2512
1357 1183 5555 12728 9759 2527
1355 1182 5552 12741 9748 2553
1353 1181 5548 12781 9697 2573
1353 1181 5549 12812 9673 2575
1352 1181 5549 12797 9684 2589
1352 1181 5547 12791 9696 2604
1353 1184 5551 12827 9710 2595
1353 1181 5554 12818 9729 2579
1349 1180 5550 12766 9751 2583
1348 1180 5547 12751 9759 2587
1349 1179 5547 12770 9746 2586
1346 1178 5547 12787 9726 2593
1349 1181 5549 12808 9666 2595
1347 1181 5549 12800 9682 2555
1345 1180 5546 12809 9679 2547
1345 1180 5547 12814 9659 2545
1345 1180 5549 12806 9656 2542
1346 1182 5552 12791 9675 2523
1344 1181 5551 12771 9684 2507
1347 1182 5553 12759 9684 2511
1347 1183 5551 12756 9695 2519
1345 1182 5553 12787 9726 2593
1347 1183 5554 12808 9666 2595
1347 1182 5554 12800 9682 2555
1345 1181 5554 12809 9679 2547
1345 1183 5555 12814 9659 2545
1346 1186 5557 12806 9656 2542
1345 1183 5558 12791 9675 2523
1345 1183 5559 12771 9684 2507
1345 1182 5560 12759 9684 2511
1344 1181 5557 12756 9695 2519
1342 1182 5555 12798 9641 2589
1344 1183 5558 12809 9649 2593
1344 1183 5564 12808 9675 2578
1343 1182 5561 12793 9691 2553
1340 1182 5561 12785 9709 2551
1340 1183 5559 12803 9719 2574
1338 1183 5563 12811 9717 2589
1340 1182 5563 12783 9718 2579
1338 1183 5563 12773 9706 2581
1336 1182 5559 12812 9674 2597
1333 1182 5560 12862 9671 2580
1334 1181 5558 12853 9702 2571
1333 1182 5558 12809 9719 2584
1332 1183 5555 12791 9719 2592
1333 1181 5556 12792 9717 2579
1332 1182 5555 12788 9738 2545
1329 1182 5554 12764 9761 2525
1328 1181 5554 12742 9769 2521
1327 1183 5552 12729 9768 2522
1328 1181 5552 12735 9746 2548
1327 1181 5550 12781 9708 2577
1327 1182 5552 12803 9699 2585
1326 1182 5551 12783 9723 2596
1327 1182 5556 12798 9737 2590
1326 1181 5554 12818 9743 2585
1325 1181 5552 12806 9743 2591
1325 1182 5550 12781 9743 2591
1324 1183 5550 12766 9757 2591
1325 1183 5555 12770 9760 2567
1326 1182 5554 12779 9748 2549
1326 1184 5554 12801 9699 2576
1326 1183 5553 12814 9679 2577
1326 1185 5556 12805 9715 2544
1326 1185 5556 12796 9729 2536
1327 1185 5559 12787 9710 2536
1326 1186 5561 12783 9684 2548
1327 1184 5560 12788 9688 2547
1329 1187 5563 12788 9705 2524
1328 1187 5562 12778 9713 2519
1327 1187 5562 12784 9711 2543
1327 1192 5564 12814 9652 2573
1327 1189 5563 12822 9611 2579
1326 1188 5560 12808 9639 2575
1327 1189 5567 12802 9662 2579
1328 1186 5569 12798 9679 2595
1326 1187 5571 12793 9696 2610
1326 1186 5573 12788 9707 2576
1325 1186 5574 12783 9709 2544
1324 1186 5576 12782 9709 2552
1323 1188 5574 12779 9713 2567
1323 1188 5576 12819 9644 2582
1323 1191 5576 12835 9667 2553
1322 1190 5579 12837 9700 2529
1323 1191 5582 12807 9717 2522
1322 1190 5585 12774 9726 2507
1323 1191 5589 12755 9729 2483
1327 1195 5595 12736 9737 2469
1329 1194 5606 12711 9760 2479
1330 1196 5613 12696 9771 2483
1327 1198 5612 12760 9724 2541
1326 1199 5608 12767 9729 2565
1323 1196 5592 12759 9752 2565
1323 1196 5581 12750 9736 2584
1318 1193 5568 12748 9707 2616
1314 1190 5552 12759 9697 2613
1312 1189 5544 12749 9726 2607
1309 1188 5526 12704 9771 2590
1308 1185 5520 12667 9797 2593
1312 1187 5529 12662 9782 2618
1313 1189 5535 12703 9740 2631
1313 1186 5541 12738 9724 2638
1316 1190 5547 12724 9740 2643
1318 1190 5553 12712 9755 2664
1319 1189 5559 12701 9769 2687
1320 1192 5567 12713 9750 2716
1320 1193 5561 12731 9685 2779
1318 1191 5561 12712 9667 2826
1322 1191 5568 12688 9715 2849
1322 1190 5574 12698 9747 2846
1322 1189 5576 12733 9729 2835
1320 1189 5574 12727 9729 2858
1323 1190 5576 12679 9771 2896
1322 1191 5577 12654 9812 2921
1323 1190 5576 12676 9835 2941
1324 1190 5586 12706 9817 2979
1325 1190 5590 12704 9792 3009
1322 1188 5587 12686 9813 2999
1324 1187 5589 12673 9851 2975
1322 1186 5589 12683 9851 2951
1320 1185 5592 12714 9752 2933
1319 1183 5588 12680 9764 2953
1317 1181 5584 12672 9778 2965
1314 1180 5577 12686 9797 2942
1313 1179 5572 12716 9813 2926
1315 1178 5573 12717 9799 2936
1315 1177 5572 12696 9790 2929
1312 1178 5567 12669 9803 2914
1309 1176 5561 12643 9822 2902
1310 1176 5563 12640 9776 2846
1312 1177 5568 12647 9802 2847
1312 1176 5570 12658 9820 2860
1312 1175 5568 12663 9837 2854
1313 1175 5566 12657 9862 2844
1313 1174 5565 12656 9877 2838
1311 1174 5563 12671 9865 2828
1311 1174 5565 12677 9845 2833
1312 1175 5568 12661 9844 2861
1311 1174 5567 12654 9848 2878
1313 1175 5567 12662 9843 2866
1312 1175 5564 12674 9834 2870
1313 1176 5563 12686 9821 2884
1314 1175 5565 12696 9812 2896
1315 1177 5567 12696 9805 2889
1314 1176 5566 12685 9809 2865
1315 1174 5560 12674 9817 2845
1314 1174 5557 12667 9812 2841
1314 1174 5557 12672 9784 2862
1315 1174 5561 12689 9753 2867
1317 1175 5563 12688 9757 2863
1316 1175 5566 12668 9790 2889
1318 1174 5561 12661 9804 2902
1316 1174 5560 12679 9794 2911
1316 1174 5554 12706 9779 2929
1316 1172 5554 12710 9771 2928
1317 1174 5560 12698 9786 2924
1316 1175 5558 12681 9808 2932
1316 1173 5554 12659 9798 2944
1315 1173 5551 12671 9749 2951
1315 1173 5551 12702 9741 2957
1314 1171 5549 12737 9769 2942
1312 1171 5549 12747 9781 2927
1313 1171 5549 12713 9795 2924
1313 1170 5550 12680 9803 2919
1311 1170 5546 12668 9797 2917
1312 1170 5546 12667 9785 2901
1313 1171 5541 12654 9785 2888
1312 1170 5542 12639 9792 2871
1315 1172 5546 12643 9739 2834
1313 1173 5541 12642 9780 2809
1314 1171 5539 12647 9797 2799
1314 1171 5537 12646 9799 2833
1314 1171 5538 12661 9803 2859
1314 1171 5539 12675 9809 2865
1316 1172 5540 12668 9818 2876
1315 1169 5537 12659 9827 2874
1315 1171 5535 12654 9825 2869
1315 1169 5535 12667 9780 2850
1314 1169 5536 12668 9809 2853
1316 1170 5539 12672 9830 2845
1317 1171 5538 12673 9827 2829
1317 1169 5537 12672 9807 2808
1317 1169 5535 12662 9793 2786
1317 1170 5535 12648 9797 2768
1318 1171 5538 12641 9811 2762
1318 1169 5534 12639 9812 2762
1321 1172 5537 12650 9759 2773
1322 1173 5534 12650 9775 2784
1322 1173 5534 12650 9805 2798
1322 1171 5537 12653 9819 2806
1323 1172 5538 12657 9833 2815
1324 1172 5536 12661 9841 2816
1322 1171 5531 12669 9828 2810
1325 1174 5536 12658 9817 2819
1326 1174 5538 12632 9823 2837
1324 1171 5536 12627 9818 2871
1323 1172 5536 12674 9793 2892
1323 1170 5534 12739 9802 2873
1322 1170 5534 12745 9821 2855
1323 1171 5535 12703 9817 2854
1324 1171 5535 12648 9817 2855
1326 1170 5535 12620 9829 2838
1324 1169 5533 12628 9836 2809
1323 1170 5528 12640 9834 2792
1324 1170 5530 12640 9851 2789
1325 1169 5524 12627 9861 2780
1324 1169 5526 12637 9844 2799
1325 1168 5528 12668 9831 2823
1325 1168 5526 12673 9831 2845
1324 1169 5526 12658 9834 2872
1325 1168 5525 12673 9842 2871
1327 1172 5525 12684 9852 2868
1327 1169 5521 12656 9866 2872
1324 1168 5517 12637 9878 2860
1325 1169 5516 12643 9889 2840
1326 1168 5518 12657 9884 2822
1326 1168 5518 12668 9841 2812
1326 1168 5517 12661 9799 2831
1328 1168 5519 12645 9788 2840
1328 1169 5522 12659 9795 2832
1329 1169 5520 12679 9798 2827
1329 1168 5521 12674 9798 2817
1328 1168 5520 12659 9807 2815
1329 1168 5519 12649 9816 2824
1331 1169 5517 12649 9832 2808
1331 1169 5517 12659 9849 2797
1330 1169 5515 12681 9778 2839
1331 1169 5517 12668 9789 2841
1332 1169 5516 12660 9807 2843
1333 1169 5517 12670 9819 2846
1334 1168 5520 12682 9827 2862
1333 1168 5517 12677 9816 2894
1333 1168 5516 12673 9804 2896
1334 1169 5519 12675 9811 2862
1335 1169 5526 12664 9816 2837
1334 1167 5523 12705 9752 2829
1334 1168 5522 12725 9772 2828
1335 1168 5520 12711 9806 2838
1336 1167 5518 12686 9825 2856
1335 1170 5521 12670 9833 2844
1335 1169 5519 12660 9833 2821
1336 1167 5516 12649 9829 2812
1335 1168 5517 12628 9835 2801
1336 1168 5515 12621 9851 2798
1336 1167 5512 12623 9844 2814
1335 1167 5509 12635 9818 2823
1334 1167 5508 12661 9828 2825
1334 1167 5511 12662 9847 2855
1334 1166 5511 12651 9841 2890
1336 1166 5508 12679 9843 2884
1336 1167 5507 12693 9847 2874
1336 1168 5510 12667 9846 2875
1336 1169 5507 12644 9850 2874
1335 1168 5506 12642 9852 2861
1336 1167 5506 12651 9831 2833
1335 1168 5505 12669 9798 2821
1335 1167 5505 12684 9802 2820
1339 1170 5510 12679 9818 2823
1338 1169 5509 12679 9813 2818
1339 1167 5509 12682 9808 2794
1338 1168 5508 12677 9801 2790
1338 1169 5508 12672 9800 2796
1338 1167 5507 12667 9813 2799
1339 1168 5507 12664 9825 2813
1339 1168 5507 12670 9816 2815
1341 1168 5509 12693 9767 2816
1339 1168 5509 12697 9752 2830
1341 1167 5509 12682 9792 2838
1340 1167 5509 12688 9808 2844
1342 1168 5513 12691 9805 2843
1344 1168 5511 12687 9807 2841
1343 1167 5509 12695 9813 2845
1343 1167 5509 12692 9817 2860
1346 1168 5516 12673 9818 2858
1344 1169 5512 12660 9816 2858
1343 1165 5511 12764 9756 2832
1343 1171 5510 12748 9793 2812
1343 1170 5511 12700 9808 2821
1342 1169 5512 12684 9799 2793
1342 1167 5512 12680 9796 2768
1342 1167 5513 12668 9801 2755
1342 1167 5512 12645 9811 2755
1341 1167 5506 12629 9828 2751
1342 1167 5506 12631 9841 2747
1341 1167 5505 12700 9785 2796
1343 1167 5506 12707 9779 2817
1342 1167 5509 12685 9793 2852
1343 1167 5508 12708 9814 2843
1344 1167 5506 12734 9833 2818
1341 1168 5505 12708 9836 2833
1343 1168 5507 12674 9832 2832
1344 1168 5504 12664 9828 2797
1342 1168 5503 12673 9832 2768
1344 1168 5503 12710 9770 2755
1346 1168 5501 12711 9753 2754
1344 1167 5502 12696 9773 2743
1343 1168 5502 12697 9774 2739
1343 1167 5503 12702 9774 2751
1342 1169 5503 12705 9774 2739
1343 1168 5504 12701 9777 2731
1342 1168 5503 12688 9791 2731
1344 1168 5502 12673 9799 2739
1345 1169 5502 12696 9788 2755
1344 1167 5505 12738 9748 2769
1345 1168 5507 12741 9732 2789
1346 1168 5505 12725 9757 2802
1346 1169 5504 12724 9779 2794
1347 1169 5505 12729 9786 2774
1346 1169 5506 12732 9781 2777
1347 1170 5508 12727 9771 2794
1349 1168 5514 12728 9773 2802
1348 1170 5510 12720 9789 2807
1348 1168 5504 12704 9774 2812
1347 1170 5507 12717 9721 2820
1347 1168 5512 12759 9709 2822
1347 1169 5511 12802 9744 2806
1346 1169 5511 12795 9766 2797
1346 1168 5511 12752 9766 2792
1346 1168 5510 12723 9758 2795
1346 1167 5510 12712 9757 2787
1345 1168 5508 12702 9766 2752
1345 1167 5508 12678 9790 2717
1344 1170 5509 12660 9807 2716
1344 1169 5504 12682 9779 2746
1344 1167 5508 12705 9760 2763
1344 1168 5506 12708 9781 2755
1342 1168 5502 12709 9791 2763
1343 1165 5505 12693 9797 2802
1343 1167 5504 12705 9812 2808
1341 1167 5502 12727 9817 2788
1340 1167 5502 12714 9810 2804
1340 1166 5503 12691 9805 2828
1340 1167 5503 12676 9800 2828
1340 1166 5501 12727 9753 2823
1340 1168 5501 12725 9777 2825
1340 1169 5503 12716 9796 2826
1340 1169 5504 12709 9799 2801
1339 1168 5503 12702 9808 2795
1340 1170 5503 12688 9806 2800
1339 1169 5504 12674 9798 2794
1339 1167 5504 12668 9798 2797
1341 1171 5508 12670 9805 2792
1340 1171 5508 12690 9794 2777
1339 1168 5505 12695 9772 2770
1339 1169 5504 12675 9777 2784
1338 1169 5503 12669 9793 2785
1339 1168 5505 12675 9797 2783
1339 1168 5507 12679 9798 2789
1340 1169 5507 12678 9805 2804
1339 1170 5509 12675 9816 2827
1339 1169 5510 12675 9827 2822
1339 1167 5507 12673 9827 2815
1341 1170 5508 12679 9805 2820
1342 1170 5509 12692 9774 2837
1341 1169 5509 12678 9770 2850
1340 1170 5507 12651 9800 2851
1339 1169 5508 12652 9821 2856
1339 1168 5511 12696 9829 2840
1338 1169 5508 12729 9840 2828
1338 1170 5506 12711 9848 2837
1336 1168 5506 12681 9837 2839
1335 1169 5508 12659 9828 2826
1334 1167 5507 12654 9833 2801
1332 1166 5505 12643 9830 2802
1332 1167 5505 12625 9839 2798
1331 1168 5502 12623 9857 2767
1330 1167 5500 12620 9859 2777
1329 1166 5500 12626 9859 2818
1330 1168 5498 12650 9864 2842
1328 1165 5495 12653 9868 2857
1327 1167 5495 12644 9870 2860
1327 1166 5493 12656 9868 2854
1327 1166 5493 12659 9866 2855
1324 1166 5491 12667 9839 2862
1325 1167 5492 12665 9827 2867
1323 1166 5490 12645 9852 2870
1324 1167 5492 12644 9862 2871
1322 1167 5491 12646 9867 2868
1325 1166 5490 12659 9869 2861
1323 1166 5489 12674 9857 2843
1321 1166 5489 12672 9845 2832
1320 1166 5490 12662 9837 2828
1322 1167 5494 12658 9829 2822
1322 1167 5494 12672 9822 2818
1320 1167 5495 12684 9814 2821
1322 1167 5494 12678 9826 2809
1322 1168 5494 12668 9843 2804
1322 1167 5493 12661 9844 2817
1320 1168 5493 12655 9838 2821
1322 1168 5499 12656 9825 2819
1323 1167 5497 12661 9816 2828
1322 1169 5497 12656 9824 2835
1322 1168 5497 12648 9835 2828
1322 1169 5495 12656 9831 2838
1322 1169 5495 12683 9789 2843
1322 1169 5497 12688 9768 2847
1322 1170 5497 12669 9791 2871
1322 1169 5500 12661 9808 2876
1322 1169 5496 12674 9824 2861
1322 1168 5494 12677 9829 2867
1323 1169 5497 12658 9827 2878
1325 1167 5505 12660 9823 2873
1323 1169 5505 12676 9819 2873
1321 1168 5504 12689 9836 2859
1320 1166 5501 12653 9847 2863
1319 1167 5500 12650 9859 2840
1316 1165 5496 12651 9852 2823
1316 1166 5496 12637 9843 2815
1314 1170 5494 12615 9842 2805
1314 1169 5493 12600 9850 2802
1313 1165 5491 12613 9864 2823
1312 1167 5493 12641 9875 2840
1312 1166 5492 12653 9878 2835
1312 1166 5490 12613 9848 2840
1311 1167 5489 12643 9861 2842
1310 1168 5490 12670 9866 2851
1309 1165 5486 12656 9856 2846
1307 1163 5487 12632 9853 2839
1307 1164 5486 12632 9860 2827
1306 1165 5486 12648 9865 2801
1307 1165 5482 12648 9871 2809
1310 1165 5483 12648 9873 2821
1307 1169 5482 12681 9821 2811
1306 1167 5483 12666 9827 2809
1306 1166 5482 12647 9838 2792
1306 1167 5485 12639 9855 2783
1306 1167 5483 12650 9866 2757
1304 1164 5484 12650 9864 2744
1309 1167 5486 12639 9861 2754
1307 1165 5483 12638 9860 2760
1305 1164 5481 12649 9853 2772
1303 1164 5481 12661 9827 2797
1305 1165 5481 12675 9796 2808
1303 1163 5480 12678 9800 2798
1304 1165 5480 12662 9829 2800
1306 1166 5482 12657 9846 2796
1305 1165 5484 12653 9850 2788
1305 1165 5482 12651 9851 2797
1306 1166 5481 12666 9850 2789
1306 1165 5483 12660 9840 2804
1308 1165 5481 12639 9829 2826
1308 1166 5478 12657 9820 2820
1306 1164 5480 12717 9806 2819
1308 1165 5485 12735 9817 2830
1306 1164 5481 12695 9845 2835
1303 1163 5478 12677 9847 2814
1301 1164 5480 12662 9834 2784
1302 1167 5481 12638 9831 2764
1300 1165 5481 12620 9847 2755
1300 1163 5481 12606 9870 2746
1300 1164 5479 12602 9881 2751
1299 1161 5476 12605 9878 2761
1299 1163 5479 12655 9846 2775
1299 1165 5476 12646 9857 2802
1298 1162 5476 12658 9873 2810
1297 1164 5475 12685 9883 2793
1298 1164 5476 12678 9885 2802
1297 1163 5477 12650 9883 2813
1298 1164 5475 12636 9881 2795
1296 1163 5473 12632 9872 2777
1293 1164 5473 12636 9857 2777
1293 1164 5475 12605 9878 2761
1293 1164 5473 12655 9846 2775
1295 1163 5474 12646 9857 2802
1296 1165 5471 12658 9873 2810
1298 1165 5473 12685 9883 2793
1296 1165 5475 12678 9885 2802
1295 1164 5475 12650 9883 2813
1296 1165 5476 12636 9881 2795
1296 1164 5478 12632 9872 2777
1297 1165 5476 12636 9857 2777
1297 1164 5474 12693 9798 2772
1298 1165 5475 12689 9806 2761
1298 1165 5477 12673 9813 2750
1297 1166 5480 12657 9823 2739
1299 1166 5484 12652 9828 2747
1298 1167 5479 12662 9827 2768
1298 1166 5482 12666 9830 2773
1299 1166 5483 12657 9841 2772
1301 1166 5482 12650 9841 2774
1298 1164 5478 12656 9821 2776
1298 1164 5481 12663 9808 2783
1300 1164 5485 12662 9812 2793
1299 1164 5483 12663 9819 2784
1298 1163 5481 12666 9828 2798
1297 1165 5482 12678 9834 2814
1298 1164 5485 12674 9836 2797
1297 1165 5487 12649 9833 2796
1295 1165 5485 12643 9831 2822
1295 1164 5482 12672 9834 2838
1294 1163 5481 12725 9832 2814
1293 1163 5478 12727 9816 2808
1294 1162 5480 12685 9815 2814
1294 1163 5479 12663 9824 2799
1293 1167 5479 12662 9824 2780
1293 1165 5480 12654 9843 2761
1293 1164 5480 12623 9865 2776
1293 1163 5477 12609 9868 2791
1293 1163 5479 12618 9862 2786
1292 1163 5479 12633 9858 2801
1292 1163 5480 12660 9855 2803
1294 1162 5480 12678 9824 2813
1294 1165 5481 12665 9819 2850
1293 1163 5479 12673 9844 2845
1293 1164 5478 12696 9854 2831
1293 1164 5479 12679 9862 2833
1293 1164 5480 12657 9862 2837
1294 1166 5482 12647 9865 2832
1295 1167 5483 12644 9868 2814
1295 1166 5482 12644 9867 2817
1295 1166 5482 12646 9861 2810
1293 1165 5485 12674 9828 2803
1297 1164 5484 12699 9806 2805
1299 1167 5488 12696 9819 2793
1299 1166 5487 12679 9818 2793
1298 1167 5486 12667 9819 2795
1299 1167 5488 12668 9824 2790
1298 1166 5489 12662 9833 2790
1300 1167 5490 12655 9843 2797
1299 1167 5489 12659 9837 2807
1301 1167 5491 12667 9826 2807
1302 1168 5497 12694 9764 2817
1299 1167 5493 12676 9780 2791
1300 1165 5493 12668 9795 2791
1298 1167 5494 12682 9805 2799
1299 1167 5497 12693 9815 2797
1300 1168 5499 12670 9820 2801
1301 1168 5499 12655 9832 2828
1299 1168 5497 12686 9849 2847
1300 1167 5495 12730 9851 2842
1297 1168 5497 12720 9787 2811
1296 1166 5496 12695 9781 2794
1300 1169 5495 12667 9784 2773
1298 1167 5492 12645 9797 2747
1297 1165 5493 12622 9821 2730
1299 1166 5497 12610 9846 2723
1298 1164 5495 12614 9862 2728
1297 1166 5494 12628 9865 2753
1298 1167 5494 12656 9866 2772
1299 1167 5492 12671 9845 2789
1299 1167 5493 12662 9824 2812
1300 1165 5493 12674 9830 2821
1299 1167 5491 12685 9840 2827
1298 1168 5494 12670 9853 2830
1299 1167 5494 12657 9864 2827
1301 1168 5496 12653 9858 2832
1301 1168 5498 12660 9844 2832
1301 1167 5499 12665 9833 2821
1302 1166 5501 12665 9828 2832
1303 1166 5499 12673 9811 2834
1302 1167 5497 12702 9778 2818
1306 1167 5497 12706 9768 2827
1305 1167 5500 12684 9788 2826
1306 1168 5502 12672 9802 2801
1305 1168 5504 12664 9819 2785
1307 1169 5500 12657 9834 2793
1306 1170 5500 12648 9832 2799
1307 1170 5503 12648 9833 2791
1310 1169 5501 12637 9831 2802
1310 1168 5503 12638 9805 2812
1310 1170 5501 12674 9755 2810
1311 1171 5510 12693 9753 2811
1311 1169 5510 12683 9801 2817
1311 1169 5512 12671 9829 2836
1309 1169 5508 12680 9824 2857
1309 1169 5509 12692 9806 2859
1309 1170 5510 12678 9800 2853
1311 1170 5510 12658 9806 2863
1310 1171 5510 12669 9822 2876
1310 1169 5507 12701 9838 2870
1310 1170 5509 12721 9804 2856
1312 1170 5509 12685 9819 2824
1313 1172 5510 12660 9818 2805
1312 1173 5508 12642 9818 2793
1314 1172 5511 12616 9830 2776
1314 1174 5514 12603 9857 2774
1315 1175 5520 12614 9872 2797
1317 1174 5520 12632 9868 2829
1317 1175 5522 12656 9868 2839
1319 1178 5529 12681 9840 2842
1322 1178 5538 12690 9813 2854
1323 1183 5548 12684 9818 2858
1324 1186 5543 12678 9819 2857
1326 1185 5549 12668 9824 2863
1330 1188 5563 12653 9832 2879
1333 1190 5566 12649 9831 2876
1333 1189 5558 12647 9829 2854
1331 1191 5550 12647 9835 2841
1329 1188 5538 12631 9863 2820
1326 1187 5530 12659 9813 2849
1327 1186 5533 12676 9783 2862
1328 1186 5533 12647 9831 2826
1329 1185 5534 12630 9892 2767
1330 1186 5532 12627 9916 2738
1333 1185 5543 12616 9895 2770
1332 1187 5539 12612 9842 2843
1330 1184 5537 12609 9792 2915
1331 1184 5537 12610 9765 2959
1331 1184 5531 12617 9752 2985
1331 1181 5528 12616 9755 3001
1332 1181 5533 12622 9791 2986
1334 1181 5533 12621 9851 2950
1330 1178 5529 12604 9897 2949
1330 1178 5523 12588 9914 2981
1330 1177 5523 12577 9921 3016
1328 1175 5523 12572 9919 3041
1328 1176 5522 12581 9916 3051
1329 1177 5524 12600 9928 3043
1330 1178 5527 12622 9929 3033
1330 1176 5523 12640 9916 3034
1329 1175 5524 12636 9903 3031
1327 1174 5524 12614 9895 3029
1329 1172 5523 12595 9892 3030
1329 1173 5519 12571 9891 3034
1327 1172 5512 12549 9900 3044
1328 1170 5507 12545 9914 3051
1326 1169 5504 12552 9920 3055
1325 1166 5497 12565 9918 3067
1324 1166 5493 12576 9909 3060
1321 1165 5485 12576 9907 3047
1321 1164 5482 12581 9911 3059
1325 1166 5478 12596 9910 3074
1323 1164 5474 12600 9901 3084
1320 1163 5472 12594 9898 3092
1321 1164 5471 12594 9897 3071
1321 1164 5470 12596 9893 3039
1322 1163 5473 12591 9887 3029
1325 1163 5475 12593 9876 3019
1325 1165 5478 12597 9871 3016
1324 1164 5476 12623 9828 3012
1325 1163 5475 12617 9837 3022
1325 1165 5477 12617 9848 3029
1327 1165 5477 12631 9851 3014
1329 1164 5482 12638 9863 2996
1329 1165 5484 12635 9869 2977
1329 1166 5488 12625 9873 2966
1330 1164 5484 12617 9873 2980
1329 1165 5482 12624 9860 2997
1330 1165 5482 12665 9767 2996
1334 1166 5489 12653 9789 2997
1333 1165 5489 12646 9828 3000
1332 1164 5490 12636 9844 3016
1330 1166 5490 12625 9844 3030
1332 1165 5490 12632 9834 3049
1333 1165 5492 12662 9828 3046
1333 1166 5493 12676 9836 3032
1333 1165 5491 12665 9846 3031
1333 1164 5493 12653 9762 3018
1335 1165 5492 12643 9760 2998
1334 1164 5491 12617 9799 2981
1334 1166 5492 12601 9839 2986
1334 1165 5487 12600 9867 2992
1334 1165 5485 12605 9875 3001
1334 1164 5486 12611 9881 3016
1335 1163 5484 12618 9880 3033
1334 1164 5485 12616 9870 3046
1334 1163 5486 12637 9857 3040
1335 1163 5483 12678 9821 3025
1335 1163 5482 12674 9801 3039
1335 1163 5479 12641 9816 3052
1335 1163 5480 12623 9833 3052
1336 1163 5483 12612 9843 3061
1337 1164 5485 12615 9849 3059
1338 1165 5488 12628 9848 3047
1336 1165 5487 12635 9842 3047
1339 1163 5487 12637 9832 3044
1338 1165 5488 12634 9817 3039
1338 1163 5486 12642 9779 3035
1339 1165 5486 12650 9773 3024
1340 1167 5487 12643 9806 3012
1340 1164 5484 12639 9829 3010
1339 1163 5484 12641 9842 3022
1340 1164 5485 12642 9844 3035
1340 1164 5487 12639 9840 3038
1341 1164 5486 12632 9840 3031
1341 1164 5483 12627 9837 3022
1342 1163 5488 12636 9825 3019
1341 1163 5487 12664 9764 2990
1342 1162 5485 12630 9796 3028
1341 1161 5484 12624 9826 3046
1340 1162 5486 12660 9842 3046
1339 1162 5486 12672 9848 3049
1342 1161 5487 12651 9851 3059
1342 1163 5487 12638 9849 3043
1343 1164 5487 12629 9848 3024
1342 1165 5486 12620 9857 3006
1340 1162 5486 12590 9837 2962
1340 1163 5483 12588 9855 2973
1340 1163 5481 12599 9862 2982
1340 1162 5482 12614 9875 2987
1341 1162 5483 12619 9887 3001
1344 1164 5482 12616 9886 3029
1341 1163 5481 12636 9882 3027
1340 1161 5481 12649 9882 3012
1340 1162 5478 12631 9884 3003
1341 1161 5478 12596 9860 2975
1340 1161 5477 12600 9857 2969
1340 1161 5473 12610 9859 2964
1341 1161 5475 12620 9861 2966
1339 1160 5474 12624 9860 2973
1339 1160 5472 12630 9862 2973
1339 1159 5476 12639 9859 2982
1340 1160 5478 12638 9853 2998
1340 1161 5477 12636 9848 3011
1341 1161 5475 12628 9832 3017
1342 1162 5474 12621 9832 3006
1342 1163 5469 12623 9869 3004
1341 1160 5471 12622 9892 3009
1341 1161 5470 12618 9881 3030
1342 1162 5471 12612 9868 3052
1343 1161 5472 12610 9854 3057
1344 1162 5468 12621 9849 3063
1342 1163 5466 12650 9854 3062
1345 1165 5467 12662 9860 3054
1345 1162 5475 12641 9856 3060
1344 1160 5476 12631 9811 3072
1343 1161 5471 12640 9790 3073
1341 1160 5468 12660 9830 3058
1340 1158 5468 12658 9872 3042
1341 1159 5470 12637 9892 3035
1340 1160 5468 12621 9882 3025
1340 1159 5467 12610 9856 3018
1340 1159 5464 12597 9847 3017
1339 1159 5463 12578 9858 3015
1339 1159 5462 12580 9872 3008
1338 1158 5463 12599 9857 2995
1338 1158 5460 12615 9845 2988
1339 1159 5463 12622 9855 2993
1340 1159 5463 12612 9855 3021
1338 1159 5461 12606 9866 3059
1337 1157 5457 12635 9877 3057
1337 1159 5457 12658 9873 3042
1336 1158 5456 12641 9881 3043
1336 1157 5455 12616 9890 3052
1337 1158 5455 12603 9886 3055
1337 1157 5451 12667 9834 3026
1336 1157 5453 12661 9834 3026
1335 1159 5452 12647 9836 3017
1336 1158 5453 12635 9831 3019
1336 1158 5453 12629 9830 3008
1335 1157 5456 12636 9829 2987
1337 1156 5453 12642 9828 2983
1337 1158 5455 12638 9837 2986
1336 1157 5451 12633 9841 2990
1334 1157 5450 12641 9800 2992
1336 1158 5452 12637 9801 2979
1337 1158 5453 12634 9814 2971
1337 1158 5453 12629 9817 2987
1336 1158 5454 12649 9813 2991
1335 1158 5451 12661 9815 2992
1334 1158 5449 12638 9816 2999
1338 1159 5454 12625 9822 3027
1337 1158 5459 12657 9835 3032
1334 1156 5453 12705 9836 3006
1334 1157 5449 12692 9821 3011
1333 1157 5447 12651 9822 3021
1333 1156 5451 12631 9827 3014
1333 1155 5451 12628 9824 3003
1332 1157 5449 12621 9830 2990
1330 1156 5450 12599 9848 2973
1330 1157 5452 12592 9863 2967
1328 1155 5451 12600 9861 2986
1329 1156 5451 12617 9858 3010
1328 1155 5446 12641 9851 3027
1328 1155 5447 12655 9822 3034
1328 1157 5448 12657 9813 3043
1326 1157 5447 12673 9839 3041
1326 1155 5443 12669 9850 3042
1326 1154 5444 12633 9854 3048
1325 1155 5445 12618 9857 3034
1323 1154 5443 12623 9847 3011
1322 1154 5444 12628 9842 3010
1322 1155 5443 12627 9846 3021
1323 1154 5442 12633 9844 3016
1322 1153 5443 12662 9809 2997
1321 1154 5444 12680 9791 2987
1322 1155 5446 12662 9806 2999
1322 1155 5444 12653 9816 3004
1324 1157 5447 12657 9824 2998
1322 1158 5446 12652 9827 2994
1322 1158 5445 12644 9833 2996
1325 1155 5447 12642 9839 2999
1323 1157 5451 12644 9840 2984
1322 1157 5449 12642 9835 2974
1324 1155 5448 12679 9780 2982
1324 1156 5448 12679 9804 3005
1325 1158 5447 12646 9818 3023
1324 1156 5448 12632 9821 3029
1323 1156 5451 12646 9827 3024
1322 1155 5449 12677 9839 2990
1319 1154 5444 12673 9842 2968
1317 1154 5445 12639 9836 2974
1319 1155 5447 12626 9823 2970
1317 1155 5451 12638 9783 2949
1316 1154 5448 12646 9766 2929
1313 1155 5446 12623 9800 2935
1314 1154 5443 12601 9839 2950
1313 1154 5442 12595 9851 2946
1312 1155 5444 12605 9842 2940
1313 1154 5443 12622 9833 2950
1314 1155 5441 12623 9827 2980
1313 1153 5442 12613 9836 3016
1310 1153 5440 12631 9852 3023
1310 1154 5440 12646 9810 2981
1309 1154 5441 12639 9805 2975
1306 1154 5442 12615 9827 2977
1308 1157 5437 12609 9837 2970
1307 1155 5439 12618 9837 2957
1306 1155 5440 12632 9826 2955
1307 1155 5439 12638 9819 2946
1306 1154 5440 12635 9822 2920
1304 1154 5440 12627 9824 2925
1306 1156 5440 12633 9815 2937
1305 1155 5444 12656 9771 2935
1305 1156 5443 12652 9760 2943
1305 1155 5442 12626 9797 2954
1306 1155 5443 12619 9815 2951
1306 1155 5445 12620 9817 2963
1307 1154 5444 12624 9822 2979
1305 1156 5444 12628 9821 2968
1306 1155 5444 12623 9812 2960
1307 1157 5445 12622 9808 2971
1307 1157 5450 12638 9803 2972
1309 1155 5446 12642 9785 2962
1307 1157 5443 12627 9784 2956
1306 1156 5444 12625 9799 2969
1307 1156 5450 12652 9802 2978
1304 1154 5450 12683 9809 2958
1304 1155 5448 12670 9818 2954
1303 1155 5449 12646 9829 2961
1302 1156 5450 12638 9832 2955
1302 1154 5451 12628 9832 2960
1300 1155 5451 12622 9847 2967
1298 1154 5450 12635 9828 2952
1298 1155 5447 12628 9837 2961
1297 1154 5446 12629 9839 2982
1296 1155 5446 12639 9837 2998
1296 1154 5442 12644 9824 3033
1295 1155 5441 12640 9823 3047
1295 1155 5446 12664 9826 3027
1296 1154 5445 12677 9829 3024
1296 1154 5443 12657 9838 3024
1293 1153 5441 12672 9792 2996
1294 1154 5444 12664 9808 3009
1293 1154 5443 12655 9815 3021
1292 1155 5442 12658 9809 3039
1292 1155 5441 12669 9804 3044
1291 1155 5443 12676 9797 3038
1291 1153 5443 12672 9791 3036
1292 1154 5446 12665 9793 3041
1292 1155 5445 12662 9800 3039
1292 1154 5443 12684 9764 3010
1292 1158 5447 12670 9778 3021
1292 1156 5447 12654 9806 3032
1294 1154 5447 12655 9823 3026
1294 1155 5448 12667 9823 3015
1294 1154 5446 12676 9816 3019
1294 1154 5444 12668 9799 3049
1294 1155 5446 12656 9782 3061
1293 1155 5447 12660 9789 3055
1292 1155 5448 12678 9795 3039
1293 1155 5452 12679 9768 3033
1295 1155 5449 12668 9764 3046
1294 1156 5448 12675 9793 3059
1294 1157 5445 12707 9812 3054
1296 1158 5453 12714 9821 3041
1293 1156 5451 12690 9817 3037
1293 1156 5447 12673 9806 3030
1292 1155 5449 12661 9799 3018
1290 1155 5446 12644 9806 2996
1293 1157 5454 12617 9825 2982
1292 1157 5451 12612 9830 2978
1288 1153 5447 12630 9824 3000
1288 1156 5446 12637 9829 3032
1287 1155 5444 12653 9834 3042
1286 1154 5443 12661 9826 3052
1287 1155 5441 12654 9818 3087
1285 1154 5438 12680 9820 3098
1285 1154 5439 12703 9826 3078
1286 1155 5443 12682 9838 3078
1285 1153 5441 12652 9842 3091
1286 1153 5440 12612 9830 2978
1284 1154 5437 12630 9824 3000
1286 1155 5439 12637 9829 3032
1285 1152 5437 12653 9834 3042
1284 1153 5436 12661 9826 3052
1284 1153 5438 12654 9818 3087
1284 1153 5437 12680 9820 3098
1285 1154 5437 12703 9826 3078
1287 1155 5438 12682 9838 3078
1285 1154 5436 12652 9842 3091
1283 1154 5438 12684 9793 3044
1284 1152 5436 12676 9806 3041
1284 1153 5434 12659 9809 3045
1284 1152 5433 12650 9814 3037
1285 1152 5433 12657 9810 3024
1285 1152 5433 12667 9798 3025
1285 1153 5432 12669 9791 3030
1286 1153 5432 12665 9799 3027
1286 1151 5431 12661 9805 3024
1287 1151 5432 12669 9773 3004
1288 1154 5432 12659 9764 3003
1288 1152 5436 12645 9789 3014
1288 1152 5433 12646 9790 3024
1287 1151 5429 12650 9788 3040
1287 1151 5427 12671 9791 3045
1289 1151 5434 12687 9789 3062
1290 1151 5431 12686 9788 3065
1287 1149 5430 12677 9781 3060
1287 1149 5431 12669 9769 3074
1286 1149 5433 12705 9735 3046
1282 1149 5430 12674 9758 3066
1286 1149 5429 12654 9786 3104
1284 1150 5428 12692 9801 3109
1285 1149 5427 12737 9806 3085
1285 1149 5423 12717 9806 3086
1284 1148 5423 12678 9797 3090
1283 1148 5419 12658 9787 3075
1284 1147 5416 12644 9794 3064
1285 1147 5420 12629 9793 3047
1285 1147 5422 12614 9792 3013
1285 1149 5419 12610 9807 3013
1285 1145 5416 12616 9820 3047
1284 1145 5415 12633 9826 3069
1282 1146 5414 12651 9821 3075
1283 1144 5411 12653 9805 3102
1284 1146 5411 12653 9796 3133
1283 1145 5409 12678 9809 3131
1283 1145 5410 12678 9838 3119
1284 1144 5410 12648 9861 3116
1284 1144 5410 12632 9817 3073
1284 1143 5412 12629 9808 3068
1284 1144 5413 12641 9811 3078
1286 1145 5412 12663 9805 3083
1286 1145 5409 12662 9789 3081
1285 1147 5412 12654 9777 3085
1286 1146 5411 12658 9774 3090
1286 1146 5410 12659 9768 3078
1286 1145 5410 12664 9774 3065
1287 1144 5407 12677 9740 3037
1287 1147 5410 12663 9760 3048
1287 1146 5411 12658 9789 3069
1289 1145 5409 12660 9785 3070
1288 1145 5406 12659 9772 3085
1290 1144 5412 12661 9769 3107
1289 1143 5415 12672 9765 3114
1289 1144 5411 12688 9753 3112
1290 1145 5411 12682 9746 3111
1289 1144 5412 12666 9733 3097
1289 1143 5415 12679 9708 3099
1289 1145 5415 12705 9723 3101
1290 1144 5412 12720 9770 3086
1290 1143 5411 12703 9789 3102
1292 1146 5415 12669 9796 3103
1291 1144 5413 12659 9791 3074
1291 1144 5415 12656 9776 3059
1291 1144 5410 12635 9775 3053
1290 1143 5410 12608 9795 3041
1291 1144 5412 12609 9813 3026
1291 1144 5411 12642 9791 3019
1291 1143 5410 12663 9775 3028
1291 1143 5412 12656 9792 3044
1291 1143 5411 12642 9811 3066
1292 1143 5411 12652 9826 3090
1292 1143 5410 12693 9840 3094
1293 1144 5409 12696 9843 3107
1295 1145 5408 12657 9841 3128
1294 1143 5410 12639 9843 3131
1297 1144 5412 12644 9841 3123
1297 1145 5412 12664 9801 3093
1296 1144 5415 12680 9779 3081
1295 1148 5414 12670 9798 3090
1297 1145 5412 12671 9793 3077
1296 1144 5413 12680 9788 3073
1296 1144 5414 12675 9786 3066
1296 1143 5414 12668 9783 3050
1297 1144 5414 12659 9789 3045
1300 1145 5414 12654 9804 3041
1298 1144 5409 12657 9807 3050
1296 1144 5401 12697 9727 3042
1295 1141 5391 12681 9741 3052
1294 1139 5390 12665 9765 3075
1294 1138 5385 12672 9779 3083
1292 1136 5379 12693 9789 3084
1291 1135 5375 12678 9787 3097
1289 1135 5373 12653 9780 3108
1290 1134 5372 12667 9772 3106
1288 1133 5362 12712 9768 3096
1287 1132 5354 12716 9705 3043
1290 1132 5349 12704 9707 3031
1286 1132 5348 12682 9731 3034
1283 1132 5348 12657 9762 3014
1285 1131 5345 12632 9786 2997
1285 1131 5341 12632 9797 3003
1286 1131 5343 12641 9795 3020
1287 1132 5346 12647 9778 3030
1288 1131 5344 12663 9774 3027
1287 1132 5343 12686 9768 3025
1287 1132 5344 12698 9739 3043
1290 1132 5347 12709 9745 3049
1288 1131 5346 12722 9782 3046
1289 1131 5345 12695 9804 3074
1289 1132 5346 12659 9819 3098
1289 1132 5345 12652 9827 3093
1292 1132 5348 12666 9815 3077
1292 1131 5351 12678 9795 3062
1293 1133 5353 12671 9775 3062
1293 1133 5352 12670 9754 3064
1294 1133 5353 12700 9714 3043
1293 1134 5352 12719 9700 3034
1294 1134 5356 12704 9721 3044
1295 1134 5356 12693 9738 3047
1296 1134 5355 12689 9750 3048
1295 1135 5356 12680 9758 3053
1297 1134 5358 12669 9764 3066
1298 1134 5360 12670 9763 3071
1297 1137 5364 12671 9757 3072
1298 1137 5362 12669 9753 3066
1297 1135 5357 12710 9690 3039
1300 1135 5364 12707 9720 3068
1300 1135 5366 12710 9741 3081
1301 1135 5366 12687 9759 3080
1300 1134 5368 12659 9766 3083
1301 1135 5371 12663 9770 3081
1301 1135 5372 12708 9780 3063
1300 1135 5373 12742 9789 3043
1301 1135 5371 12715 9786 3051
1302 1134 5370 12687 9728 3048
1302 1135 5369 12682 9696 3009
1303 1135 5371 12669 9744 2994
1303 1137 5373 12646 9785 3008
1302 1135 5367 12631 9804 3014
1302 1137 5372 12626 9808 3026
1305 1136 5377 12631 9815 3043
1303 1136 5377 12648 9815 3059
1306 1139 5380 12671 9795 3069
1307 1137 5378 12667 9777 3097
1307 1136 5379 12720 9729 3074
1305 1136 5379 12710 9751 3079
1307 1136 5379 12673 9786 3089
1305 1137 5379 12656 9799 3079
1305 1137 5381 12657 9788 3061
1309 1138 5384 12672 9771 3066
1308 1139 5386 12677 9762 3080
1308 1138 5389 12676 9749 3070
1309 1139 5391 12675 9730 3058
1309 1138 5390 12681 9702 3045
1312 1141 5391 12695 9670 3033
1313 1140 5394 12700 9681 3033
1314 1140 5398 12691 9718 3028
1316 1141 5401 12679 9741 3031
1316 1143 5400 12680 9752 3051
1316 1140 5404 12683 9743 3070
1316 1142 5406 12674 9746 3075
1319 1145 5408 12675 9755 3084
1319 1144 5413 12687 9754 3095
1319 1144 5412 12696 9737 3090
1318 1143 5411 12710 9685 3081
1318 1143 5412 12716 9664 3089
1320 1143 5420 12723 9706 3101
1321 1144 5422 12712 9735 3101
1323 1143 5422 12675 9732 3106
1320 1144 5424 12665 9730 3118
1321 1144 5426 12700 9728 3126
1322 1145 5426 12745 9729 3119
1322 1144 5425 12735 9731 3107
1323 1144 5424 12698 9733 3101
1323 1144 5424 12705 9692 3051
1322 1145 5428 12682 9732 3052
1322 1145 5429 12647 9760 3068
1324 1145 5430 12634 9773 3089
1322 1146 5425 12643 9763 3104
1324 1146 5428 12662 9764 3109
1328 1149 5441 12675 9778 3108
1331 1150 5451 12667 9762 3125
1329 1151 5449 12648 9732 3156
1329 1152 5437 12723 9637 3141
1326 1153 5433 12696 9692 3138
1326 1154 5439 12671 9751 3139
1328 1154 5440 12669 9746 3157
1328 1153 5434 12670 9674 3189
1327 1149 5426 12668 9632 3228
1326 1151 5421 12675 9682 3239
1326 1150 5421 12691 9757 3221
1328 1152 5433 12684 9791 3213
1329 1152 5440 12714 9679 3183
1330 1153 5444 12693 9653 3239
1330 1153 5438 12662 9697 3264
1329 1153 5437 12647 9759 3256
1329 1153 5435 12638 9791 3250
1329 1153 5433 12636 9796 3253
1328 1153 5434 12631 9783 3281
1330 1152 5432 12639 9771 3301
1329 1152 5433 12651 9752 3322
1330 1152 5431 12671 9719 3328
1330 1152 5432 12705 9681 3302
1330 1151 5431 12693 9680 3300
1328 1150 5426 12666 9716 3311
1327 1150 5424 12653 9741 3310
1330 1151 5434 12632 9749 3309
1330 1151 5441 12624 9737 3331
1329 1148 5442 12640 9719 3363
1330 1151 5445 12678 9722 3358
1331 1149 5448 12687 9738 3339
1329 1150 5446 12664 9739 3316
1331 1153 5449 12653 9705 3286
1330 1150 5445 12639 9701 3285
1328 1149 5443 12623 9748 3310
1324 1147 5438 12603 9778 3325
1324 1146 5429 12584 9790 3344
1321 1142 5423 12577 9796 3360
1320 1143 5422 12583 9801 3357
1318 1142 5417 12616 9806 3351
1317 1140 5415 12647 9783 3370
1317 1141 5408 12644 9761 3395
1313 1138 5400 12660 9739 3370
1311 1140 5393 12684 9742 3355
1310 1139 5390 12670 9779 3388
1310 1138 5387 12657 9776 3407
1308 1137 5380 12652 9750 3408
1307 1137 5377 12649 9725 3405
1303 1135 5370 12650 9709 3407
1306 1135 5366 12650 9694 3415
1305 1136 5365 12651 9687 3426
1304 1135 5363 12664 9687 3420
1303 1133 5364 12745 9574 3358
1301 1133 5356 12716 9584 3373
1300 1131 5349 12684 9640 3386
1299 1133 5346 12664 9688 3391
1300 1131 5347 12653 9686 3398
1298 1131 5346 12655 9633 3423
1296 1130 5344 12665 9596 3441
1295 1131 5335 12675 9591 3444
1296 1129 5333 12673 9594 3458
1295 1130 5331 12752 9512 3421
1295 1128 5323 12758 9490 3434
1294 1128 5317 12729 9482 3464
1292 1127 5313 12709 9501 3488
1291 1127 5316 12728 9525 3492
1290 1125 5312 12771 9547 3468
1289 1125 5304 12776 9577 3463
1284 1126 5301 12750 9581 3463
1285 1128 5294 12728 9563 3457
1282 1126 5291 12732 9544 3445
1281 1123 5285 12751 9528 3413
1278 1123 5281 12739 9542 3393
1277 1123 5279 12715 9558 3392
1275 1121 5275 12701 9542 3399
1274 1122 5274 12698 9538 3397
1273 1121 5268 12723 9545 3388
1272 1120 5266 12752 9545 3395
1273 1121 5268 12763 9542 3409
1269 1121 5265 12787 9529 3406
1271 1120 5263 12811 9498 3386
1269 1120 5261 12812 9486 3359
1270 1119 5261 12787 9516 3358
1269 1119 5259 12760 9559 3374
1267 1119 5258 12756 9581 3374
1266 1117 5253 12747 9576 3365
1266 1118 5254 12733 9572 3356
1266 1118 5252 12728 9568 3353
1268 1118 5250 12736 9554 3344
1265 1116 5249 12743 9543 3329
1266 1117 5252 12740 9538 3319
1265 1117 5253 12747 9494 3308
1265 1118 5253 12744 9489 3318
1264 1117 5252 12724 9551 3344
1266 1117 5252 12722 9593 3353
1266 1118 5255 12719 9615 3366
1267 1119 5255 12706 9623 3377
1268 1119 5259 12692 9623 3392
1269 1117 5265 12694 9630 3409
1267 1118 5261 12716 9658 3392
1266 1119 5256 12709 9686 3395
1267 1118 5260 12704 9625 3399
1268 1118 5267 12731 9641 3425
1268 1117 5268 12747 9653 3434
1267 1118 5269 12710 9673 3434
1265 1119 5271 12675 9691 3431
1265 1117 5274 12660 9697 3432
1264 1118 5275 12650 9695 3426
1263 1119 5275 12644 9713 3422
1264 1117 5278 12627 9743 3426
1265 1119 5280 12618 9742 3407
1263 1121 5281 12631 9734 3388
1264 1118 5280 12648 9755 3393
1263 1119 5279 12653 9769 3406
1264 1119 5282 12647 9768 3430
1263 1119 5286 12653 9775 3438
1262 1123 5285 12665 9789 3426
1263 1121 5284 12658 9808 3411
1263 1120 5282 12639 9804 3399
1262 1120 5283 12619 9784 3393
1260 1118 5280 12645 9700 3367
1260 1120 5280 12669 9695 3354
1261 1120 5278 12671 9709 3351
1258 1120 5277 12667 9693 3362
1259 1119 5278 12663 9669 3371
1259 1120 5280 12650 9673 3365
1260 1119 5280 12646 9707 3366
1260 1120 5279 12661 9728 3366
1258 1120 5276 12664 9731 3374
1259 1121 5275 12654 9708 3388
1260 1122 5277 12642 9664 3375
1259 1121 5275 12641 9664 3369
1260 1122 5279 12661 9687 3389
1261 1122 5278 12673 9706 3395
1259 1119 5277 12671 9721 3393
1263 1120 5279 12667 9715 3407
1265 1123 5285 12663 9706 3423
1262 1122 5280 12649 9708 3436
1260 1119 5279 12645 9712 3444
1263 1121 5282 12661 9712 3443
1263 1121 5288 12699 9683 3409
1262 1119 5286 12700 9689 3384
1262 1120 5287 12661 9730 3398
1260 1121 5286 12641 9746 3411
1259 1119 5284 12625 9755 3416
1258 1119 5285 12609 9759 3399
1257 1118 5280 12599 9764 3390
1257 1118 5279 12595 9777 3397
1255 1116 5276 12602 9794 3405
1255 1118 5274 12603 9799 3425
1256 1119 5273 12611 9758 3416
1257 1118 5268 12618 9732 3418
1255 1118 5269 12613 9749 3461
1254 1119 5271 12639 9765 3469
1254 1118 5268 12659 9779 3470
1253 1117 5267 12639 9793 3481
1253 1118 5265 12616 9802 3486
1251 1118 5263 12611 9798 3485
1254 1120 5262 12620 9789 3483
1252 1118 5262 12628 9788 3490
1250 1118 5260 12653 9690 3443
1251 1116 5261 12650 9700 3454
1250 1116 5263 12650 9705 3458
1252 1115 5263 12650 9707 3446
1253 1118 5264 12643 9721 3438
1252 1119 5265 12635 9750 3443
1253 1117 5265 12629 9765 3441
1252 1118 5264 12625 9769 3441
1253 1119 5261 12628 9756 3448
1254 1118 5261 12648 9669 3423
1256 1119 5261 12645 9672 3441
1255 1118 5262 12649 9687 3444
1256 1119 5263 12633 9693 3445
1255 1118 5260 12616 9690 3457
1254 1118 5259 12632 9693 3473
1254 1118 5261 12674 9716 3469
1257 1118 5269 12693 9739 3447
1258 1118 5268 12669 9739 3446
1255 1119 5267 12660 9656 3404
1254 1117 5265 12655 9654 3409
1254 1117 5265 12633 9690 3429
1254 1118 5267 12615 9725 3424
1251 1118 5268 12615 9741 3412
1253 1117 5264 12625 9732 3417
1254 1117 5262 12638 9713 3418
1253 1117 5261 12639 9694 3436
1254 1119 5263 12640 9703 3456
1252 1117 5259 12682 9705 3433
1254 1118 5264 12720 9660 3409
1254 1117 5264 12701 9653 3422
1251 1117 5260 12665 9685 3445
1251 1116 5260 12654 9684 3455
1254 1117 5261 12663 9680 3451
1252 1118 5260 12670 9691 3447
1253 1117 5259 12678 9698 3444
1253 1116 5259 12687 9691 3437
1253 1118 5259 12690 9679 3428
1252 1117 5257 12680 9660 3426
1253 1114 5256 12692 9606 3404
1252 1116 5257 12702 9583 3402
1253 1119 5258 12687 9621 3436
1255 1118 5260 12682 9652 3451
1254 1117 5260 12676 9662 3441
1254 1117 5260 12666 9654 3430
1255 1117 5259 12662 9647 3438
1256 1118 5259 12667 9646 3468
1256 1120 5259 12692 9654 3485
1257 1120 5260 12703 9659 3478
1257 1119 5260 12692 9606 3404
1257 1118 5258 12702 9583 3402
1257 1118 5258 12687 9621 3436
1257 1117 5258 12682 9652 3451
1259 1116 5265 12676 9662 3441
1257 1117 5264 12666 9654 3430
1257 1117 5264 12662 9647 3438
1257 1117 5262 12667 9646 3468
1256 1116 5264 12692 9654 3485
1258 1117 5265 12703 9659 3478
1258 1116 5262 12698 9595 3445
1256 1116 5262 12713 9626 3470
1258 1117 5261 12743 9654 3465
1256 1117 5263 12724 9661 3455
1257 1119 5262 12685 9649 3448
1256 1117 5255 12674 9642 3443
1255 1116 5258 12666 9648 3428
1257 1118 5262 12648 9676 3422
1258 1118 5259 12634 9699 3431
1258 1116 5260 12648 9690 3422
1258 1119 5261 12665 9677 3420
1258 1118 5260 12670 9685 3441
1256 1116 5257 12679 9686 3461
1258 1117 5256 12667 9673 3491
1258 1117 5255 12663 9678 3509
1257 1116 5253 12693 9692 3500
1257 1117 5254 12698 9692 3496
1258 1117 5256 12671 9686 3502
1259 1117 5255 12657 9679 3496
1259 1117 5254 12711 9603 3427
1258 1115 5255 12720 9607 3425
1258 1117 5255 12704 9628 3437
1260 1117 5256 12700 9631 3432
1259 1116 5255 12713 9618 3430
1262 1117 5253 12722 9588 3441
1262 1118 5256 12713 9581 3442
1266 1118 5263 12702 9587 3436
1266 1119 5273 12691 9580 3430
1271 1120 5283 12704 9568 3420
1272 1121 5293 12730 9550 3414
1270 1120 5296 12733 9551 3417
1277 1123 5308 12722 9567 3431
1281 1127 5319 12723 9565 3444
1280 1124 5321 12730 9555 3461
1279 1125 5324 12734 9538 3476
1279 1125 5326 12741 9517 3482
1280 1125 5330 12731 9505 3490
1280 1125 5332 12707 9515 3494
1282 1125 5331 12709 9536 3501
1282 1125 5330 12760 9527 3477
1282 1125 5332 12810 9542 3458
1283 1125 5331 12785 9576 3474
1280 1125 5332 12732 9558 3490
1280 1125 5328 12710 9522 3486
1282 1126 5328 12705 9506 3467
1284 1126 5329 12688 9529 3464
1283 1126 5328 12663 9561 3476
1281 1125 5327 12656 9584 3482
1282 1124 5327 12665 9593 3484
1283 1126 5326 12735 9542 3447
1283 1123 5322 12718 9558 3488
1284 1124 5322 12701 9564 3530
1282 1125 5321 12728 9564 3531
1281 1124 5316 12743 9565 3536
1281 1124 5316 12724 9574 3538
1281 1125 5318 12708 9579 3537
1283 1126 5316 12700 9565 3543
1283 1125 5315 12704 9562 3533
1283 1124 5313 12761 9513 3468
1282 1125 5309 12750 9523 3493
1282 1123 5311 12732 9519 3506
1284 1122 5311 12730 9492 3505
1282 1123 5308 12737 9491 3503
1283 1123 5307 12736 9510 3495
1283 1123 5305 12724 9522 3490
1284 1123 5305 12714 9525 3497
1284 1123 5304 12712 9505 3513
1284 1123 5302 12734 9449 3486
1284 1124 5302 12725 9481 3505
1284 1123 5296 12731 9501 3537
1283 1122 5291 12742 9505 3545
1284 1124 5298 12741 9512 3546
1286 1123 5302 12739 9514 3548
1284 1123 5298 12730 9521 3553
1283 1123 5300 12699 9539 3556
1284 1121 5299 12686 9550 3547
1286 1123 5301 12732 9532 3532
1285 1122 5297 12814 9509 3500
1284 1122 5293 12816 9521 3497
1284 1123 5293 12749 9532 3520
1283 1124 5291 12707 9516 3523
1283 1122 5289 12697 9530 3509
1284 1122 5288 12692 9569 3489
1282 1121 5283 12665 9586 3487
1284 1120 5284 12644 9593 3500
1283 1121 5288 12652 9595 3509
1283 1120 5283 12680 9586 3501
1281 1119 5279 12710 9544 3473
1281 1120 5275 12707 9521 3473
1281 1119 5273 12686 9544 3509
1280 1118 5270 12708 9560 3514
1280 1118 5268 12733 9581 3518
1279 1120 5265 12710 9617 3542
1279 1121 5260 12689 9639 3548
1277 1120 5257 12689 9638 3538
1278 1120 5257 12697 9641 3522
1279 1118 5255 12704 9645 3510
1277 1118 5252 12733 9550 3460
1277 1119 5250 12712 9562 3465
1279 1119 5249 12709 9561 3454
1278 1115 5245 12705 9561 3454
1276 1116 5240 12701 9573 3463
1277 1116 5237 12688 9598 3463
1276 1115 5233 12675 9626 3465
1274 1116 5231 12677 9648 3468
1275 1116 5232 12677 9644 3465
1276 1115 5229 12702 9549 3407
1274 1116 5226 12700 9575 3422
1275 1114 5230 12705 9591 3447
1276 1114 5226 12717 9587 3447
1275 1115 5224 12705 9570 3471
1276 1116 5222 12685 9551 3496
1279 1115 5227 12717 9560 3495
1277 1115 5231 12742 9575 3490
1277 1115 5231 12714 9559 3480
1277 1114 5231 12728 9508 3455
1275 1113 5230 12771 9531 3444
1278 1117 5231 12784 9570 3446
1277 1115 5232 12758 9587 3450
1277 1115 5231 12718 9584 3446
1277 1114 5229 12690 9570 3431
1277 1113 5228 12674 9576 3423
1276 1113 5225 12668 9614 3410
1277 1114 5225 12675 9643 3391
1277 1115 5226 12690 9625 3377
1277 1113 5228 12708 9586 3366
1278 1114 5228 12696 9566 3389
1277 1113 5226 12687 9566 3420
1277 1114 5224 12718 9586 3421
1277 1113 5226 12759 9626 3411
1278 1113 5227 12748 9648 3430
1276 1113 5223 12700 9643 3451
1275 1114 5219 12682 9631 3452
1276 1112 5218 12697 9628 3441
1277 1114 5220 12718 9620 3413
1276 1114 5220 12719 9594 3385
1279 1112 5218 12711 9583 3386
1277 1112 5216 12710 9585 3401
1277 1112 5214 12725 9580 3393
1277 1114 5215 12736 9591 3381
1277 1113 5217 12725 9608 3389
1277 1112 5215 12710 9602 3402
1277 1113 5213 12704 9584 3403
1278 1113 5212 12700 9576 3386
1278 1114 5213 12702 9581 3372
1278 1112 5216 12726 9556 3352
1278 1113 5215 12737 9550 3348
1278 1113 5215 12730 9562 3379
1278 1114 5213 12738 9554 3391
1278 1111 5208 12747 9558 3403
1278 1111 5207 12752 9565 3410
1279 1112 5216 12754 9579 3390
1280 1111 5218 12733 9582 3398
1280 1112 5214 12713 9559 3414
1279 1110 5215 12723 9536 3420
1279 1111 5216 12820 9515 3366
1279 1113 5220 12782 9552 3396
1280 1112 5222 12753 9550 3409
1280 1113 5222 12754 9535 3406
1278 1114 5220 12738 9518 3394
1279 1113 5219 12705 9521 3393
1279 1113 5215 12674 9553 3413
1279 1115 5218 12675 9598 3412
1278 1114 5214 12690 9630 3404
1279 1113 5216 12723 9565 3398
1278 1112 5217 12718 9570 3431
1277 1111 5214 12747 9611 3442
1278 1112 5215 12768 9635 3439
1278 1113 5217 12732 9642 3440
1277 1114 5217 12694 9647 3444
1276 1112 5215 12685 9650 3435
1276 1112 5213 12700 9645 3423
1275 1113 5212 12703 9649 3424
1277 1113 5211 12686 9656 3421
1277 1112 5214 12755 9553 3367
1278 1114 5214 12754 9557 3392
1278 1115 5215 12736 9561 3401
1276 1113 5212 12715 9562 3387
1276 1114 5214 12693 9570 3373
1276 1113 5211 12684 9577 3371
1276 1111 5211 12684 9587 3370
1278 1116 5214 12685 9603 3381
1276 1115 5210 12696 9615 3390
1276 1113 5213 12733 9536 3356
1277 1114 5213 12741 9547 3378
1276 1113 5209 12737 9579 3391
1274 1113 5207 12710 9592 3399
1276 1113 5209 12711 9591 3400
1277 1112 5217 12764 9584 3417
1276 1111 5216 12814 9586 3411
1273 1111 5216 12785 9595 3401
1274 1112 5216 12734 9590 3398
1274 1110 5216 12750 9512 3317
1274 1112 5216 12743 9525 3306
1275 1114 5218 12703 9583 3324
1273 1112 5214 12676 9623 3344
1272 1112 5213 12678 9636 3366
1273 1112 5213 12700 9624 3375
1269 1112 5213 12723 9602 3382
1270 1113 5210 12720 9587 3407
1271 1115 5211 12717 9594 3424
1270 1113 5213 12770 9596 3390
1269 1112 5211 12804 9556 3350
1267 1111 5211 12764 9542 3364
1267 1111 5212 12722 9562 3385
1266 1112 5212 12716 9572 3379
1267 1112 5208 12728 9585 3378
1267 1113 5208 12743 9583 3389
1267 1112 5209 12754 9575 3397
1266 1113 5208 12759 9568 3379
1266 1112 5207 12760 9540 3357
1266 1114 5209 12758 9515 3346
1267 1112 5211 12771 9493 3306
1267 1113 5211 12775 9504 3292
1266 1113 5210 12755 9549 3324
1265 1112 5207 12739 9573 3342
1265 1113 5208 12736 9568 3347
1263 1113 5206 12748 9542 3343
1264 1113 5208 12755 9521 3343
1266 1113 5208 12746 9511 3348
1268 1113 5209 12749 9518 3350
1264 1113 5210 12768 9525 3351
1265 1113 5207 12760 9491 3327
1264 1113 5205 12750 9494 3365
1263 1113 5211 12782 9510 3374
1264 1113 5216 12803 9540 3368
1263 1112 5211 12777 9545 3377
1263 1113 5210 12755 9540 3386
1263 1112 5211 12755 9536 3381
1261 1112 5213 12752 9539 3360
1261 1113 5215 12732 9576 3352
1258 1113 5214 12722 9588 3335
1259 1112 5210 12726 9568 3318
1257 1112 5209 12718 9560 3346
1256 1111 5210 12728 9558 3365
1254 1113 5210 12746 9560 3376
1255 1112 5206 12741 9567 3399
1255 1112 5206 12750 9578 3404
1255 1111 5209 12770 9588 3396
1253 1111 5208 12753 9597 3401
1253 1111 5211 12722 9608 3411
1254 1112 5208 12753 9574 3346
1253 1113 5208 12759 9570 3349
1251 1114 5209 12742 9557 3371
1251 1110 5207 12748 9545 3376
1250 1111 5207 12767 9530 3367
1250 1110 5206 12769 9512 3368
1250 1111 5206 12749 9507 3370
1250 1113 5209 12738 9519 3371
1249 1114 5210 12742 9539 3369
1250 1114 5208 12756 9536 3350
1251 1113 5208 12773 9515 3330
1248 1112 5205 12768 9499 3332
1249 1111 5205 12756 9488 3358
1250 1112 5207 12756 9492 3381
1249 1113 5209 12768 9510 3381
1250 1113 5211 12765 9538 3374
1248 1112 5208 12765 9546 3379
1249 1113 5207 12776 9515 3385
1248 1113 5200 12779 9437 3379
1247 1112 5192 12822 9309 3379
1244 1112 5183 12918 9142 3383
1249 1114 5195 12992 9043 3391
1250 1115 5210 12973 9067 3427
1250 1117 5222 12896 9207 3454
1252 1118 5232 12817 9415 3441
1253 1118 5237 12763 9576 3419
1253 1120 5241 12730 9672 3397
1253 1122 5246 12700 9708 3378
1253 1121 5246 12672 9717 3376
1252 1121 5244 12659 9725 3378
1250 1121 5245 12671 9682 3356
1250 1123 5245 12681 9658 3352
1249 1121 5244 12682 9664 3382
1248 1122 5241 12692 9636 3411
1248 1122 5241 12733 9592 3426
1247 1121 5248 12773 9566 3419
1248 1122 5246 12760 9577 3424
1247 1121 5247 12719 9583 3438
1246 1121 5245 12706 9564 3440
