2025-10-19 16:32:21    绿光---红外光---红光---X轴---Y轴---Z轴
1306 1106 5414 12629 9784 2979
1308 1106 5408 12620 9801 2983
1307 1106 5404 12607 9799 2992
1306 1104 5402 12592 9805 3002
1310 1106 5414 12590 9827 2989
1311 1106 5424 12596 9865 2958
1310 1106 5422 12599 9896 2940
1312 1108 5415 12600 9912 2933
1311 1108 5405 12608 9923 2923
1308 1107 5403 12619 9910 2924
1308 1107 5402 12624 9881 2927
1305 1104 5399 12634 9861 2925
1305 1102 5398 12649 9856 2901
1307 1106 5397 12631 9867 2884
1307 1103 5397 12593 9890 2918
1306 1103 5398 12588 9898 2976
1307 1104 5395 12609 9878 3038
1307 1102 5395 12645 9836 3066
1307 1104 5395 12655 9795 3060
1306 1104 5390 12619 9730 3011
1307 1104 5386 12624 9753 3003
1305 1104 5386 12660 9787 2976
1306 1104 5385 12688 9805 2965
1306 1105 5387 12672 9812 2996
1306 1104 5384 12662 9816 3008
1309 1104 5383 12689 9823 2982
1311 1105 5382 12708 9824 2973
1310 1104 5383 12706 9807 2981
1310 1103 5384 12680 9749 2961
1307 1103 5374 12679 9765 2965
1306 1104 5364 12681 9799 2973
1306 1103 5360 12690 9822 2983
1306 1103 5366 12701 9829 2994
1309 1103 5372 12714 9828 2993
1308 1103 5371 12694 9824 3014
1307 1102 5361 12666 9825 3048
1306 1101 5361 12695 9824 3054
1308 1101 5365 12783 9746 3030
1310 1103 5370 12866 9606 2968
1311 1102 5374 12873 9536 2885
1310 1103 5368 12837 9554 2808
1307 1102 5362 12796 9563 2769
1308 1102 5360 12762 9491 2774
1306 1100 5354 12739 9377 2808
1306 1101 5344 12728 9340 2892
1303 1098 5341 12775 9402 2979
1303 1098 5341 12857 9460 3046
1304 1097 5336 12915 9432 3115
1303 1097 5332 12959 9356 3151
1301 1096 5321 12963 9283 3183
1299 1095 5314 12905 9224 3213
1298 1095 5308 12834 9155 3222
1298 1096 5310 12807 9090 3225
1297 1095 5307 12845 9085 3193
1295 1091 5291 12903 9123 3145
1290 1091 5280 12902 9148 3147
1293 1090 5288 12858 9116 3214
1295 1090 5289 12847 9063 3289
1294 1091 5285 13036 9030 3232
1290 1090 5275 13105 9048 3241
1293 1090 5285 13051 9044 3329
1295 1089 5296 12978 8993 3423
1299 1090 5309 12969 8992 3443
1302 1092 5312 13008 9062 3398
1300 1093 5307 13053 9119 3370
1301 1093 5313 13029 9085 3416
1305 1094 5330 12966 9014 3484
1306 1095 5335 12948 9027 3476
1306 1094 5324 12996 9136 3419
1306 1094 5325 13005 9210 3437
1307 1096 5331 12945 9172 3498
1310 1096 5328 12907 9072 3530
1305 1096 5311 12927 9040 3491
1304 1095 5313 12958 9153 3432
1307 1095 5320 12928 9252 3442
1304 1094 5319 12858 9209 3508
1301 1092 5298 12822 9166 3548
1298 1093 5281 12993 9200 3460
1299 1090 5281 13065 9095 3493
1297 1090 5277 13086 9013 3517
1294 1088 5265 13104 9031 3497
1294 1088 5263 13157 9069 3443
1298 1089 5284 13204 8991 3434
1299 1090 5281 13208 8837 3452
1298 1090 5270 13148 8775 3422
1298 1089 5271 13062 8778 3389
1301 1091 5286 13065 8750 3371
1300 1091 5287 13130 8760 3310
1299 1089 5276 13142 8889 3199
1296 1089 5265 13098 8965 3156
1297 1090 5260 13075 8873 3255
1293 1087 5252 13095 8752 3389
1295 1089 5257 13104 8776 3445
1297 1089 5267 13102 8875 3449
1295 1090 5265 13169 8906 3451
1298 1090 5265 13246 8852 3462
1300 1094 5273 13293 8745 3464
1302 1094 5284 13378 8630 3376
1302 1095 5284 13361 8558 3276
1301 1095 5277 13215 8583 3229
1299 1097 5277 13087 8612 3223
1299 1093 5275 13090 8604 3247
1301 1094 5265 13191 8654 3214
1297 1093 5256 13264 8775 3131
1295 1092 5246 13273 8859 3102
1292 1090 5235 13267 8829 3145
1291 1089 5227 13303 8766 3181
1290 1089 5216 13359 8749 3156
1291 1088 5218 13367 8735 3122
1294 1090 5234 13378 8704 3126
1296 1091 5243 13396 8659 3128
1293 1089 5236 13376 8605 3075
1288 1087 5213 13341 8543 3005
1286 1087 5204 13345 8452 2991
1287 1086 5197 13395 8354 3026
1288 1086 5205 13409 8316 3057
1288 1089 5199 13405 8408 3022
1289 1090 5208 13390 8564 2940
1292 1092 5220 13352 8496 3040
1295 1092 5220 13314 8528 3128
1294 1093 5214 13284 8637 3153
1297 1096 5210 13283 8726 3131
1299 1096 5223 13317 8757 3136
1303 1100 5249 13283 8779 3177
1306 1100 5258 13189 8834 3226
1307 1101 5257 13176 8811 3274
1309 1102 5268 13456 8527 3302
1314 1104 5274 13436 8440 3375
1312 1102 5277 13337 8511 3440
1313 1104 5277 13292 8595 3441
1313 1104 5277 13322 8615 3413
1316 1103 5288 13329 8624 3416
1318 1105 5294 13282 8639 3431
1318 1104 5299 13252 8643 3426
1317 1104 5295 13274 8627 3422
1315 1104 5292 13387 8609 3335
1316 1104 5298 13342 8634 3320
1318 1103 5305 13261 8668 3351
1317 1103 5303 13214 8684 3377
1317 1103 5301 13241 8662 3369
1318 1102 5298 13263 8647 3341
1317 1104 5308 13208 8659 3336
1320 1103 5318 13180 8673 3367
1322 1102 5325 13208 8614 3394
1320 1100 5327 13271 8531 3379
1321 1099 5326 13315 8510 3348
1320 1098 5321 13310 8526 3346
1317 1097 5318 13312 8565 3356
1315 1096 5316 13306 8618 3354
1315 1095 5314 13301 8635 3358
1314 1093 5313 13322 8655 3367
1312 1090 5303 13332 8671 3372
1307 1089 5287 13302 8666 3365
1305 1088 5281 13248 8716 3364
1304 1088 5273 13168 8820 3352
1304 1088 5268 13136 8921 3283
1302 1089 5263 13179 8911 3248
1299 1086 5260 13230 8791 3282
1300 1086 5259 13267 8673 3307
1300 1085 5258 13315 8587 3274
1297 1083 5251 13422 8526 3205
1293 1081 5235 13484 8472 3163
1297 1085 5237 13425 8419 3143
1295 1084 5236 13362 8444 3105
1296 1082 5243 13327 8530 3063
1296 1083 5245 13363 8569 3038
1295 1083 5244 13406 8520 3062
1294 1080 5244 13406 8450 3111
1297 1083 5249 13430 8469 3103
1300 1084 5259 13460 8565 3050
1299 1085 5270 13439 8636 3004
1301 1087 5273 13345 8645 3004
1304 1088 5276 13271 8618 3001
1303 1086 5278 13298 8626 2947
1304 1088 5274 13340 8685 2883
1306 1088 5270 13288 8750 2839
1303 1086 5267 13268 8745 2866
1303 1087 5266 13311 8726 2910
1301 1086 5263 13348 8678 2977
1300 1085 5264 13382 8601 3064
1301 1086 5259 13433 8519 3133
1300 1090 5258 13497 8478 3172
1297 1086 5247 13551 8443 3219
1294 1085 5242 13538 8412 3246
1295 1085 5241 13431 8422 3177
1290 1082 5234 13376 8361 3162
1289 1083 5232 13364 8279 3169
1290 1081 5228 13393 8252 3178
1289 1084 5222 13454 8242 3180
1290 1083 5228 13485 8247 3184
1291 1084 5229 13483 8253 3195
1288 1083 5226 13480 8228 3223
1287 1082 5218 13495 8227 3236
1288 1082 5220 13525 8292 3224
1289 1083 5218 13540 8364 3214
1286 1083 5218 13550 8337 3228
1288 1083 5219 13566 8249 3234
1286 1082 5219 13554 8190 3233
1287 1083 5220 13539 8156 3236
1289 1083 5222 13540 8136 3219
1290 1083 5231 13525 8134 3216
1288 1084 5230 13523 8127 3222
1290 1084 5235 13578 8105 3226
1289 1085 5239 13633 8105 3234
1290 1086 5239 13658 8149 3220
1290 1087 5238 13644 8159 3221
1292 1086 5239 13622 8143 3247
1290 1086 5233 13617 8148 3258
1289 1086 5231 13618 8145 3255
1291 1089 5233 13599 8150 3235
1288 1086 5232 13565 8143 3225
1290 1087 5233 13558 8110 3225
1289 1086 5232 13583 8086 3207
1288 1087 5229 13592 8086 3189
1287 1086 5235 13602 8149 3168
1288 1085 5236 13663 8207 3169
1291 1086 5240 13758 8179 3190
1289 1086 5242 13792 8125 3204
1288 1087 5240 13732 8109 3199
1287 1086 5241 13667 8123 3156
1288 1087 5241 13595 8128 3127
1286 1087 5235 13527 8138 3119
1283 1083 5223 13488 8167 3119
1281 1083 5218 13479 8229 3118
1280 1082 5215 13535 8316 3099
1279 1082 5210 13626 8296 3089
1276 1081 5199 13637 8176 3112
1275 1084 5196 13566 8122 3147
1276 1081 5203 13559 8172 3141
1278 1081 5210 13628 8221 3126
1276 1082 5217 13680 8177 3131
1276 1081 5210 13684 8104 3116
1276 1082 5207 13584 8084 3099
1275 1082 5210 13431 8141 3101
1275 1082 5208 13548 8329 3031
1276 1082 5209 13617 8268 3045
1275 1082 5212 13565 8188 3066
1275 1082 5212 13519 8157 3096
1277 1084 5210 13561 8183 3117
1276 1082 5210 13599 8224 3112
1273 1083 5205 13579 8254 3114
1271 1081 5195 13530 8252 3133
1270 1081 5190 13463 8269 3151
1268 1080 5184 13453 8328 3164
1268 1079 5174 13506 8355 3167
1270 1081 5176 13548 8324 3151
1271 1079 5192 13555 8276 3154
1271 1079 5186 13568 8221 3190
1268 1080 5180 13591 8166 3202
1266 1078 5176 13538 8237 3183
1269 1080 5190 13467 8357 3164
1271 1079 5195 13453 8354 3155
1267 1080 5185 13514 8301 3150
1265 1079 5174 13594 8320 3113
1264 1078 5173 13589 8394 3085
1264 1078 5176 13550 8390 3098
1261 1078 5172 13537 8292 3099
1261 1076 5158 13518 8192 3093
1259 1078 5151 13475 8210 3086
1256 1074 5148 13448 8336 3062
1255 1075 5146 13451 8380 3054
1253 1074 5144 13449 8320 3078
1254 1076 5141 13475 8270 3103
1254 1077 5141 13504 8262 3118
1253 1076 5141 13526 8314 3110
1254 1074 5142 13567 8401 3110
1252 1073 5140 13604 8410 3141
1250 1073 5134 13602 8359 3173
1250 1075 5133 13558 8347 3185
1252 1076 5140 13503 8367 3177
1251 1077 5147 13457 8351 3174
1254 1077 5156 13457 8301 3172
1256 1079 5163 13476 8250 3178
1258 1079 5169 13473 8239 3179
1259 1081 5174 13527 8353 3103
1260 1082 5182 13509 8350 3126
1263 1081 5187 13489 8336 3143
1262 1083 5192 13464 8337 3146
1265 1084 5195 13455 8343 3137
1265 1086 5196 13467 8341 3139
1264 1085 5195 13452 8341 3144
1263 1088 5195 13413 8369 3157
1262 1087 5198 13404 8399 3167
1264 1087 5202 13434 8433 3147
1266 1088 5204 13462 8451 3131
1266 1087 5202 13454 8414 3139
1262 1085 5190 13400 8387 3168
1260 1085 5188 13340 8418 3195
1259 1084 5190 13338 8493 3200
1259 1083 5188 13396 8525 3191
1259 1083 5189 13465 8510 3168
1258 1083 5187 13455 8507 3169
1258 1082 5189 13380 8543 3175
1260 1084 5194 13320 8642 3097
1260 1085 5198 13300 8618 3101
1260 1084 5202 13283 8605 3112
1260 1084 5205 13266 8637 3131
1261 1084 5207 13256 8658 3166
1260 1084 5202 13276 8705 3169
1258 1083 5196 13287 8743 3168
1257 1081 5193 13288 8741 3207
1253 1081 5178 13316 8740 3225
1251 1078 5167 13341 8748 3189
1250 1079 5162 13334 8780 3147
1250 1083 5166 13289 8778 3181
1253 1083 5174 13238 8745 3237
1252 1083 5171 13211 8750 3244
1253 1083 5169 13189 8781 3250
1256 1085 5168 13171 8809 3271
1257 1086 5176 13160 8791 3297
1258 1087 5186 13167 8736 3328
1260 1088 5189 13213 8728 3341
1262 1090 5197 13255 8739 3359
1266 1091 5210 13272 8723 3379
1268 1093 5220 13276 8710 3408
1270 1093 5225 13249 8716 3446
1271 1097 5227 13212 8752 3454
1270 1096 5229 13185 8773 3455
1272 1097 5234 13164 8761 3471
1272 1098 5237 13154 8740 3484
1272 1096 5239 13158 8708 3498
1276 1098 5247 13163 8670 3515
1278 1098 5251 13171 8657 3532
1273 1097 5248 13212 8695 3507
1274 1095 5243 13220 8738 3491
1273 1094 5249 13192 8740 3519
1276 1094 5268 13189 8710 3552
1278 1097 5281 13207 8621 3577
1279 1095 5286 13236 8555 3573
1280 1097 5286 13233 8577 3568
1281 1100 5300 13180 8691 3579
1279 1098 5296 13204 8687 3590
1276 1097 5293 13236 8663 3543
1277 1097 5297 13211 8655 3540
1275 1097 5287 13176 8672 3555
1273 1094 5274 13175 8682 3564
1274 1095 5275 13201 8638 3568
1272 1094 5273 13221 8570 3574
1273 1094 5275 13217 8568 3569
1271 1095 5272 13202 8605 3564
1271 1096 5265 13191 8651 3547
1269 1092 5258 13290 8680 3453
1269 1092 5259 13294 8659 3449
1269 1092 5256 13234 8650 3478
1266 1091 5254 13195 8668 3478
1266 1090 5251 13202 8678 3474
1265 1092 5242 13234 8637 3475
1265 1091 5242 13273 8580 3469
1269 1091 5246 13270 8568 3465
1268 1090 5249 13225 8594 3461
1268 1090 5247 13207 8646 3437
1267 1091 5244 13249 8684 3410
1266 1091 5255 13319 8657 3416
1269 1091 5263 13311 8595 3465
1272 1094 5274 13252 8575 3501
1275 1095 5280 13245 8635 3487
1275 1095 5282 13243 8696 3465
1274 1094 5280 13215 8711 3455
1272 1094 5281 13177 8710 3443
1272 1094 5276 13147 8694 3459
1272 1095 5279 13139 8681 3480
1272 1094 5280 13154 8718 3454
1274 1093 5276 13182 8758 3436
1271 1093 5269 13193 8750 3474
1270 1091 5265 13200 8706 3516
1270 1091 5265 13201 8656 3542
1270 1090 5264 13184 8639 3564
1270 1089 5262 13178 8657 3568
1269 1090 5260 13189 8676 3554
1270 1090 5259 13189 8676 3548
1268 1088 5257 13173 8675 3571
1267 1089 5257 13196 8692 3570
1270 1089 5262 13203 8715 3587
1269 1088 5262 13215 8712 3588
1270 1089 5265 13209 8685 3597
1271 1088 5265 13196 8669 3611
1271 1092 5270 13170 8689 3618
1271 1092 5271 13152 8707 3612
1271 1089 5265 13168 8688 3609
1271 1089 5259 13189 8644 3616
1269 1089 5260 13205 8617 3570
1271 1089 5255 13216 8594 3587
1271 1088 5259 13231 8546 3609
1269 1088 5255 13254 8487 3632
1271 1089 5256 13242 8482 3646
1271 1088 5263 13215 8541 3630
1275 1090 5267 13209 8602 3611
1275 1090 5268 13237 8605 3602
1272 1088 5261 13267 8587 3586
1276 1092 5270 13241 8593 3590
1274 1093 5275 13219 8635 3554
1276 1093 5277 13230 8673 3527
1274 1091 5277 13216 8677 3531
1274 1091 5282 13176 8689 3531
1276 1092 5289 13151 8699 3544
1279 1092 5291 13155 8681 3549
1278 1093 5290 13179 8643 3559
1276 1091 5288 13212 8623 3564
1277 1092 5289 13208 8625 3563
1274 1090 5291 13175 8647 3566
1278 1093 5291 13219 8635 3554
1277 1092 5293 13230 8673 3527
1276 1092 5287 13216 8677 3531
1274 1091 5285 13176 8689 3531
1276 1091 5286 13151 8699 3544
1275 1091 5287 13155 8681 3549
1277 1092 5288 13179 8643 3559
1276 1091 5281 13212 8623 3564
1276 1091 5278 13208 8625 3563
1274 1089 5276 13175 8647 3566
1273 1089 5274 13248 8733 3481
1274 1090 5273 13225 8678 3515
1273 1090 5269 13196 8638 3537
1274 1090 5265 13193 8644 3529
1274 1092 5264 13206 8667 3512
1273 1089 5265 13229 8666 3505
1272 1089 5261 13229 8633 3518
1270 1090 5254 13206 8614 3526
1269 1087 5250 13208 8610 3506
1271 1087 5248 13236 8626 3465
1270 1089 5246 13253 8649 3451
1269 1087 5238 13242 8635 3469
1267 1087 5233 13233 8636 3468
1266 1084 5226 13229 8672 3456
1266 1084 5225 13225 8704 3456
1267 1085 5230 13229 8697 3473
1268 1086 5231 13248 8651 3483
1268 1085 5229 13267 8622 3479
1267 1085 5221 13270 8625 3469
1266 1085 5220 13247 8627 3426
1269 1083 5222 13245 8550 3430
1267 1084 5227 13271 8472 3448
1270 1085 5228 13298 8457 3443
1270 1084 5228 13273 8504 3432
1267 1084 5228 13220 8565 3436
1267 1085 5225 13221 8594 3448
1266 1084 5225 13298 8571 3450
1266 1085 5229 13378 8526 3441
1266 1085 5228 13389 8512 3430
1268 1087 5232 13361 8543 3394
1269 1087 5236 13328 8575 3376
1270 1086 5235 13299 8578 3363
1272 1087 5242 13276 8568 3358
1271 1086 5242 13241 8540 3376
1272 1085 5239 13221 8535 3381
1272 1085 5234 13223 8579 3376
1271 1085 5231 13235 8622 3368
1270 1085 5232 13253 8617 3379
1271 1085 5232 13266 8587 3396
1271 1086 5232 13289 8595 3366
1270 1084 5231 13316 8638 3336
1270 1083 5230 13309 8656 3363
1272 1084 5230 13270 8648 3391
1273 1084 5231 13257 8635 3399
1273 1085 5233 13269 8620 3412
1272 1085 5230 13271 8604 3430
1271 1085 5227 13266 8609 3438
1272 1084 5220 13270 8630 3438
1271 1083 5216 13263 8627 3434
1270 1082 5215 13265 8646 3387
1270 1084 5211 13267 8643 3421
1270 1085 5214 13272 8623 3426
1271 1084 5210 13265 8621 3422
1271 1083 5209 13236 8625 3422
1270 1085 5212 13220 8616 3431
1272 1084 5216 13236 8596 3445
1272 1083 5216 13256 8576 3447
1273 1084 5213 13269 8573 3434
1273 1082 5212 13303 8626 3386
1272 1083 5213 13255 8581 3416
1273 1083 5211 13234 8586 3433
1276 1084 5219 13249 8629 3430
1278 1086 5224 13263 8655 3418
1273 1084 5221 13266 8652 3412
1276 1085 5225 13235 8630 3407
1275 1084 5223 13192 8599 3403
1273 1086 5223 13198 8590 3422
1276 1087 5224 13379 8668 3378
1277 1087 5220 13349 8664 3413
1276 1087 5222 13270 8653 3427
1277 1089 5230 13223 8667 3399
1280 1089 5235 13216 8672 3363
1278 1089 5239 13237 8677 3362
1277 1093 5240 13233 8651 3387
1278 1092 5237 13168 8608 3392
1280 1092 5238 13112 8619 3376
1279 1091 5232 13162 8673 3348
1277 1088 5227 13251 8747 3299
1277 1089 5224 13259 8784 3304
1275 1088 5222 13233 8759 3348
1277 1088 5221 13234 8726 3356
1279 1088 5223 13224 8705 3375
1279 1090 5224 13208 8692 3392
1279 1089 5225 13222 8661 3402
1280 1090 5229 13237 8619 3415
1281 1090 5233 13238 8601 3431
1281 1091 5237 13239 8621 3438
1284 1093 5239 13254 8662 3407
1286 1092 5240 13264 8684 3392
1283 1091 5239 13251 8677 3414
1283 1090 5240 13236 8672 3428
1282 1091 5237 13231 8669 3430
1282 1090 5237 13234 8670 3426
1283 1091 5237 13235 8674 3419
1284 1092 5236 13233 8687 3417
1284 1091 5236 13223 8683 3410
1283 1092 5233 13222 8660 3400
1284 1091 5227 13232 8656 3374
1282 1089 5224 13238 8658 3357
1283 1089 5221 13233 8634 3381
1281 1090 5217 13226 8611 3402
1279 1087 5205 13238 8619 3414
1277 1085 5201 13238 8614 3422
1275 1084 5193 13240 8588 3419
1278 1086 5198 13243 8561 3425
1282 1088 5214 13217 8552 3445
1283 1090 5214 13204 8590 3456
1283 1091 5207 13324 8631 3419
1283 1092 5207 13321 8578 3468
1284 1095 5210 13302 8562 3504
1287 1094 5216 13260 8640 3514
1291 1098 5221 13190 8774 3494
1291 1098 5219 13141 8831 3479
1292 1097 5222 13118 8786 3499
1291 1098 5223 13104 8727 3529
1295 1099 5234 13114 8719 3544
1295 1099 5240 13181 8784 3519
1295 1100 5242 13187 8759 3567
1295 1099 5242 13166 8709 3636
1297 1100 5250 13161 8706 3661
1297 1099 5254 13166 8722 3662
1299 1100 5261 13157 8713 3676
1298 1099 5260 13144 8694 3685
1300 1100 5261 13133 8688 3684
1301 1100 5268 13123 8700 3687
1301 1100 5270 13155 8766 3652
1299 1100 5267 13172 8773 3658
1299 1100 5267 13168 8752 3671
1298 1096 5265 13162 8736 3672
1299 1097 5276 13165 8713 3660
1301 1098 5278 13184 8662 3654
1303 1098 5290 13189 8592 3653
1305 1099 5295 13174 8546 3640
1305 1103 5296 13161 8531 3629
1304 1100 5287 13170 8534 3618
1306 1099 5297 13223 8588 3579
1304 1099 5290 13234 8662 3557
1304 1099 5288 13184 8704 3571
1303 1098 5290 13164 8676 3584
1306 1098 5293 13160 8675 3588
1303 1097 5288 13162 8704 3605
1305 1095 5295 13163 8700 3631
1304 1096 5301 13126 8702 3640
1304 1095 5295 13104 8714 3644
1305 1095 5296 13141 8727 3641
1305 1097 5292 13223 8738 3618
1303 1095 5292 13241 8751 3617
1302 1094 5289 13202 8749 3638
1302 1092 5288 13169 8726 3641
1299 1092 5284 13131 8689 3632
1297 1088 5277 13092 8673 3616
1298 1091 5266 13071 8699 3603
1296 1089 5264 13081 8731 3609
1293 1087 5256 13094 8758 3612
1292 1087 5253 13092 8764 3606
1290 1087 5252 13120 8700 3574
1288 1085 5249 13138 8672 3595
1290 1088 5247 13186 8668 3589
1291 1087 5252 13192 8670 3596
1292 1086 5254 13151 8675 3594
1290 1086 5259 13135 8681 3580
1292 1090 5259 13151 8697 3567
1294 1090 5261 13168 8703 3555
1294 1091 5262 13150 8704 3557
1295 1092 5260 13176 8697 3542
1294 1090 5262 13211 8706 3552
1294 1090 5262 13243 8716 3557
1292 1090 5251 13225 8710 3584
1292 1089 5256 13180 8683 3599
1291 1088 5254 13173 8641 3584
1290 1087 5250 13201 8589 3572
1295 1092 5254 13190 8599 3586
1294 1092 5256 13135 8672 3600
1294 1088 5260 13177 8676 3555
1295 1090 5263 13237 8641 3563
1295 1089 5260 13235 8622 3584
1292 1089 5254 13174 8624 3610
1293 1089 5259 13161 8638 3624
1295 1091 5261 13227 8634 3606
1296 1091 5266 13289 8621 3582
1294 1093 5269 13279 8599 3582
1296 1094 5278 13216 8589 3582
1298 1094 5282 13195 8618 3551
1297 1095 5280 13206 8660 3505
1296 1095 5277 13193 8683 3509
1295 1094 5275 13175 8657 3560
1298 1095 5274 13168 8627 3581
1294 1093 5271 13189 8625 3568
1294 1095 5265 13215 8646 3555
1294 1094 5259 13212 8663 3555
1291 1093 5261 13208 8657 3570
1292 1092 5255 13218 8646 3589
1293 1091 5247 13229 8654 3596
1291 1091 5239 13223 8670 3581
1287 1089 5233 13196 8648 3588
1284 1087 5225 13194 8600 3618
1282 1086 5214 13229 8574 3630
1282 1084 5213 13243 8583 3637
1281 1085 5206 13246 8564 3640
1281 1084 5210 13241 8546 3642
1281 1083 5209 13227 8546 3649
1282 1085 5213 13236 8538 3648
1284 1085 5217 13254 8560 3626
1285 1086 5227 13255 8583 3579
1286 1087 5233 13230 8552 3569
1287 1087 5235 13213 8512 3605
1287 1087 5231 13221 8532 3619
1287 1088 5232 13215 8577 3617
1289 1088 5236 13195 8588 3618
1290 1088 5242 13183 8538 3622
1288 1088 5252 13193 8497 3633
1291 1089 5253 13214 8513 3637
1288 1088 5244 13211 8570 3639
1290 1089 5248 13160 8724 3549
1291 1088 5259 13199 8672 3582
1291 1089 5259 13246 8606 3603
1291 1088 5266 13218 8628 3605
1291 1090 5267 13158 8684 3590
1290 1091 5265 13121 8737 3560
1290 1089 5267 13139 8754 3527
1287 1089 5264 13181 8729 3503
1287 1090 5258 13180 8720 3496
1284 1088 5258 13137 8729 3481
1285 1089 5253 13119 8744 3455
1284 1089 5250 13147 8775 3438
1280 1090 5242 13148 8794 3430
1279 1089 5236 13125 8786 3461
1282 1089 5244 13125 8719 3509
1283 1089 5252 13173 8626 3507
1285 1089 5260 13215 8597 3488
1284 1089 5256 13209 8642 3487
1284 1089 5248 13186 8729 3486
1280 1088 5238 13215 8782 3463
1278 1088 5230 13231 8738 3467
1278 1086 5228 13223 8673 3506
1278 1085 5226 13226 8621 3542
1276 1085 5223 13227 8615 3552
1276 1085 5217 13227 8615 3551
1275 1086 5211 13235 8595 3547
1273 1084 5205 13256 8576 3541
1270 1086 5197 13247 8574 3547
1264 1082 5181 13214 8624 3541
1265 1082 5174 13227 8658 3508
1264 1081 5177 13271 8611 3516
1266 1080 5182 13274 8581 3544
1269 1085 5190 13240 8606 3532
1270 1086 5192 13212 8618 3506
1268 1084 5191 13213 8601 3492
1269 1084 5193 13233 8580 3478
1271 1084 5196 13262 8554 3462
1271 1087 5210 13290 8534 3453
1274 1086 5222 13308 8551 3436
1275 1089 5228 13296 8599 3406
1277 1090 5237 13267 8626 3408
1277 1092 5244 13272 8612 3426
1278 1091 5253 13269 8600 3416
1281 1094 5270 13241 8590 3407
1282 1097 5280 13190 8594 3423
1285 1099 5287 13166 8632 3428
1287 1101 5291 13223 8643 3412
1288 1101 5298 13268 8603 3434
1288 1101 5306 13250 8572 3454
1289 1103 5303 13205 8679 3442
1288 1101 5294 13227 8690 3462
1283 1099 5288 13265 8670 3480
1282 1099 5280 13278 8622 3525
1282 1100 5269 13266 8593 3570
1278 1094 5257 13251 8618 3575
1272 1089 5231 13232 8661 3571
1267 1088 5211 13217 8705 3554
1263 1085 5190 13196 8726 3532
1259 1083 5182 13249 8690 3474
1258 1084 5171 13261 8628 3485
1257 1085 5166 13259 8596 3494
1259 1084 5167 13260 8608 3510
1258 1083 5168 13241 8637 3523
1257 1083 5170 13206 8685 3530
1256 1082 5165 13188 8699 3528
1256 1082 5163 13213 8670 3514
1256 1080 5158 13240 8631 3502
1257 1081 5156 13306 8626 3463
1253 1079 5157 13265 8628 3488
1256 1080 5160 13227 8636 3492
1256 1081 5165 13248 8583 3504
1254 1082 5159 13314 8477 3520
1257 1082 5158 13357 8466 3501
1262 1081 5175 13329 8560 3481
1261 1083 5183 13280 8623 3480
1258 1083 5184 13251 8611 3476
1259 1084 5181 13244 8563 3458
1256 1085 5177 13252 8571 3426
1256 1084 5184 13240 8653 3398
1258 1084 5189 13231 8687 3403
1257 1085 5183 13255 8640 3418
1254 1083 5173 13271 8560 3428
1255 1083 5178 13250 8531 3446
1257 1085 5190 13229 8587 3454
1259 1087 5193 13267 8645 3445
1258 1086 5193 13308 8642 3444
1259 1084 5190 13295 8610 3463
1257 1086 5188 13292 8605 3435
1257 1086 5194 13287 8629 3396
1259 1086 5200 13252 8652 3417
1259 1086 5199 13238 8658 3450
1258 1086 5196 13259 8627 3466
1257 1086 5193 13287 8593 3469
1258 1086 5198 13298 8590 3454
1258 1087 5205 13292 8612 3438
1262 1087 5209 13257 8614 3435
1261 1088 5210 13237 8582 3433
1264 1087 5212 13269 8582 3414
1265 1091 5223 13295 8597 3403
1267 1091 5230 13283 8582 3425
1270 1091 5236 13250 8598 3430
1272 1096 5247 13236 8642 3420
1271 1095 5251 13240 8690 3409
1273 1095 5247 13225 8693 3407
1270 1092 5238 13221 8620 3418
1269 1093 5233 13241 8556 3442
1269 1093 5230 13267 8558 3452
1270 1093 5237 13269 8582 3414
1269 1093 5240 13295 8597 3403
1267 1090 5232 13283 8582 3425
1266 1091 5223 13250 8598 3430
1266 1090 5226 13236 8642 3420
1268 1091 5232 13240 8690 3409
1267 1091 5235 13225 8693 3407
1266 1090 5234 13221 8620 3418
1267 1093 5230 13241 8556 3442
1266 1093 5230 13267 8558 3452
1265 1092 5235 13278 8642 3393
1266 1094 5233 13231 8592 3425
1264 1090 5224 13224 8520 3452
1263 1090 5219 13213 8517 3463
1263 1090 5216 13189 8591 3458
1266 1092 5220 13178 8666 3461
1265 1091 5222 13195 8688 3484
1265 1091 5224 13218 8663 3500
1266 1091 5224 13237 8640 3514
1265 1090 5222 13240 8661 3510
1265 1092 5223 13229 8678 3516
1267 1092 5227 13252 8651 3532
1267 1092 5228 13283 8578 3524
1267 1091 5228 13265 8490 3524
1267 1092 5227 13243 8463 3530
1267 1094 5225 13239 8506 3531
1268 1092 5226 13243 8537 3528
1267 1094 5227 13242 8535 3527
1270 1095 5227 13240 8507 3539
1269 1092 5226 13282 8479 3531
1270 1092 5227 13334 8495 3496
1270 1092 5223 13332 8510 3503
1268 1093 5225 13291 8494 3527
1268 1092 5222 13265 8487 3534
1271 1095 5220 13263 8468 3533
1270 1092 5222 13265 8428 3530
1271 1092 5229 13271 8424 3524
1270 1092 5231 13280 8445 3507
1271 1092 5231 13282 8457 3501
1269 1091 5229 13295 8471 3503
1270 1092 5227 13350 8495 3486
1267 1091 5226 13350 8492 3500
1269 1093 5229 13300 8464 3537
1270 1093 5231 13291 8458 3569
1272 1092 5236 13322 8467 3578
1273 1092 5237 13342 8478 3569
1274 1093 5240 13307 8487 3571
1274 1095 5238 13278 8498 3560
1273 1095 5239 13258 8502 3558
1275 1094 5244 13236 8492 3551
1273 1094 5240 13251 8502 3508
1273 1094 5237 13269 8521 3494
1276 1094 5233 13253 8554 3527
1273 1092 5224 13234 8618 3545
1266 1089 5201 13233 8664 3561
1263 1088 5186 13235 8669 3583
1261 1090 5185 13226 8676 3599
1266 1089 5196 13234 8681 3612
1269 1091 5195 13248 8687 3612
1272 1095 5198 13232 8692 3610
1274 1094 5198 13252 8679 3522
1274 1096 5201 13225 8694 3523
1275 1097 5208 13186 8673 3545
1280 1097 5221 13147 8601 3579
1283 1100 5225 13140 8543 3602
1283 1099 5228 13190 8558 3593
1284 1101 5236 13195 8639 3589
1287 1102 5246 13157 8702 3599
1289 1103 5255 13150 8711 3607
1290 1104 5262 13187 8693 3590
1291 1101 5264 13214 8666 3596
1292 1102 5264 13199 8646 3648
1293 1102 5266 13170 8674 3687
1296 1103 5275 13148 8701 3717
1297 1104 5286 13165 8677 3739
1297 1103 5291 13174 8655 3740
1296 1102 5292 13142 8657 3751
1296 1102 5290 13131 8664 3770
1297 1101 5291 13129 8678 3773
1298 1101 5295 13112 8722 3740
1301 1104 5309 13133 8688 3770
1303 1106 5318 13160 8664 3775
1302 1103 5322 13156 8685 3768
1304 1104 5326 13124 8732 3765
1302 1103 5315 13104 8773 3759
1304 1103 5325 13081 8749 3776
1304 1103 5324 13057 8685 3789
1305 1101 5324 13037 8647 3786
1304 1103 5325 13045 8643 3780
1301 1101 5317 13068 8674 3769
1300 1098 5316 13099 8690 3786
1300 1099 5307 13122 8686 3804
1299 1099 5302 13138 8621 3822
1298 1101 5300 13149 8569 3831
1298 1100 5292 13143 8615 3824
1295 1097 5285 13116 8634 3830
1294 1098 5277 13092 8636 3841
1294 1096 5276 13104 8648 3838
1297 1099 5286 13110 8650 3826
1299 1099 5286 13114 8656 3795
1296 1096 5285 13127 8657 3781
1295 1097 5278 13147 8665 3788
1296 1095 5276 13165 8674 3781
1294 1095 5278 13166 8664 3785
1296 1097 5280 13127 8614 3793
1299 1098 5281 13118 8511 3780
1298 1098 5282 13156 8466 3749
1299 1096 5278 13169 8504 3734
1296 1098 5278 13165 8552 3729
1297 1097 5282 13171 8600 3685
1300 1096 5290 13183 8570 3666
1301 1099 5296 13187 8507 3700
1304 1100 5295 13193 8510 3726
1300 1093 5283 13207 8540 3730
1300 1096 5282 13206 8564 3729
1297 1093 5277 13193 8584 3736
1297 1091 5274 13186 8601 3749
1296 1093 5265 13194 8612 3767
1296 1093 5262 13215 8616 3775
1294 1091 5259 13219 8679 3697
1293 1090 5256 13170 8676 3704
1291 1087 5249 13150 8635 3724
1291 1088 5249 13153 8605 3743
1293 1089 5254 13141 8607 3741
1293 1090 5254 13102 8645 3738
1293 1089 5251 13079 8665 3751
1293 1089 5253 13127 8667 3761
1294 1089 5257 13169 8670 3765
1295 1090 5255 13148 8648 3734
1296 1090 5256 13166 8642 3755
1297 1092 5259 13174 8633 3769
1296 1090 5257 13167 8635 3763
1298 1091 5259 13149 8638 3763
1296 1091 5259 13137 8607 3762
1301 1092 5267 13133 8580 3762
1301 1092 5269 13139 8579 3768
1298 1091 5264 13170 8581 3770
1295 1092 5259 13192 8598 3760
1296 1092 5262 13191 8600 3755
1297 1092 5267 13179 8584 3761
1300 1093 5269 13171 8561 3775
1300 1093 5276 13173 8570 3777
1301 1094 5276 13164 8637 3768
1303 1092 5275 13150 8660 3756
1302 1093 5275 13159 8599 3747
1303 1094 5283 13165 8533 3737
1305 1093 5293 13152 8523 3737
1306 1095 5295 13160 8584 3720
1304 1093 5288 13176 8647 3672
1304 1096 5287 13176 8661 3668
1303 1094 5285 13166 8618 3709
1304 1094 5283 13189 8527 3727
1303 1094 5283 13246 8487 3725
1302 1094 5280 13276 8531 3723
1302 1094 5283 13244 8597 3726
1304 1095 5287 13173 8649 3717
1305 1096 5289 13137 8661 3695
1302 1095 5279 13144 8638 3670
1302 1093 5273 13158 8629 3640
1301 1090 5273 13158 8628 3645
1300 1089 5268 13130 8612 3680
1297 1091 5259 13135 8606 3699
1300 1093 5264 13173 8626 3714
1302 1094 5276 13168 8639 3736
1304 1093 5281 13153 8633 3757
1304 1093 5280 13193 8609 3767
1305 1093 5278 13228 8596 3754
1302 1094 5271 13191 8634 3734
1303 1093 5276 13162 8634 3692
1304 1094 5277 13153 8581 3728
1302 1092 5273 13138 8626 3738
1301 1091 5273 13123 8693 3739
1301 1092 5265 13106 8716 3748
1299 1094 5262 13110 8680 3767
1299 1094 5260 13160 8601 3783
1298 1092 5262 13195 8560 3784
1299 1093 5263 13178 8584 3785
1298 1094 5258 13147 8633 3780
1299 1095 5257 13142 8684 3743
1298 1094 5255 13145 8683 3738
1296 1091 5253 13150 8615 3774
1298 1095 5255 13158 8576 3793
1298 1093 5257 13160 8576 3779
1295 1092 5243 13177 8598 3741
1295 1092 5244 13204 8613 3727
1297 1093 5253 13231 8605 3735
1298 1093 5259 13201 8600 3738
1298 1094 5265 13167 8599 3722
1301 1093 5270 13216 8633 3647
1300 1094 5269 13211 8649 3615
1299 1092 5264 13173 8587 3647
1296 1091 5245 13206 8530 3649
1295 1090 5234 13239 8533 3644
1300 1091 5255 13231 8551 3656
1298 1090 5248 13198 8548 3677
1302 1093 5265 13182 8530 3690
1302 1093 5270 13184 8554 3699
1303 1094 5267 13149 8632 3685
1304 1096 5272 13086 8640 3599
1303 1095 5278 13078 8630 3627
1305 1093 5276 13078 8668 3661
1300 1093 5266 13121 8674 3689
1296 1090 5256 13105 8668 3728
1294 1091 5255 13106 8632 3754
1294 1091 5251 13188 8617 3754
1294 1091 5245 13201 8654 3758
1293 1092 5241 13137 8715 3760
1292 1091 5243 13104 8722 3724
1292 1091 5244 13115 8644 3742
1292 1091 5240 13112 8622 3764
1291 1091 5242 13129 8642 3770
1291 1089 5237 13164 8640 3759
1289 1090 5234 13186 8618 3749
1289 1089 5229 13174 8612 3755
1290 1088 5224 13174 8633 3748
1287 1088 5224 13186 8668 3728
1287 1088 5218 13188 8706 3691
1289 1090 5215 13184 8725 3665
1286 1087 5214 13156 8706 3674
1287 1088 5214 13136 8664 3675
1286 1087 5214 13159 8639 3682
1285 1089 5215 13185 8626 3692
1287 1088 5219 13199 8615 3683
1290 1090 5232 13205 8593 3674
1292 1089 5233 13176 8555 3691
1294 1090 5237 13158 8515 3712
1295 1092 5243 13194 8475 3707
1298 1091 5255 13270 8457 3684
1296 1091 5249 13281 8476 3676
1296 1091 5247 13181 8549 3686
1295 1090 5243 13102 8623 3690
1294 1091 5242 13132 8659 3701
1293 1090 5239 13209 8678 3724
1291 1089 5232 13233 8675 3743
1290 1089 5230 13226 8615 3763
1288 1088 5224 13222 8505 3789
1287 1085 5220 13215 8429 3791
1285 1086 5219 13231 8441 3769
1285 1086 5213 13230 8458 3768
1282 1085 5212 13179 8439 3800
1282 1087 5216 13155 8428 3817
1283 1088 5216 13183 8434 3815
1283 1087 5221 13230 8467 3813
1284 1087 5218 13236 8491 3820
1283 1086 5216 13220 8492 3831
1282 1087 5210 13243 8487 3821
1282 1088 5209 13255 8480 3813
1281 1090 5212 13238 8531 3784
1280 1089 5209 13217 8538 3772
1279 1088 5202 13212 8520 3767
1275 1087 5194 13216 8471 3771
1274 1086 5190 13237 8424 3767
1277 1087 5194 13262 8430 3756
1274 1086 5191 13272 8475 3739
1273 1086 5186 13255 8504 3723
1270 1084 5177 13238 8469 3716
1271 1085 5178 13314 8451 3633
1272 1087 5186 13260 8495 3618
1276 1088 5196 13241 8530 3620
1279 1090 5204 13231 8509 3637
1278 1094 5213 13224 8449 3638
1280 1094 5216 13242 8405 3614
1278 1093 5211 13256 8407 3601
1279 1091 5215 13258 8449 3596
1281 1094 5222 13268 8498 3594
1284 1095 5234 13252 8552 3554
1287 1100 5242 13226 8514 3580
1284 1099 5241 13242 8487 3592
1281 1096 5232 13273 8511 3585
1282 1097 5232 13273 8550 3595
1280 1094 5233 13244 8573 3609
1279 1094 5232 13226 8579 3610
1279 1096 5229 13225 8544 3614
1275 1094 5218 13218 8492 3621
1272 1092 5206 13198 8501 3609
1271 1092 5201 13188 8579 3578
1270 1091 5196 13187 8650 3574
1269 1091 5198 13187 8655 3599
1270 1090 5198 13207 8610 3617
1270 1091 5196 13231 8574 3617
1268 1089 5195 13231 8590 3615
1267 1088 5193 13232 8638 3615
1267 1088 5193 13211 8662 3611
1265 1086 5185 13157 8674 3618
1264 1087 5188 13132 8693 3613
1267 1091 5194 13138 8703 3579
1267 1093 5197 13132 8708 3565
1266 1088 5191 13158 8649 3585
1264 1087 5189 13204 8594 3611
1264 1087 5184 13197 8635 3621
1261 1084 5178 13159 8713 3616
1260 1084 5172 13152 8738 3628
1255 1084 5145 13154 8726 3648
1252 1082 5130 13152 8722 3645
1253 1084 5134 13170 8732 3627
1257 1085 5147 13167 8769 3585
1259 1086 5150 13127 8792 3591
1261 1089 5152 13105 8757 3644
1263 1089 5154 13092 8729 3656
1265 1090 5162 13051 8795 3654
1266 1091 5171 13003 8882 3655
1265 1092 5171 12991 8917 3666
1266 1092 5171 13037 8895 3690
1270 1094 5192 13062 8847 3722
1273 1094 5206 13019 8836 3744
1274 1094 5215 13026 8808 3775
1274 1095 5213 13110 8743 3797
1274 1095 5215 13137 8790 3810
1272 1095 5217 13088 8869 3823
1271 1095 5221 13024 8899 3833
1269 1094 5219 12972 8890 3837
1270 1093 5217 12958 8890 3824
1269 1094 5215 12945 8913 3813
1269 1094 5220 12928 8929 3803
1268 1095 5219 12949 8937 3794
1267 1093 5220 12965 8914 3802
1267 1094 5223 12963 8919 3803
1267 1095 5230 12957 8920 3820
1268 1095 5235 12963 8880 3844
1269 1094 5236 12985 8853 3851
1269 1094 5233 13005 8862 3850
1267 1093 5236 13004 8885 3845
1269 1093 5238 13007 8886 3840
1270 1093 5241 13035 8807 3853
1269 1093 5244 13036 8766 3865
1271 1093 5248 13046 8739 3875
1271 1091 5249 13058 8730 3881
1271 1093 5250 13045 8738 3887
1272 1095 5255 13013 8766 3885
1272 1094 5257 13008 8772 3874
1274 1094 5260 13022 8763 3873
1274 1093 5262 13024 8754 3875
1274 1095 5260 13024 8762 3873
1273 1096 5257 13024 8786 3869
1272 1096 5255 13024 8803 3869
1272 1095 5252 13038 8788 3876
1272 1093 5253 13066 8749 3887
1270 1093 5247 13080 8737 3895
1269 1090 5238 13041 8755 3896
1267 1090 5234 13004 8765 3892
1265 1089 5238 13012 8751 3889
1266 1091 5239 13059 8717 3883
1266 1090 5239 13112 8695 3880
1265 1088 5239 13116 8712 3876
1265 1090 5239 13087 8740 3866
1263 1089 5240 13073 8754 3860
1264 1090 5239 13072 8756 3852
1263 1093 5241 13042 8757 3831
1264 1092 5245 13008 8751 3812
1264 1091 5244 12997 8760 3824
1263 1091 5247 12995 8790 3831
1261 1090 5242 13012 8818 3822
1260 1089 5241 13035 8833 3826
1265 1093 5244 13036 8827 3825
1263 1091 5246 13064 8805 3818
1260 1089 5244 13084 8815 3809
1261 1090 5241 13056 8830 3801
1259 1089 5240 13012 8820 3796
1257 1087 5237 12988 8781 3791
1258 1089 5238 13002 8759 3790
1256 1089 5232 13031 8770 3793
1259 1087 5234 13063 8778 3797
1257 1089 5235 13084 8772 3780
1260 1088 5239 13057 8781 3785
1260 1090 5245 13057 8801 3790
1263 1090 5246 13059 8837 3792
1261 1088 5245 13067 8829 3798
1263 1089 5248 13083 8777 3809
1264 1092 5256 13085 8750 3813
1263 1092 5257 13066 8766 3808
1267 1096 5260 13059 8777 3800
1267 1094 5264 13062 8800 3775
1266 1092 5262 13017 8792 3786
1266 1093 5261 13013 8761 3814
1266 1093 5262 13078 8762 3825
1267 1092 5269 13119 8774 3826
1267 1092 5270 13097 8769 3831
1268 1093 5271 13061 8760 3831
1267 1092 5269 13049 8741 3828
1265 1091 5269 13034 8730 3827
1264 1093 5269 13025 8737 3821
1265 1092 5271 13034 8748 3802
1265 1093 5272 13019 8763 3812
1266 1092 5272 13001 8776 3837
1267 1093 5274 13008 8794 3848
1265 1092 5275 12997 8812 3866
1265 1092 5273 12988 8811 3879
1265 1093 5269 13017 8806 3870
1264 1093 5272 13042 8788 3858
1268 1093 5276 13012 8798 3862
1266 1091 5272 12977 8835 3865
1263 1092 5266 13008 8838 3858
1264 1092 5269 13036 8818 3864
1262 1093 5265 13017 8809 3872
1262 1091 5266 13002 8809 3871
1262 1092 5261 13011 8791 3861
1263 1092 5261 13026 8763 3862
1264 1092 5263 13030 8756 3868
1263 1090 5264 13025 8766 3872
1262 1092 5262 13015 8772 3871
1263 1090 5264 13012 8785 3865
1264 1091 5263 13032 8828 3833
1265 1091 5265 13006 8840 3841
1263 1091 5261 12995 8820 3848
1265 1091 5256 13000 8782 3859
1264 1091 5254 13011 8753 3867
1264 1089 5251 13035 8738 3863
1264 1089 5251 13040 8735 3865
1264 1088 5251 13006 8757 3868
1265 1089 5251 12991 8791 3863
1265 1088 5244 13012 8785 3865
1262 1088 5245 13032 8828 3833
1263 1087 5249 13006 8840 3841
1263 1089 5249 12995 8820 3848
1263 1087 5246 13000 8782 3859
1260 1086 5244 13011 8753 3867
1261 1087 5242 13035 8738 3863
1260 1087 5242 13040 8735 3865
1259 1089 5241 13006 8757 3868
1262 1088 5241 12991 8791 3863
1259 1086 5239 13092 8849 3863
1260 1087 5240 13090 8826 3861
1260 1086 5238 13050 8805 3857
1261 1087 5234 13022 8799 3851
1260 1087 5234 13002 8806 3849
1261 1087 5236 12981 8808 3846
1260 1086 5237 12974 8797 3843
1260 1086 5236 12977 8795 3839
1262 1087 5237 12987 8824 3838
1260 1086 5236 13012 8839 3834
1261 1086 5236 13032 8819 3823
1261 1089 5235 13024 8805 3834
1260 1088 5235 13036 8794 3839
1260 1089 5229 13067 8779 3834
1258 1087 5219 13061 8781 3840
1255 1085 5206 13037 8781 3847
1255 1086 5202 13028 8779 3850
1255 1086 5195 13025 8774 3851
1251 1084 5188 13026 8770 3850
1249 1083 5184 13047 8774 3835
1253 1086 5182 13076 8768 3815
1252 1085 5184 13093 8768 3814
1253 1086 5191 13107 8773 3817
1256 1088 5201 13095 8760 3808
1258 1088 5208 13090 8731 3795
1261 1088 5209 13105 8717 3773
1260 1089 5213 13101 8735 3745
1263 1090 5222 13086 8752 3724
1264 1091 5225 13068 8755 3709
1266 1091 5225 13060 8722 3702
1267 1090 5226 13080 8666 3700
1267 1089 5227 13106 8639 3716
1266 1089 5226 13133 8665 3733
1266 1089 5228 13151 8687 3738
1264 1087 5223 13158 8660 3748
1266 1090 5227 13180 8618 3758
1265 1089 5226 13173 8613 3762
1265 1088 5226 13111 8650 3760
1266 1087 5226 13056 8699 3760
1265 1086 5226 13103 8758 3762
1266 1089 5223 13214 8806 3731
1266 1087 5220 13217 8772 3724
1266 1088 5215 13123 8697 3750
1266 1088 5214 13072 8672 3763
1265 1088 5218 13083 8683 3753
1267 1090 5221 13097 8715 3747
1269 1089 5223 13081 8751 3757
1267 1088 5218 13057 8766 3770
1266 1088 5213 13034 8763 3783
1266 1090 5209 13024 8770 3790
1264 1088 5206 13111 8761 3780
1268 1089 5209 13125 8706 3817
1270 1087 5207 13153 8669 3826
1266 1087 5203 13156 8662 3828
1267 1087 5203 13118 8694 3826
1266 1086 5199 13085 8747 3819
1266 1086 5197 13078 8752 3819
1265 1087 5195 13081 8707 3821
1267 1085 5195 13074 8651 3819
1267 1086 5194 13095 8697 3817
1267 1087 5199 13112 8733 3821
1268 1086 5198 13117 8750 3806
1267 1085 5194 13117 8755 3798
1269 1087 5198 13107 8759 3807
1272 1086 5201 13086 8752 3819
1273 1087 5205 13072 8758 3824
1274 1086 5209 13079 8751 3831
1276 1087 5207 13083 8721 3840
1278 1086 5210 13085 8703 3843
1276 1086 5203 13090 8685 3859
1278 1088 5207 13089 8671 3883
1284 1090 5226 13080 8676 3891
1286 1091 5235 13100 8688 3881
1286 1091 5240 13100 8703 3873
1287 1091 5248 13049 8681 3879
1290 1094 5256 13028 8659 3897
1293 1094 5259 13068 8658 3908
1292 1095 5264 13118 8645 3919
1292 1097 5267 13140 8676 3921
1294 1097 5268 13117 8728 3919
1296 1095 5267 13069 8730 3935
1295 1096 5268 13025 8706 3949
1295 1095 5267 12987 8700 3958
1295 1095 5270 12975 8712 3958
1296 1095 5269 12985 8726 3954
1294 1096 5263 12993 8731 3960
1292 1093 5257 13000 8741 3971
1291 1093 5251 13006 8743 3968
1293 1093 5248 13006 8754 3969
1293 1093 5248 13027 8761 3977
1290 1094 5243 13061 8759 3977
1290 1094 5236 13050 8772 3977
1286 1091 5228 13004 8783 3977
1286 1092 5225 12976 8788 3968
1287 1088 5223 12981 8762 3962
1286 1089 5219 13002 8730 3960
1288 1091 5222 13018 8734 3945
1287 1090 5219 13020 8753 3932
1286 1088 5216 13053 8769 3891
1286 1087 5214 13055 8727 3892
1287 1087 5213 13046 8698 3896
1286 1087 5217 13029 8700 3893
1289 1090 5226 13029 8704 3885
1292 1091 5231 13054 8709 3880
1291 1089 5233 13061 8721 3878
1292 1090 5234 13049 8721 3876
1291 1090 5231 13044 8709 3874
1295 1089 5240 13064 8701 3875
1296 1090 5247 13082 8692 3873
1296 1090 5248 13090 8700 3875
1299 1093 5245 13080 8707 3885
1298 1091 5246 13043 8694 3889
1299 1090 5250 13020 8687 3894
1299 1091 5249 13057 8678 3902
1296 1090 5250 13107 8678 3907
1300 1092 5247 13087 8700 3917
1300 1091 5248 13055 8709 3920
1298 1090 5251 13100 8688 3897
1298 1089 5251 13071 8676 3899
1297 1090 5249 13038 8693 3900
1299 1091 5248 13032 8699 3892
1300 1091 5253 13043 8680 3896
1299 1092 5252 13065 8674 3903
1299 1093 5246 13074 8676 3907
1296 1093 5241 13050 8673 3918
1295 1091 5241 13043 8685 3918
1293 1093 5236 13085 8716 3908
1291 1090 5226 13104 8741 3907
1294 1091 5219 13076 8758 3906
1289 1089 5208 13062 8738 3894
1290 1087 5206 13064 8679 3882
1288 1088 5205 13089 8668 3869
1288 1088 5204 13100 8696 3857
1287 1089 5202 13096 8691 3853
1288 1090 5200 13126 8653 3844
1290 1089 5203 13139 8594 3835
1290 1090 5208 13128 8549 3830
1289 1090 5207 13135 8553 3802
1290 1091 5206 13149 8570 3785
1290 1092 5207 13167 8589 3784
1290 1090 5206 13179 8595 3782
1291 1093 5202 13155 8587 3788
1290 1092 5205 13101 8613 3776
1291 1090 5198 13085 8653 3761
1288 1090 5191 13109 8658 3767
1287 1089 5184 13133 8660 3770
1287 1090 5193 13132 8680 3772
1288 1088 5194 13135 8699 3757
1287 1088 5188 13139 8722 3750
1286 1087 5183 13121 8768 3755
1283 1086 5172 13105 8781 3753
1282 1085 5170 13083 8720 3776
1283 1086 5175 13096 8676 3791
1284 1086 5180 13141 8700 3780
1284 1084 5182 13140 8750 3777
1283 1084 5171 13102 8789 3770
1285 1085 5179 13065 8790 3751
1286 1083 5184 13037 8747 3697
1286 1084 5188 12997 8799 3713
1286 1085 5191 12950 8863 3733
1286 1083 5186 12917 8920 3742
1286 1085 5188 12953 8916 3743
1285 1083 5186 12983 8893 3758
1285 1084 5183 12966 8956 3773
1285 1084 5180 12951 9042 3772
1283 1085 5180 12960 9111 3760
1285 1085 5180 12974 9157 3749
1286 1085 5188 12935 9196 3740
1287 1085 5186 12870 9236 3740
1283 1084 5168 12832 9221 3748
1282 1082 5165 12837 9156 3756
1283 1083 5165 12857 9084 3769
1280 1083 5156 12848 9070 3767
1282 1084 5159 12832 9115 3747
1282 1086 5156 12817 9191 3729
1281 1086 5150 12825 9202 3708
1284 1088 5153 12851 9142 3683
1287 1090 5166 12842 9188 3647
1290 1092 5175 12797 9306 3634
1292 1094 5184 12748 9378 3652
1292 1093 5186 12719 9406 3664
1294 1095 5194 12715 9344 3685
1298 1095 5205 12759 9208 3712
1301 1096 5215 12805 9120 3730
1302 1096 5220 12820 9122 3746
1303 1097 5227 12819 9126 3768
1304 1097 5237 12836 9103 3785
1305 1096 5246 12889 9057 3789
1306 1098 5250 12907 8995 3799
1302 1095 5248 12879 8985 3805
1302 1096 5236 12851 9027 3811
1299 1094 5226 12857 9073 3831
1298 1094 5229 12871 9112 3833
1299 1095 5234 12860 9165 3829
1300 1094 5244 12847 9238 3824
1302 1095 5245 12841 9286 3805
1299 1095 5248 12856 9234 3790
1301 1096 5245 12901 9093 3781
1300 1096 5243 12898 8955 3797
1299 1096 5242 12858 8923 3819
1300 1095 5246 12843 8988 3821
1299 1095 5247 12845 9047 3807
1298 1094 5244 12870 9083 3790
1297 1095 5240 12884 9068 3793
1300 1097 5242 12882 9018 3815
1299 1095 5245 12921 8978 3830
1297 1094 5246 12991 8938 3834
1297 1093 5247 13030 8921 3822
1296 1093 5243 12990 8876 3826
1296 1094 5244 12945 8841 3834
1296 1094 5244 12928 8845 3835
1298 1096 5248 12944 8881 3825
1298 1096 5253 12956 8899 3813
1299 1095 5254 12960 8892 3815
1299 1096 5255 12953 8874 3817
1301 1096 5259 12952 8843 3824
1302 1096 5262 12994 8803 3816
1304 1096 5265 13011 8811 3832
1301 1096 5268 13006 8815 3855
1305 1096 5267 12985 8799 3873
1302 1093 5264 12956 8781 3888
1302 1095 5264 12942 8749 3892
1302 1094 5260 12952 8725 3889
1302 1094 5256 12974 8727 3892
1299 1093 5258 12981 8727 3903
1296 1093 5254 12977 8735 3908
1295 1090 5251 12992 8752 3909
1294 1090 5249 12996 8778 3920
1294 1090 5247 13005 8795 3928
1293 1090 5245 13040 8786 3929
1292 1090 5248 13037 8766 3929
1294 1090 5252 13005 8746 3922
1295 1091 5258 12979 8739 3911
1296 1093 5266 12956 8747 3906
1296 1093 5271 12938 8761 3912
1296 1095 5271 12949 8771 3918
1297 1093 5275 12979 8784 3915
1298 1095 5275 12984 8800 3924
1297 1095 5274 12977 8831 3925
1298 1094 5281 12969 8868 3929
1297 1095 5286 12944 8874 3956
1300 1097 5293 12949 8872 3966
1295 1095 5274 12990 8874 3968
1295 1096 5272 13010 8836 3986
1296 1096 5274 12990 8780 4006
1294 1097 5273 12970 8791 3992
1292 1096 5276 12965 8874 3948
1292 1097 5273 12953 8909 3929
1289 1095 5263 12967 8817 3947
1287 1095 5254 13015 8747 3949
1286 1096 5249 13035 8772 3929
1285 1095 5246 13002 8816 3924
1284 1098 5246 12969 8860 3917
1284 1097 5234 12945 8880 3901
1282 1095 5235 12945 8874 3896
1282 1093 5234 12973 8846 3889
1282 1093 5227 13036 8794 3851
1282 1093 5230 13063 8762 3843
1283 1095 5230 13076 8733 3847
1282 1094 5229 13032 8708 3878
1285 1093 5234 13004 8694 3901
1285 1094 5243 13018 8704 3885
1288 1093 5249 13024 8755 3860
1286 1095 5253 13003 8816 3856
1286 1096 5257 12993 8835 3866
1285 1098 5258 13021 8837 3869
1283 1095 5255 13044 8841 3863
1281 1094 5250 13027 8829 3869
1280 1092 5244 13018 8812 3888
1279 1089 5235 13022 8836 3897
1278 1092 5240 12989 8866 3900
1276 1092 5239 12944 8871 3895
1275 1089 5234 12934 8870 3896
1272 1088 5229 12921 8865 3909
1271 1088 5228 12932 8851 3912
1271 1090 5228 12976 8837 3902
1272 1090 5229 12989 8852 3899
1271 1090 5232 12958 8875 3911
1271 1090 5232 12951 8873 3913
1270 1090 5232 12980 8844 3912
1271 1092 5233 12983 8804 3917
1272 1089 5235 12966 8787 3921
1271 1092 5237 12958 8795 3921
1274 1092 5240 12955 8805 3918
1273 1090 5244 12959 8800 3923
1274 1089 5246 12974 8793 3923
1273 1091 5246 12995 8800 3917
1273 1092 5246 13005 8805 3923
1274 1091 5249 12987 8791 3924
1277 1095 5251 12978 8791 3927
1277 1095 5251 12998 8802 3924
1274 1091 5252 13002 8788 3908
1274 1090 5250 12960 8774 3919
1272 1089 5245 12906 8790 3938
1273 1089 5244 12925 8842 3939
1274 1091 5244 13006 8888 3933
1271 1089 5239 13002 8889 3949
1272 1089 5235 12938 8842 3964
1270 1088 5231 12971 8805 3965
1270 1089 5235 13043 8774 3953
1268 1085 5231 13072 8740 3929
1268 1087 5230 13037 8702 3920
1270 1087 5242 12987 8680 3942
1270 1088 5243 12989 8706 3944
1268 1088 5236 13025 8744 3929
1268 1088 5232 13128 8745 3868
1267 1088 5232 13071 8775 3835
1264 1089 5228 12950 8795 3843
1265 1087 5230 12898 8768 3868
1269 1088 5239 12955 8724 3880
1267 1089 5237 13036 8690 3882
1264 1089 5235 13085 8641 3880
1263 1089 5230 13079 8610 3874
1263 1090 5239 13004 8661 3879
1264 1088 5244 12950 8744 3888
1261 1086 5229 12985 8770 3899
1258 1086 5210 13046 8756 3919
1258 1087 5209 13046 8802 3933
1261 1088 5220 12995 8884 3938
1261 1087 5230 12983 8862 3964
1263 1087 5225 13057 8700 3996
1262 1090 5227 13163 8528 3997
1265 1088 5233 13219 8483 3981
1268 1089 5248 13214 8545 3949
1269 1090 5248 13203 8574 3935
1267 1089 5251 13237 8524 3957
1267 1090 5239 13272 8485 3958
1265 1090 5232 13261 8514 3922
1267 1090 5244 13215 8578 3876
1269 1091 5250 13153 8586 3852
1268 1090 5243 13113 8478 3854
1267 1089 5234 13129 8339 3844
1265 1090 5230 13183 8305 3825
1264 1088 5225 13198 8364 3823
1264 1089 5223 13168 8395 3846
1265 1090 5221 13178 8386 3879
1267 1090 5229 13201 8319 3911
1269 1088 5238 13193 8228 3945
1265 1088 5234 13185 8186 3979
1264 1088 5230 13208 8186 3997
1262 1087 5222 13260 8252 3994
1261 1091 5228 13251 8375 3987
1261 1089 5231 13185 8503 3986
1259 1087 5221 13146 8576 3987
1258 1085 5214 13153 8568 3973
1256 1088 5212 13190 8569 3936
1259 1085 5213 13175 8645 3919
1259 1086 5215 13102 8715 3920
1255 1084 5202 13066 8701 3917
1254 1084 5197 13084 8618 3926
1251 1084 5193 13130 8581 3941
1251 1085 5191 13161 8628 3935
1252 1084 5196 13182 8658 3915
1252 1083 5197 13220 8600 3893
1252 1083 5191 13225 8507 3880
1252 1087 5192 13277 8528 3787
1252 1089 5193 13216 8580 3741
1251 1089 5197 13121 8621 3697
1249 1087 5189 13092 8625 3675
1248 1089 5187 13169 8623 3663
1250 1088 5179 13269 8658 3665
1252 1091 5186 13272 8702 3669
1256 1093 5203 13167 8714 3655
1259 1093 5209 13080 8651 3663
1256 1092 5211 13144 8500 3670
1258 1093 5210 13296 8362 3643
1258 1092 5217 13338 8292 3620
1262 1094 5235 13290 8294 3614
1266 1096 5247 13274 8327 3620
1264 1097 5246 13290 8324 3625
1263 1095 5236 13316 8346 3620
1263 1095 5232 13289 8465 3614
1263 1092 5244 13178 8672 3598
1265 1093 5247 13082 8828 3598
1265 1093 5243 13124 8851 3587
1264 1097 5246 13271 8814 3519
1269 1099 5257 13310 8774 3458
1268 1098 5262 13207 8744 3458
1268 1100 5264 13133 8720 3476
1268 1099 5262 13123 8688 3513
1266 1097 5264 13113 8690 3578
1267 1096 5260 13132 8736 3627
1267 1099 5256 13160 8788 3664
1263 1096 5244 13165 8813 3697
1261 1095 5231 13147 8836 3730
1259 1094 5228 13121 8868 3733
1259 1092 5226 13117 8861 3713
1258 1092 5227 13155 8824 3697
1259 1093 5223 13261 8736 3647
1257 1092 5219 13274 8622 3620
1257 1091 5212 13134 8563 3642
1254 1091 5212 13000 8610 3675
1254 1091 5207 12944 8713 3704
1253 1090 5198 12938 8778 3752
1254 1091 5195 12976 8800 3815
1254 1092 5194 13110 8829 3941
1256 1089 5198 13114 8829 4005
1254 1088 5185 13196 8839 4027
1254 1087 5188 13407 8850 3949
1255 1088 5197 13516 8806 3829
1253 1086 5204 13372 8682 3749
1256 1089 5198 13188 8547 3679
1259 1088 5203 13146 8515 3557
1260 1088 5212 13204 8584 3394
1260 1088 5216 13128 8605 3163
1262 1090 5224 12994 8587 3190
1263 1090 5229 12961 8660 3228
1262 1090 5218 13009 8745 3302
1260 1089 5204 13047 8858 3423
1257 1090 5191 13122 8960 3544
1260 1089 5209 13218 8915 3661
1263 1091 5221 13276 8713 3771
1261 1091 5209 13410 8547 3828
1259 1092 5209 13531 8568 3809
1262 1094 5219 13467 8608 3773
1267 1095 5243 13319 8525 3754
1267 1095 5243 13142 8413 3770
1264 1095 5225 12998 8471 3779
1264 1096 5218 12926 8754 3705
1266 1098 5230 12884 8987 3590
1271 1100 5254 12860 8978 3543
1276 1100 5275 12942 8882 3551
1280 1101 5288 13100 8863 3531
1281 1104 5288 13170 8946 3494
1281 1102 5288 13089 9126 3453
1281 1102 5289 12975 9337 3421
1283 1103 5300 13003 9433 3363
1285 1105 5304 13076 9357 3301
1283 1105 5300 13027 9255 3281
1282 1102 5294 12925 9263 3262
1284 1104 5301 12869 9303 3235
1288 1107 5305 12817 9247 3243
1292 1109 5317 12765 9146 3265
1293 1113 5326 12735 9100 3270
1296 1114 5335 12744 9087 3259
1290 1109 5305 12766 9163 3222
1285 1110 5276 12788 9348 3142
1286 1113 5269 12789 9559 3043
1285 1112 5257 12749 9717 2986
1286 1115 5255 12789 9761 2931
1288 1118 5255 12867 9742 2870
1289 1118 5264 12886 9742 2816
1288 1118 5251 12851 9717 2816
1289 1120 5249 12798 9655 2866
1293 1122 5262 12748 9590 2972
1298 1123 5291 12810 9485 3067
1301 1127 5308 12976 9363 3079
1305 1129 5322 13113 9358 3039
1303 1127 5323 13117 9433 3013
1303 1128 5335 13046 9464 3010
1308 1127 5345 12962 9429 3014
1309 1127 5349 12894 9430 2980
1310 1125 5356 12874 9503 2863
1313 1127 5364 12906 9558 2625
1315 1126 5370 12831 9628 2566
1312 1123 5366 12784 9702 2498
1313 1123 5365 12794 9750 2402
1314 1123 5373 12824 9719 2353
1314 1122 5377 12833 9650 2371
1317 1123 5387 12814 9608 2425
1320 1125 5393 12808 9605 2459
1317 1123 5397 12864 9621 2428
1320 1122 5399 13023 9547 2403
1322 1123 5404 13064 9499 2375
1322 1126 5405 13103 9467 2323
1322 1126 5402 13112 9416 2292
1326 1127 5403 13104 9339 2306
1323 1126 5400 13093 9256 2337
1323 1125 5399 13088 9166 2362
1322 1126 5400 13100 9082 2382
