2025-10-19 15:55:44    绿光---红外光---红光---X轴---Y轴---Z轴
1348 1211 5721 12754 9701 3165
1346 1208 5722 12699 9773 3137
1346 1207 5716 12678 9771 3147
1345 1207 5719 12718 9709 3180
1345 1205 5715 12764 9672 3199
1345 1205 5717 12763 9689 3198
1348 1211 5716 12745 9710 3184
1349 1215 5718 12766 9707 3182
1346 1212 5717 12837 9603 3179
1347 1209 5712 12809 9605 3198
1344 1205 5708 12789 9578 3209
1343 1201 5713 12779 9534 3202
1347 1204 5718 12775 9506 3178
1345 1203 5714 12778 9487 3156
1340 1198 5710 12813 9471 3140
1338 1199 5706 12844 9446 3110
1338 1202 5704 12829 9389 3078
1336 1200 5703 12903 9284 3037
1334 1201 5700 12933 9255 3038
1334 1202 5697 12930 9241 3050
1332 1200 5700 12937 9234 3048
1330 1200 5698 12924 9209 3043
1330 1201 5700 12906 9190 3034
1330 1200 5693 12886 9193 3038
1329 1201 5689 12876 9201 3041
1330 1199 5693 12877 9187 3032
1337 1200 5691 12902 9184 3028
1334 1199 5693 12944 9197 3030
1335 1201 5694 12952 9201 3037
1334 1199 5694 12919 9183 3059
1332 1199 5692 12910 9166 3066
1327 1200 5691 12938 9172 3060
1329 1199 5692 12964 9175 3064
1330 1198 5693 12972 9194 3081
1327 1201 5694 12959 9224 3110
1327 1199 5692 12939 9223 3118
1329 1199 5694 12940 9212 3101
1328 1199 5696 12983 9208 3065
1329 1199 5698 13004 9201 3045
1330 1200 5694 12981 9187 3051
1329 1200 5697 12966 9169 3047
1330 1200 5695 12951 9159 3050
1329 1198 5694 12958 9150 3055
1329 1199 5696 12959 9154 3063
1328 1198 5689 12947 9185 3075
1330 1198 5685 12965 9207 3084
1329 1198 5692 12982 9192 3101
1329 1199 5699 13002 9185 3097
1327 1199 5696 13047 9188 3075
1327 1199 5699 13030 9164 3088
1328 1198 5700 12987 9132 3115
1327 1200 5704 12998 9101 3135
1326 1202 5703 13062 9063 3139
1325 1200 5700 13125 9035 3133
1324 1202 5699 13113 9031 3140
1324 1199 5697 13064 9034 3161
1323 1199 5699 13035 9028 3191
1324 1200 5697 13065 9013 3167
1322 1200 5693 13068 8999 3183
1321 1202 5691 13065 8987 3204
1319 1204 5692 13053 8979 3213
1320 1200 5687 13064 8979 3231
1319 1200 5691 13109 8986 3242
1320 1202 5689 13098 9009 3267
1321 1201 5688 13078 9018 3283
1321 1200 5688 13107 9002 3253
1319 1203 5687 13145 8998 3194
1319 1203 5688 13136 8989 3220
1321 1202 5690 13085 8990 3240
1321 1203 5696 13101 8973 3223
1321 1203 5698 13141 8970 3188
1323 1204 5698 13144 8950 3169
1324 1204 5696 13132 8922 3185
1323 1205 5695 13099 8910 3201
1325 1203 5693 13078 8904 3207
1322 1204 5690 13095 8925 3196
1323 1205 5694 13107 8967 3163
1323 1205 5696 13103 8978 3173
1325 1207 5702 13096 8957 3213
1326 1208 5703 13091 8931 3220
1327 1213 5705 13110 8893 3226
1325 1208 5708 13131 8868 3228
1329 1210 5719 13140 8864 3211
1331 1209 5726 13153 8870 3182
1329 1206 5724 13139 8867 3156
1327 1208 5722 13115 8854 3139
1329 1207 5724 13125 8864 3104
1326 1207 5721 13175 8884 3083
1324 1206 5718 13238 8890 3103
1323 1206 5716 13253 8876 3121
1322 1206 5713 13224 8845 3118
1323 1206 5715 13206 8794 3130
1322 1208 5717 13203 8758 3148
1323 1207 5716 13209 8755 3141
1322 1206 5706 13220 8740 3122
1321 1207 5706 13230 8724 3094
1323 1205 5717 13232 8723 3062
1321 1206 5712 13223 8725 3044
1319 1206 5711 13203 8753 3030
1318 1206 5707 13189 8751 3032
1319 1207 5704 13238 8710 3016
1321 1209 5703 13293 8707 2981
1323 1214 5703 13257 8748 2978
1322 1213 5700 13219 8780 2970
1323 1211 5698 13202 8775 2944
1320 1208 5694 13149 8753 2935
1318 1203 5693 13206 8727 2896
1318 1202 5693 13193 8691 2917
1319 1204 5694 13193 8669 2919
1320 1202 5699 13267 8704 2879
1320 1201 5710 13344 8704 2843
1323 1205 5726 13327 8626 2840
1325 1204 5733 13244 8541 2914
1317 1198 5696 13162 8508 2993
1315 1198 5678 13053 8534 3023
1314 1198 5682 12965 8645 3020
1312 1195 5687 12937 8859 3004
1310 1190 5680 12860 9072 3062
1303 1185 5644 12865 9097 3157
1306 1186 5660 13056 8999 3204
1305 1188 5658 13124 8900 3265
1302 1184 5630 12873 8893 3328
1299 1181 5606 12455 9162 3319
1294 1180 5585 12352 9543 3250
1295 1184 5591 12671 9908 3100
1296 1184 5590 13130 10368 2925
1291 1184 5583 13317 10296 3064
1286 1184 5574 13146 9997 3247
1289 1184 5566 13175 9690 3346
1286 1185 5561 13244 9424 3388
1286 1188 5560 13264 9218 3377
1286 1187 5558 13225 9000 3348
1288 1192 5572 13084 8736 3338
1291 1195 5587 12939 8452 3330
1292 1197 5591 12913 8235 3313
1294 1197 5590 13174 8017 3287
1294 1198 5596 13191 8013 3333
1297 1200 5614 13209 8094 3400
1299 1202 5617 13250 8196 3449
1295 1199 5603 13270 8265 3505
1292 1199 5601 13220 8438 3570
1292 1198 5595 13120 8788 3619
1286 1193 5568 13125 9071 3686
1276 1183 5531 13227 9137 3755
1274 1182 5513 13252 9123 3735
1276 1184 5523 13139 9126 3591
1277 1185 5526 12934 8972 3436
1277 1185 5521 12752 8689 3441
1273 1184 5496 12654 8615 3535
1269 1187 5479 12650 8908 3535
1270 1190 5480 12769 9274 3506
1275 1190 5486 12940 9373 3555
1275 1192 5486 13102 9199 3708
1273 1193 5483 13326 8928 3926
1276 1195 5488 13583 8753 4118
1275 1196 5480 13684 8668 4227
1273 1197 5469 13612 8587 4263
1272 1196 5466 13461 8505 4259
1275 1199 5473 13308 8458 4199
1276 1199 5479 13201 8397 4113
1276 1203 5488 13166 8278 4056
1277 1203 5494 13203 8154 4022
1279 1203 5499 13267 8084 3999
1281 1205 5507 13320 8062 3977
1284 1206 5522 13369 8086 3947
1284 1208 5534 13412 8126 3926
1288 1207 5541 13403 8097 3912
1286 1208 5544 13358 8057 3874
1287 1208 5537 13312 8067 3817
1285 1206 5536 13257 8095 3769
1285 1206 5539 13194 8151 3750
1288 1205 5539 13171 8192 3739
1287 1208 5538 13203 8170 3717
1288 1210 5538 13268 8133 3705
1290 1209 5542 13308 8119 3702
1289 1212 5548 13349 8153 3697
1288 1211 5547 13376 8167 3725
1291 1212 5550 13388 8129 3776
1293 1212 5551 13417 8107 3813
1294 1211 5553 13428 8104 3842
1293 1211 5557 13449 8108 3864
1300 1213 5564 13485 8109 3883
1297 1212 5564 13510 8106 3896
1298 1210 5563 13515 8095 3910
1299 1212 5568 13517 8092 3928
1301 1212 5573 13565 8145 3913
1299 1211 5573 13506 8081 3896
1302 1212 5578 13460 8035 3875
1304 1214 5579 13423 8022 3851
1304 1215 5580 13381 8025 3826
1305 1214 5582 13359 8033 3811
1306 1213 5584 13357 8046 3807
1307 1212 5587 13376 8060 3804
1308 1214 5587 13395 8054 3804
1311 1216 5595 13463 8102 3795
1315 1219 5600 13466 8086 3805
1315 1222 5600 13478 8068 3818
1315 1220 5596 13472 8063 3823
1315 1219 5590 13450 8074 3807
1315 1219 5595 13413 8072 3780
1317 1215 5604 13382 8046 3755
1317 1216 5612 13399 8012 3738
1318 1219 5605 13487 7988 3728
1314 1216 5601 13563 8016 3710
1316 1216 5599 13546 8064 3688
1316 1219 5602 13499 8056 3686
1316 1220 5606 13465 8014 3702
1315 1219 5608 13463 7979 3718
1317 1219 5603 13491 7963 3720
1316 1218 5604 13523 7966 3708
1317 1220 5607 13537 7974 3699
1318 1219 5608 13537 7971 3696
1317 1219 5608 13567 7951 3690
1317 1219 5613 13599 7947 3675
1320 1220 5622 13594 7955 3657
1324 1219 5625 13589 7948 3655
1329 1219 5629 13622 7938 3658
1328 1219 5633 13637 7948 3652
1329 1219 5639 13588 7962 3651
1329 1219 5638 13549 7979 3657
1330 1216 5641 13546 7998 3656
1325 1217 5640 13572 8016 3644
1326 1218 5644 13594 8027 3633
1330 1217 5646 13579 8026 3625
1329 1216 5648 13582 8059 3595
1330 1216 5654 13568 8062 3588
1332 1216 5659 13527 8027 3618
1334 1218 5665 13503 8019 3622
1333 1218 5664 13486 8023 3614
1333 1218 5665 13492 8051 3616
1337 1218 5666 13487 8099 3624
1339 1220 5669 13453 8126 3631
1338 1218 5672 13431 8131 3639
1340 1219 5676 13417 8132 3649
1341 1219 5684 13414 8201 3600
1344 1219 5689 13385 8170 3624
1347 1221 5694 13372 8153 3635
1348 1222 5699 13378 8153 3653
1347 1223 5696 13417 8184 3665
1346 1222 5695 13414 8218 3658
1350 1221 5706 13377 8218 3657
1351 1220 5711 13389 8195 3674
1352 1220 5714 13462 8170 3688
1352 1222 5716 13541 8193 3674
1352 1222 5713 13538 8222 3656
1351 1222 5717 13463 8202 3653
1352 1222 5723 13409 8168 3654
1353 1224 5725 13385 8135 3661
1354 1224 5728 13366 8125 3664
1353 1222 5729 13342 8138 3663
1355 1223 5732 13325 8162 3671
1353 1224 5732 13336 8188 3669
1354 1223 5729 13367 8193 3669
1356 1224 5731 13420 8263 3627
1355 1226 5739 13385 8260 3634
1356 1226 5733 13382 8262 3644
1355 1223 5729 13386 8272 3640
1355 1222 5725 13383 8247 3640
1354 1223 5730 13388 8194 3647
1356 1222 5731 13386 8143 3645
1356 1223 5736 13384 8131 3645
1355 1225 5736 13388 8156 3650
1356 1223 5734 13392 8199 3633
1356 1221 5735 13402 8254 3618
1355 1222 5732 13400 8272 3628
1356 1220 5732 13380 8264 3641
1356 1222 5729 13361 8270 3645
1356 1221 5724 13346 8294 3650
1353 1222 5716 13339 8322 3653
1352 1222 5713 13334 8329 3667
1352 1221 5711 13330 8303 3683
1351 1218 5705 13334 8277 3680
1351 1221 5700 13364 8294 3658
1350 1217 5695 13405 8340 3635
1352 1219 5699 13390 8350 3638
1354 1218 5698 13355 8329 3648
1353 1218 5693 13354 8348 3643
1351 1217 5691 13347 8384 3632
1350 1218 5691 13341 8417 3626
1351 1217 5688 13329 8426 3620
1350 1216 5691 13313 8408 3619
1352 1216 5692 13317 8392 3623
1351 1214 5684 13316 8409 3615
1350 1213 5684 13286 8453 3580
1351 1214 5691 13259 8460 3577
1352 1213 5695 13285 8426 3596
1351 1213 5695 13341 8402 3584
1352 1217 5694 13349 8407 3579
1354 1220 5695 13318 8422 3582
1352 1219 5696 13297 8428 3588
1353 1219 5697 13286 8423 3579
1350 1219 5699 13275 8413 3575
1349 1216 5695 13263 8422 3570
1349 1215 5697 13276 8510 3524
1350 1216 5698 13277 8502 3548
1349 1214 5698 13284 8491 3561
1348 1214 5693 13284 8492 3573
1348 1214 5691 13278 8498 3593
1346 1215 5694 13292 8515 3594
1347 1214 5694 13313 8511 3588
1348 1215 5697 13314 8500 3591
1347 1214 5696 13296 8499 3602
1346 1214 5697 13293 8522 3583
1344 1215 5694 13295 8567 3541
1345 1215 5696 13271 8592 3538
1346 1215 5696 13252 8593 3551
1348 1215 5697 13234 8589 3540
1349 1214 5697 13202 8598 3522
1353 1214 5696 13199 8613 3496
1350 1214 5697 13219 8628 3482
1351 1213 5699 13221 8635 3478
1351 1213 5699 13217 8636 3470
1348 1215 5701 13256 8656 3435
1347 1214 5701 13254 8662 3435
1348 1215 5700 13235 8649 3444
1348 1214 5701 13225 8652 3449
1347 1214 5704 13223 8669 3452
1350 1215 5704 13222 8690 3460
1349 1214 5705 13213 8703 3475
1351 1215 5708 13216 8693 3473
1354 1217 5713 13239 8694 3467
1356 1215 5718 13274 8728 3451
1354 1213 5721 13294 8753 3418
1356 1216 5723 13261 8736 3414
1359 1217 5732 13224 8699 3432
1362 1218 5739 13228 8663 3457
1360 1219 5742 13227 8653 3479
1360 1218 5735 13180 8660 3500
1357 1217 5725 13126 8654 3527
1358 1217 5732 13162 8638 3523
1359 1216 5729 13241 8654 3486
1357 1216 5723 13253 8690 3464
1354 1215 5717 13244 8713 3423
1350 1212 5713 13219 8692 3393
1350 1213 5719 13186 8644 3413
1351 1214 5721 13167 8629 3440
1350 1216 5720 13146 8652 3451
1351 1215 5720 13145 8687 3438
1349 1214 5721 13147 8709 3436
1351 1215 5726 13159 8707 3454
1350 1212 5726 13191 8709 3459
1348 1213 5722 13213 8731 3454
1347 1214 5719 13217 8718 3397
1348 1213 5722 13202 8704 3425
1349 1216 5727 13197 8740 3437
1347 1215 5727 13182 8787 3448
1347 1213 5723 13165 8811 3458
1344 1212 5720 13156 8802 3452
1344 1212 5716 13151 8761 3448
1343 1212 5715 13165 8716 3460
1341 1210 5711 13183 8698 3468
1342 1211 5711 13207 8714 3438
1343 1210 5711 13218 8743 3412
1341 1212 5710 13196 8752 3414
1340 1210 5713 13165 8752 3418
1341 1209 5713 13156 8754 3416
1341 1211 5713 13153 8760 3407
1343 1213 5716 13152 8755 3398
1342 1212 5716 13148 8750 3403
1340 1213 5714 13128 8764 3419
1340 1211 5711 13128 8775 3424
1340 1211 5709 13176 8797 3376
1341 1208 5708 13166 8814 3387
1342 1211 5709 13145 8820 3411
1341 1209 5704 13131 8798 3423
1339 1209 5705 13131 8772 3424
1341 1210 5706 13150 8781 3428
1340 1208 5708 13137 8812 3432
1339 1208 5706 13086 8822 3439
1340 1209 5702 13075 8808 3462
1342 1210 5704 13138 8814 3454
1339 1208 5709 13220 8845 3409
1338 1205 5714 13226 8857 3413
1336 1204 5711 13181 8849 3449
1337 1205 5709 13146 8831 3456
1334 1206 5708 13121 8809 3451
1335 1209 5708 13091 8808 3452
1337 1213 5708 13064 8817 3446
1334 1212 5708 13058 8825 3446
1333 1210 5708 13074 8827 3454
1329 1210 5708 13108 8825 3453
1332 1208 5708 13142 8843 3434
1329 1206 5708 13133 8852 3447
1331 1207 5704 13120 8839 3468
1330 1207 5706 13153 8832 3454
1329 1207 5709 13175 8838 3463
1328 1208 5707 13152 8847 3493
1327 1209 5708 13121 8851 3512
1325 1207 5708 13117 8847 3515
1326 1207 5707 13128 8842 3496
1326 1208 5707 13131 8845 3477
1325 1208 5708 13156 8863 3407
1324 1210 5708 13150 8842 3409
1323 1210 5709 13140 8845 3406
1323 1209 5712 13128 8871 3409
1324 1209 5711 13102 8870 3400
1327 1207 5711 13100 8856 3386
1331 1208 5709 13109 8848 3385
1331 1210 5711 13097 8853 3397
1329 1209 5712 13095 8864 3401
1328 1208 5712 13110 8873 3399
1325 1209 5710 13127 8876 3402
1326 1210 5710 13114 8873 3416
1325 1208 5712 13101 8888 3435
1325 1208 5712 13097 8903 3441
1327 1209 5712 13098 8916 3451
1326 1208 5715 13115 8936 3457
1327 1209 5714 13091 8930 3471
1327 1209 5712 13055 8905 3485
1326 1209 5708 13070 8884 3482
1326 1209 5712 13204 8932 3424
1328 1209 5719 13168 8936 3446
1327 1207 5723 13118 8914 3463
1326 1207 5721 13088 8894 3461
1323 1208 5721 13074 8901 3454
1321 1209 5721 13059 8914 3443
1322 1208 5720 13039 8919 3433
1321 1209 5719 13037 8917 3420
1318 1207 5719 13040 8907 3414
1318 1207 5717 13062 8902 3397
1318 1206 5717 13095 8908 3370
1317 1207 5717 13093 8911 3390
1318 1209 5719 13094 8914 3413
1317 1207 5718 13126 8925 3401
1318 1208 5723 13120 8934 3399
1318 1207 5724 13085 8936 3417
1316 1208 5722 13073 8927 3441
1316 1207 5720 13077 8904 3439
1314 1209 5717 13087 8888 3419
1315 1208 5719 13089 8896 3401
1312 1209 5719 13093 8929 3351
1313 1207 5719 13099 8929 3329
1314 1207 5718 13099 8893 3340
1313 1203 5716 13090 8866 3337
1313 1206 5719 13080 8854 3329
1313 1208 5720 13085 8877 3314
1312 1207 5720 13089 8911 3310
1314 1207 5720 13081 8926 3306
1313 1207 5720 13070 8923 3310
1314 1206 5721 13066 8910 3323
1317 1208 5721 13093 8929 3351
1316 1211 5726 13099 8929 3329
1315 1209 5727 13099 8893 3340
1315 1211 5726 13090 8866 3337
1315 1209 5722 13080 8854 3329
1315 1209 5720 13085 8877 3314
1316 1207 5719 13089 8911 3310
1316 1209 5723 13081 8926 3306
1316 1206 5721 13070 8923 3310
1315 1207 5721 13066 8910 3323
1316 1207 5718 13070 8938 3289
1316 1207 5724 13079 8934 3313
1319 1209 5732 13091 8929 3338
1316 1208 5730 13091 8931 3363
1315 1206 5731 13082 8951 3363
1311 1206 5731 13099 8969 3361
1311 1206 5731 13092 8962 3362
1311 1204 5730 13044 8955 3358
1311 1207 5728 13031 8951 3360
1312 1211 5729 13102 8947 3331
1312 1212 5727 13163 8952 3319
1310 1209 5729 13138 8951 3346
1310 1210 5729 13096 8964 3361
1307 1208 5725 13077 8981 3360
1308 1205 5727 13079 8986 3339
1309 1207 5728 13064 8969 3329
1308 1207 5728 13027 8950 3322
1306 1205 5726 13006 8955 3313
1306 1206 5727 13017 8959 3301
1307 1206 5731 13088 8975 3268
1305 1205 5728 13074 8978 3286
1306 1207 5727 13056 8983 3315
1306 1206 5727 13090 8990 3299
1306 1207 5726 13128 8986 3286
1305 1207 5726 13109 8989 3306
1304 1206 5728 13067 8999 3328
1306 1206 5730 13055 9007 3332
1307 1208 5730 13067 9005 3322
1310 1208 5732 13082 9006 3303
1313 1207 5730 13090 9007 3286
1313 1207 5730 13095 8981 3288
1312 1206 5731 13090 8947 3289
1315 1207 5731 13074 8931 3296
1310 1207 5730 13070 8934 3294
1309 1206 5731 13069 8954 3274
1312 1207 5731 13071 8979 3254
1313 1207 5731 13072 8997 3249
1311 1207 5730 13060 8997 3262
1312 1207 5729 13059 8988 3262
1314 1207 5731 13069 8982 3245
1313 1210 5733 13065 8982 3245
1314 1208 5732 13062 8983 3265
1315 1207 5725 13065 8996 3281
1316 1208 5732 13060 9008 3300
1317 1208 5738 13061 9002 3311
1317 1209 5738 13072 9003 3311
1316 1207 5740 13076 9000 3310
1314 1208 5738 13085 8978 3305
1313 1206 5737 13085 8969 3294
1313 1207 5738 13055 8966 3259
1312 1208 5737 13029 8957 3258
1312 1207 5734 13066 8944 3287
1311 1208 5736 13133 8944 3281
1311 1206 5738 13146 8951 3290
1312 1207 5736 13113 8944 3308
1312 1206 5735 13083 8942 3323
1312 1205 5731 13081 8941 3315
1311 1206 5734 13073 8933 3285
1313 1208 5740 13050 8931 3285
1312 1210 5740 13046 8945 3270
1312 1209 5743 13043 8943 3258
1312 1207 5742 13038 8928 3286
1314 1207 5743 13058 8933 3303
1313 1208 5744 13070 8939 3304
1314 1206 5741 13062 8930 3322
1313 1210 5746 13088 8913 3331
1314 1209 5745 13124 8913 3315
1315 1208 5747 13121 8921 3312
1316 1209 5747 13095 8927 3337
1316 1208 5748 13118 8964 3299
1319 1208 5749 13102 8960 3314
1319 1208 5750 13075 8943 3328
1318 1208 5751 13062 8910 3329
1318 1208 5748 13065 8893 3334
1320 1207 5746 13078 8904 3321
1319 1207 5745 13084 8918 3313
1319 1207 5744 13077 8930 3319
1320 1210 5744 13066 8936 3335
1323 1207 5746 13096 8987 3284
1323 1211 5750 13085 8994 3291
1323 1213 5752 13050 8984 3314
1322 1211 5751 13044 8968 3332
1323 1211 5751 13074 8951 3342
1322 1209 5747 13085 8936 3346
1327 1208 5745 13072 8920 3358
1328 1211 5749 13066 8916 3362
1328 1209 5745 13065 8929 3353
1327 1206 5742 13079 8939 3342
1328 1208 5740 13095 8943 3329
1327 1208 5748 13082 8940 3350
1329 1209 5757 13048 8935 3384
1329 1210 5754 13049 8937 3383
1329 1207 5753 13079 8940 3367
1327 1206 5752 13066 8942 3367
1324 1206 5752 13034 8937 3370
1324 1205 5753 13046 8921 3378
1325 1206 5751 13117 8928 3379
1326 1209 5750 13156 8958 3368
1328 1210 5749 13135 8985 3351
1332 1215 5749 13095 8985 3349
1328 1211 5749 13055 8970 3364
1329 1212 5742 13035 8963 3357
1328 1209 5742 13031 8955 3338
1327 1204 5744 13038 8957 3336
1329 1207 5747 13024 8955 3348
1329 1208 5744 13012 8949 3361
1329 1206 5748 13038 8956 3364
1328 1206 5743 13076 8956 3354
1330 1207 5743 13103 8946 3320
1328 1207 5740 13112 8923 3314
1330 1208 5742 13116 8904 3336
1330 1209 5741 13113 8913 3342
1332 1207 5745 13098 8930 3346
1332 1211 5749 13094 8929 3350
1331 1210 5751 13064 8942 3348
1332 1211 5751 13046 8938 3337
1336 1212 5754 13042 8890 3339
1341 1213 5759 13055 8861 3354
1342 1213 5761 13158 8835 3326
1342 1214 5752 13149 8834 3353
1340 1213 5747 13126 8855 3357
1339 1214 5746 13110 8864 3355
1337 1216 5738 13117 8853 3374
1341 1217 5741 13142 8836 3402
1337 1217 5732 13179 8820 3412
1340 1219 5748 13206 8797 3406
1345 1222 5756 13245 8716 3432
1346 1223 5748 13308 8528 3513
1345 1223 5740 13370 8445 3545
1346 1225 5740 13426 8349 3570
1345 1225 5734 13411 8283 3587
1347 1226 5736 13281 8309 3599
1347 1227 5735 13092 8487 3573
1345 1227 5731 13058 8639 3519
1349 1228 5736 13123 8634 3492
1347 1230 5731 13160 8584 3520
1347 1231 5727 13237 8546 3548
1349 1231 5734 13306 8504 3549
1350 1233 5743 13261 8447 3588
1350 1234 5742 13222 8403 3631
1349 1233 5715 13239 8436 3645
1345 1233 5710 13291 8425 3677
1347 1233 5708 13337 8330 3705
1351 1235 5728 13269 8311 3708
1348 1233 5712 13161 8425 3710
1345 1233 5701 13132 8565 3693
1342 1228 5681 13160 8536 3667
1342 1226 5688 13188 8402 3650
1347 1225 5717 13181 8320 3655
1342 1218 5682 13152 8401 3673
1337 1215 5680 13125 8606 3684
1338 1212 5685 13135 8700 3714
1335 1204 5669 13120 8697 3730
1328 1199 5635 13084 8682 3712
1324 1197 5614 13000 8821 3678
1323 1192 5619 12908 9100 3653
1319 1184 5606 12942 9255 3664
1313 1177 5578 12718 9509 3668
1308 1174 5558 12645 9633 3668
1306 1170 5540 12860 9408 3725
1305 1170 5528 13129 9044 3775
1305 1170 5536 13005 9010 3715
1305 1171 5525 12735 9284 3627
1304 1172 5518 12641 9542 3582
1302 1170 5494 12683 9725 3496
1297 1169 5483 12741 9839 3387
1298 1169 5471 12795 9897 3420
1297 1166 5467 12901 9894 3476
1296 1167 5456 13027 9825 3500
1297 1168 5455 13033 9631 3548
1299 1166 5458 12980 9369 3577
1296 1169 5459 12926 9137 3579
1298 1169 5460 12883 8919 3593
1299 1168 5462 12870 8718 3593
1300 1169 5475 12878 8566 3585
1305 1169 5495 12904 8564 3535
1303 1168 5488 12940 8618 3559
1297 1160 5459 12938 8670 3583
1289 1154 5440 12871 8774 3590
1289 1151 5442 12825 8971 3612
1281 1148 5402 12838 9200 3665
1278 1146 5387 12889 9323 3718
1279 1146 5386 12917 9348 3750
1276 1143 5390 12841 9460 3738
1271 1137 5355 12804 9502 3733
1267 1134 5336 12927 9368 3713
1265 1131 5339 12944 9350 3593
1264 1133 5331 12776 9552 3378
1262 1132 5315 12618 9753 3229
1261 1132 5323 12577 9803 3204
1268 1136 5331 12601 9819 3143
1264 1134 5337 12597 9853 3114
1265 1136 5333 12673 9848 3187
1264 1136 5323 12833 9802 3262
1264 1138 5328 12908 9764 3261
1263 1137 5333 12901 9728 3191
1262 1138 5331 12840 9675 3152
1262 1138 5327 12787 9537 3177
1265 1140 5329 12800 9331 3216
1269 1142 5335 12781 9183 3226
1272 1142 5341 12715 9109 3199
1275 1147 5354 12696 9033 3180
1282 1151 5383 12782 8936 3203
1286 1156 5408 12950 8845 3248
1287 1159 5432 13117 8777 3276
1295 1161 5450 13293 8709 3266
1297 1165 5459 13405 8650 3298
1298 1166 5474 13363 8642 3401
1301 1167 5482 13253 8670 3476
1302 1169 5488 13145 8711 3500
1306 1173 5498 13109 8742 3482
1309 1172 5508 13157 8747 3443
1311 1175 5518 13199 8728 3429
1312 1176 5526 13206 8682 3464
1314 1176 5527 13198 8631 3521
1313 1177 5529 13205 8600 3537
1315 1177 5540 13239 8594 3525
1320 1179 5549 13257 8615 3538
1320 1179 5557 13238 8627 3547
1320 1181 5564 13236 8616 3546
1323 1182 5568 13269 8588 3569
1321 1181 5575 13325 8549 3593
1323 1184 5581 13365 8518 3596
1322 1184 5583 13362 8505 3602
1324 1185 5589 13331 8504 3611
1324 1185 5590 13293 8510 3608
1324 1186 5593 13268 8551 3563
1326 1189 5600 13233 8586 3539
1328 1189 5608 13213 8598 3559
1327 1190 5610 13220 8612 3568
1327 1191 5611 13214 8607 3580
1326 1188 5611 13205 8580 3587
1328 1190 5613 13202 8565 3581
1328 1190 5616 13200 8590 3580
1329 1190 5617 13201 8621 3584
1329 1193 5623 13217 8624 3584
1328 1190 5619 13233 8600 3562
1329 1189 5617 13219 8576 3594
1330 1191 5622 13209 8583 3605
1330 1191 5627 13202 8593 3618
1330 1191 5625 13192 8590 3620
1330 1192 5628 13196 8565 3622
1329 1191 5628 13219 8555 3619
1331 1192 5629 13240 8579 3612
1331 1192 5631 13225 8610 3607
1331 1192 5630 13202 8631 3564
1332 1192 5630 13187 8639 3538
1332 1194 5632 13181 8650 3560
1333 1195 5635 13176 8665 3566
1334 1195 5639 13154 8681 3577
1332 1194 5638 13141 8689 3597
1334 1196 5639 13142 8683 3600
1333 1195 5637 13150 8682 3605
1334 1192 5636 13153 8687 3607
1337 1195 5639 13153 8698 3603
1336 1195 5641 13225 8729 3579
1335 1192 5638 13214 8725 3599
1335 1193 5636 13194 8712 3613
1336 1195 5642 13172 8714 3617
1334 1194 5651 13117 8713 3621
1337 1194 5655 13096 8707 3616
1336 1192 5654 13137 8705 3618
1334 1192 5654 13185 8721 3622
1334 1192 5653 13193 8753 3622
1332 1192 5654 13174 8781 3613
1332 1192 5654 13162 8796 3587
1332 1195 5654 13149 8781 3578
1335 1197 5655 13132 8765 3583
1334 1199 5658 13115 8754 3569
1333 1199 5661 13099 8764 3552
1333 1198 5658 13101 8771 3546
1332 1196 5658 13116 8762 3552
1330 1193 5658 13132 8761 3567
1334 1197 5665 13135 8769 3580
1333 1196 5666 13135 8776 3580
1332 1196 5668 13161 8781 3543
1333 1198 5665 13194 8778 3524
1331 1196 5662 13186 8765 3539
1330 1198 5663 13147 8772 3551
1330 1195 5666 13118 8790 3560
1327 1198 5666 13118 8777 3560
1328 1197 5664 13136 8741 3555
1327 1197 5665 13154 8714 3550
1328 1197 5666 13147 8705 3545
1332 1196 5669 13129 8720 3535
1336 1199 5669 13206 8752 3478
1335 1196 5669 13180 8732 3508
1334 1196 5667 13150 8749 3510
1330 1196 5667 13124 8776 3523
1329 1197 5666 13125 8794 3531
1331 1198 5664 13137 8795 3531
1327 1197 5667 13137 8769 3534
1329 1196 5668 13123 8737 3537
1330 1196 5669 13112 8731 3548
1330 1198 5670 13128 8743 3539
1332 1197 5668 13148 8762 3538
1331 1198 5669 13154 8786 3561
1333 1197 5670 13144 8794 3573
1333 1198 5671 13135 8782 3582
1333 1198 5672 13126 8775 3591
1335 1196 5668 13127 8780 3590
1331 1197 5668 13138 8787 3577
1333 1198 5672 13118 8799 3572
1334 1195 5679 13085 8809 3579
1332 1197 5676 13167 8814 3526
1332 1196 5676 13204 8818 3528
1328 1198 5674 13178 8826 3548
1328 1197 5674 13143 8826 3564
1328 1196 5674 13119 8808 3573
1326 1197 5673 13094 8789 3579
1326 1196 5673 13072 8780 3577
1326 1196 5671 13066 8792 3553
1324 1198 5673 13058 8809 3528
1323 1196 5674 13054 8811 3507
1323 1196 5669 13086 8805 3490
1320 1195 5672 13117 8787 3507
1323 1196 5675 13116 8771 3541
1321 1196 5669 13122 8773 3561
1320 1200 5668 13153 8781 3565
1319 1197 5667 13156 8792 3567
1319 1195 5668 13132 8797 3573
1318 1196 5664 13116 8794 3578
1319 1198 5666 13112 8772 3573
1319 1195 5665 13127 8758 3546
1319 1195 5666 13165 8771 3518
1319 1196 5671 13177 8762 3522
1317 1197 5671 13165 8743 3542
1317 1196 5671 13167 8724 3545
1317 1195 5671 13164 8712 3527
1318 1197 5668 13146 8734 3520
1318 1197 5672 13124 8756 3523
1319 1197 5671 13114 8753 3518
1318 1198 5672 13116 8761 3520
1320 1199 5676 13132 8775 3516
1318 1198 5677 13163 8780 3474
1317 1199 5677 13159 8778 3459
1319 1200 5678 13123 8770 3509
1317 1197 5675 13116 8778 3537
1319 1197 5672 13127 8788 3532
1321 1199 5674 13134 8797 3533
1318 1196 5671 13139 8812 3544
1320 1197 5673 13130 8812 3553
1320 1198 5675 13133 8802 3550
1320 1198 5672 13156 8798 3546
1320 1199 5673 13181 8812 3478
1320 1198 5677 13149 8795 3493
1320 1198 5675 13144 8785 3504
1319 1195 5672 13128 8788 3522
1321 1197 5678 13082 8787 3530
1321 1197 5683 13071 8790 3538
1319 1198 5681 13125 8789 3527
1320 1202 5684 13189 8791 3508
1319 1203 5683 13201 8799 3509
1317 1201 5683 13139 8811 3473
1317 1201 5681 13124 8824 3481
1314 1197 5678 13108 8836 3500
1313 1196 5672 13088 8836 3512
1313 1197 5673 13087 8815 3512
1312 1195 5674 13103 8775 3511
1310 1195 5677 13120 8734 3515
1311 1197 5675 13146 8732 3510
1310 1196 5673 13155 8760 3518
1309 1197 5675 13155 8783 3527
1310 1199 5679 13181 8793 3504
1308 1197 5675 13203 8793 3483
1306 1199 5675 13190 8791 3497
1306 1198 5675 13158 8795 3523
1305 1197 5675 13140 8790 3537
1307 1197 5672 13151 8764 3536
1310 1197 5672 13169 8733 3530
1311 1197 5674 13175 8714 3530
1309 1198 5676 13171 8705 3535
1310 1197 5675 13167 8707 3518
1306 1196 5674 13183 8728 3472
1307 1196 5674 13188 8738 3465
1308 1196 5675 13164 8735 3485
1307 1197 5677 13155 8748 3492
1308 1198 5677 13146 8759 3503
1310 1198 5677 13137 8758 3503
1308 1198 5677 13135 8754 3499
1308 1198 5676 13129 8751 3502
1309 1197 5678 13129 8753 3501
1310 1198 5676 13136 8744 3496
1309 1198 5675 13156 8738 3484
1309 1197 5679 13168 8729 3491
1310 1197 5678 13177 8722 3522
1311 1197 5678 13191 8727 3535
1311 1198 5679 13182 8720 3542
1312 1198 5678 13153 8714 3553
1313 1198 5682 13134 8716 3555
1313 1199 5682 13143 8711 3551
1315 1199 5684 13161 8701 3543
1316 1200 5686 13159 8699 3542
1316 1201 5691 13151 8714 3499
1316 1200 5695 13150 8711 3529
1317 1202 5696 13134 8731 3547
1318 1203 5701 13104 8744 3554
1319 1200 5708 13111 8737 3567
1320 1202 5713 13168 8735 3573
1319 1202 5714 13196 8752 3571
1317 1199 5714 13166 8764 3570
1316 1202 5711 13138 8767 3565
1317 1204 5713 13134 8784 3530
1314 1202 5711 13102 8779 3532
1314 1200 5710 13082 8770 3546
1314 1200 5712 13069 8772 3551
1313 1201 5712 13064 8765 3564
1316 1200 5714 13089 8769 3571
1315 1203 5718 13124 8782 3563
1313 1202 5714 13129 8777 3575
1312 1200 5713 13124 8771 3593
1312 1201 5715 13213 8768 3542
1315 1201 5716 13184 8772 3544
1313 1201 5717 13130 8782 3572
1313 1202 5717 13115 8767 3591
1314 1203 5722 13127 8748 3589
1313 1205 5724 13144 8747 3580
1312 1203 5723 13159 8746 3569
1313 1205 5724 13149 8738 3558
1313 1204 5722 13134 8741 3560
1313 1200 5719 13144 8742 3536
1315 1202 5721 13153 8728 3497
1314 1202 5720 13146 8710 3507
1314 1202 5721 13141 8714 3532
1315 1203 5724 13150 8739 3543
1315 1203 5724 13153 8760 3548
1314 1205 5726 13129 8779 3550
1316 1202 5727 13105 8790 3554
1315 1203 5725 13106 8789 3564
1316 1201 5727 13126 8778 3573
1315 1201 5726 13142 8762 3565
1317 1201 5728 13146 8761 3541
1318 1204 5730 13134 8762 3536
1321 1210 5731 13119 8762 3553
1321 1207 5730 13114 8766 3565
1323 1209 5731 13116 8762 3575
1323 1207 5735 13120 8758 3589
1321 1204 5735 13118 8764 3599
1324 1205 5738 13110 8782 3599
1323 1205 5738 13101 8800 3591
1326 1205 5741 13095 8820 3588
1324 1206 5740 13111 8841 3538
1325 1206 5740 13095 8838 3575
1324 1206 5741 13054 8846 3601
1328 1207 5743 13027 8854 3608
1326 1207 5739 13066 8844 3608
1327 1207 5743 13138 8833 3606
1328 1205 5751 13147 8830 3601
1327 1207 5754 13102 8827 3604
1328 1206 5754 13079 8829 3611
1327 1206 5758 13095 8820 3588
1332 1206 5755 13111 8841 3538
1330 1207 5750 13095 8838 3575
1328 1206 5751 13054 8846 3601
1328 1204 5749 13027 8854 3608
1326 1205 5751 13066 8844 3608
1323 1205 5753 13138 8833 3606
1326 1207 5752 13147 8830 3601
1326 1206 5754 13102 8827 3604
1324 1207 5753 13079 8829 3611
1324 1207 5753 13131 8840 3565
1325 1207 5754 13097 8845 3587
1325 1206 5758 13045 8843 3596
1325 1206 5754 13028 8846 3597
1326 1207 5753 13032 8856 3600
1327 1206 5753 13050 8861 3613
1325 1206 5749 13077 8862 3617
1326 1207 5751 13076 8868 3619
1326 1205 5750 13062 8880 3619
1325 1206 5747 13088 8885 3588
1325 1204 5748 13106 8879 3575
1326 1206 5745 13083 8863 3586
1325 1205 5748 13051 8850 3602
1327 1205 5746 13035 8842 3612
1328 1205 5747 13049 8840 3593
1327 1204 5743 13063 8831 3576
1327 1204 5740 13063 8809 3582
1328 1204 5741 13052 8800 3591
1329 1205 5740 13061 8804 3585
1328 1206 5743 13091 8818 3554
1327 1204 5743 13107 8822 3518
1330 1206 5744 13101 8812 3514
1331 1203 5739 13093 8808 3524
1330 1204 5737 13088 8819 3535
1330 1207 5738 13072 8823 3561
1332 1207 5740 13057 8818 3585
1332 1204 5737 13066 8806 3588
1332 1203 5737 13093 8798 3582
1332 1204 5737 13103 8788 3588
1334 1203 5737 13108 8777 3582
1335 1204 5738 13122 8778 3540
1335 1205 5738 13116 8777 3540
1334 1206 5740 13108 8764 3574
1335 1203 5735 13117 8754 3578
1335 1203 5732 13134 8752 3570
1335 1204 5737 13126 8741 3568
1338 1203 5745 13087 8727 3577
1339 1205 5750 13066 8719 3575
1339 1208 5752 13076 8724 3568
1336 1207 5751 13087 8736 3563
1336 1205 5748 13140 8748 3527
1336 1206 5749 13084 8738 3559
1337 1206 5746 13042 8722 3583
1335 1202 5739 13066 8716 3590
1337 1204 5740 13140 8728 3578
1337 1203 5738 13182 8763 3571
1337 1204 5741 13157 8793 3592
1337 1204 5741 13121 8802 3616
1335 1203 5740 13113 8797 3626
1336 1204 5738 13101 8795 3576
1339 1205 5739 13068 8809 3595
1337 1202 5739 13051 8821 3610
1337 1203 5740 13051 8819 3621
1335 1200 5741 13083 8812 3621
1336 1202 5741 13119 8805 3611
1337 1201 5739 13123 8801 3607
1339 1205 5739 13115 8794 3616
1340 1207 5739 13134 8792 3611
1340 1208 5740 13145 8791 3583
1341 1208 5740 13119 8785 3593
1343 1208 5737 13105 8784 3604
1340 1206 5741 13101 8765 3605
1343 1203 5742 13103 8740 3605
1345 1207 5744 13114 8736 3609
1343 1204 5743 13124 8737 3607
1343 1203 5743 13137 8731 3593
1342 1207 5742 13143 8724 3579
1343 1205 5744 13143 8734 3552
1344 1207 5744 13145 8745 3520
1344 1205 5744 13128 8751 3521
1345 1206 5745 13113 8763 3543
1344 1206 5744 13110 8768 3557
1345 1206 5744 13112 8769 3565
1347 1206 5744 13111 8756 3578
1351 1207 5745 13105 8748 3589
1352 1206 5745 13114 8758 3592
1355 1207 5745 13115 8769 3593
1353 1208 5746 13117 8778 3591
1351 1208 5748 13146 8790 3558
1351 1207 5748 13162 8780 3551
1351 1208 5744 13152 8747 3583
1352 1207 5746 13134 8735 3605
1354 1207 5754 13117 8739 3615
1352 1206 5757 13117 8731 3617
1352 1207 5757 13137 8717 3616
1354 1208 5757 13125 8730 3603
1354 1205 5757 13079 8753 3595
1355 1207 5754 13063 8758 3595
1353 1206 5752 13122 8762 3573
1353 1207 5752 13188 8777 3566
1352 1207 5755 13173 8781 3589
1355 1206 5753 13126 8777 3604
1354 1206 5755 13100 8781 3608
1354 1207 5753 13097 8789 3604
1353 1208 5750 13091 8793 3612
1354 1208 5751 13075 8789 3622
1355 1208 5757 13080 8772 3623
1356 1207 5753 13102 8746 3624
1355 1207 5754 13157 8747 3584
1355 1208 5753 13141 8744 3614
1356 1207 5753 13134 8744 3631
1356 1207 5751 13158 8749 3630
1356 1207 5751 13187 8764 3616
1356 1207 5751 13170 8783 3617
1357 1208 5757 13114 8790 3635
1356 1209 5755 13086 8780 3638
1359 1208 5756 13101 8766 3620
1357 1207 5755 13144 8758 3576
1359 1205 5756 13123 8739 3599
1359 1207 5754 13122 8727 3606
1360 1212 5757 13131 8721 3592
1360 1208 5755 13128 8722 3587
1359 1210 5754 13122 8735 3595
1359 1207 5754 13118 8749 3595
1360 1208 5752 13118 8761 3592
1361 1208 5754 13114 8772 3589
1361 1209 5755 13125 8778 3553
1362 1207 5753 13111 8768 3576
1361 1207 5751 13117 8760 3601
1362 1207 5753 13128 8764 3612
1362 1208 5754 13149 8759 3623
1363 1210 5757 13159 8757 3629
1366 1214 5763 13149 8758 3627
1365 1211 5762 13146 8752 3633
1366 1212 5764 13147 8737 3637
1368 1213 5765 13153 8725 3608
1367 1211 5760 13154 8730 3573
1365 1210 5752 13136 8729 3579
1370 1212 5759 13126 8721 3593
1369 1210 5766 13131 8720 3591
1370 1210 5767 13122 8730 3589
1369 1210 5769 13084 8741 3597
1368 1210 5769 13070 8732 3615
1368 1210 5768 13123 8722 3616
1368 1210 5767 13178 8729 3605
1368 1210 5766 13175 8748 3600
1365 1208 5764 13151 8767 3579
1365 1208 5762 13131 8768 3571
1364 1207 5753 13122 8755 3592
1366 1209 5759 13117 8740 3593
1368 1212 5767 13094 8738 3592
1370 1214 5762 13085 8745 3602
1370 1219 5755 13099 8739 3612
1371 1221 5767 13133 8707 3613
1371 1222 5769 13235 8609 3619
1371 1221 5759 13284 8556 3629
1370 1220 5766 13237 8616 3606
1375 1226 5770 13354 8519 3654
1368 1227 5744 13401 8432 3690
1365 1227 5729 13382 8335 3724
1365 1229 5723 13413 8196 3745
1362 1226 5715 13395 8135 3750
1361 1224 5728 13353 8129 3772
1360 1224 5716 13469 8072 3795
1357 1222 5706 13587 8001 3770
1356 1221 5698 13592 8019 3633
1358 1223 5701 13433 8080 3640
1355 1222 5686 13316 8148 3637
1354 1222 5689 13332 8140 3599
1358 1224 5688 13364 8078 3576
1359 1225 5691 13372 8031 3590
1364 1226 5686 13432 7987 3604
1362 1225 5679 13508 7954 3601
1363 1225 5674 13522 7957 3587
1359 1226 5659 13575 8036 3593
1356 1227 5649 13602 7998 3619
1351 1226 5640 13556 7955 3629
1355 1229 5644 13495 7930 3607
1357 1230 5654 13470 7906 3599
1355 1229 5653 13473 7892 3624
1353 1226 5645 13473 7918 3639
1351 1224 5631 13397 7994 3630
1353 1223 5638 13242 8116 3649
1357 1222 5652 13164 8239 3669
1356 1219 5653 13277 8268 3657
1352 1213 5641 13444 8249 3644
1344 1207 5605 13391 8323 3630
1343 1206 5605 13111 8500 3628
1345 1204 5630 12828 8710 3642
1339 1199 5612 12841 8796 3692
1330 1195 5572 13319 8710 3764
1322 1182 5539 13595 8693 3821
1306 1170 5484 13416 8834 3879
1292 1157 5425 13379 8853 3957
1284 1151 5381 13327 8729 3953
1275 1148 5351 12963 8702 3840
1272 1146 5325 12562 8846 3762
1269 1147 5322 12442 9072 3756
1272 1150 5336 12615 9309 3747
1274 1152 5331 12860 9479 3714
1271 1151 5326 13067 9566 3733
1270 1150 5324 13211 9659 3818
1270 1152 5322 13266 9735 3914
1270 1153 5327 13262 9682 4005
1271 1153 5324 13205 9482 4092
1270 1156 5336 13095 9211 4129
1272 1156 5340 12980 8905 4129
1274 1157 5344 12917 8633 4105
1274 1159 5344 12879 8444 4076
1273 1156 5339 12821 8341 4072
1275 1158 5349 12769 8328 4079
1278 1159 5380 12788 8369 4073
1279 1157 5390 12904 8360 4056
1273 1152 5353 12990 8275 4078
1267 1150 5325 12890 8681 4147
1267 1153 5333 12748 9078 4090
1269 1154 5346 12736 9167 4086
1267 1153 5347 12814 9023 4109
1259 1147 5310 12883 8961 4091
1251 1142 5273 12979 9029 4026
1248 1140 5249 12939 9156 4005
1246 1140 5244 12693 9236 4066
1243 1137 5231 12517 9282 4091
1240 1137 5201 12545 9320 4094
1237 1136 5182 12651 9404 4086
1237 1136 5184 12682 9533 4053
1240 1140 5200 12647 9466 4100
1243 1139 5209 12689 9227 4225
1240 1137 5209 12822 9030 4308
1237 1139 5196 12920 8970 4290
1236 1140 5185 12915 8990 4219
1234 1139 5189 12823 9011 4169
1236 1137 5196 12714 8966 4150
1237 1142 5206 12698 8718 4108
1238 1142 5206 12710 8612 4085
1237 1147 5212 12681 8611 4060
1244 1156 5226 12649 8633 4073
1249 1164 5248 12665 8629 4140
1249 1166 5263 12731 8657 4241
1252 1169 5275 12785 8770 4347
1252 1170 5281 12780 8942 4436
1249 1167 5281 12792 9092 4515
1254 1171 5285 12833 9147 4621
1255 1173 5301 12856 9100 4780
1257 1176 5317 12835 8993 4929
1261 1180 5335 12782 8890 5040
1264 1182 5354 12749 8836 5128
1266 1182 5366 12742 8829 5158
1268 1183 5374 12744 8853 5138
1271 1184 5385 12747 8864 5130
1271 1183 5399 12768 8825 5145
1271 1182 5403 12800 8754 5133
1271 1184 5406 12800 8681 5089
1272 1184 5410 12771 8639 5070
1276 1184 5418 12736 8588 5051
1281 1187 5428 12723 8518 4995
1281 1185 5436 12745 8492 4906
1284 1185 5435 12773 8497 4812
1285 1187 5440 12772 8513 4766
1284 1186 5452 12752 8524 4766
1282 1189 5458 12755 8523 4779
1286 1188 5461 12779 8541 4782
1283 1188 5457 12817 8604 4780
1285 1189 5463 12876 8671 4801
1286 1189 5472 12823 8583 4808
1290 1190 5483 12796 8511 4808
1291 1191 5486 12821 8525 4799
1294 1192 5493 12863 8577 4789
1293 1190 5497 12901 8585 4760
1294 1192 5497 12902 8574 4728
1296 1190 5499 12883 8547 4714
1297 1192 5505 12891 8480 4691
1298 1193 5511 12916 8428 4667
1299 1192 5511 12930 8391 4638
1298 1193 5509 12956 8354 4573
1298 1192 5504 12980 8327 4516
1299 1192 5511 12959 8292 4488
1300 1192 5523 12937 8259 4484
1302 1194 5529 12963 8249 4479
1299 1194 5528 13016 8259 4444
1298 1193 5530 13047 8298 4404
1298 1193 5531 13053 8317 4375
1298 1194 5532 13076 8339 4360
1297 1195 5532 13060 8342 4329
1296 1196 5533 13051 8323 4286
1295 1197 5534 13063 8296 4248
1294 1195 5537 13085 8265 4234
1297 1196 5539 13104 8254 4232
1296 1193 5541 13132 8262 4218
1294 1195 5535 13141 8279 4194
1293 1194 5533 13131 8274 4179
1294 1195 5538 13152 8263 4171
1295 1198 5545 13185 8267 4169
1297 1196 5547 13202 8271 4157
1294 1196 5545 13194 8298 4126
1293 1195 5545 13176 8334 4103
1294 1195 5543 13163 8335 4088
1294 1195 5548 13168 8309 4073
1294 1195 5550 13185 8270 4052
1294 1195 5551 13196 8257 4034
1293 1194 5548 13199 8278 4019
1297 1193 5552 13205 8284 3997
1296 1194 5560 13225 8276 3983
1299 1197 5570 13249 8308 3997
1300 1199 5579 13248 8343 4012
1302 1201 5587 13224 8332 3993
1303 1201 5590 13195 8327 3973
1304 1203 5594 13176 8332 3971
1304 1200 5597 13154 8319 3963
1306 1201 5601 13118 8315 3959
1310 1205 5609 13096 8353 3963
1307 1202 5615 13095 8423 3952
1307 1203 5613 13099 8489 3941
1310 1203 5616 13114 8561 3893
1311 1205 5620 13123 8546 3893
1310 1206 5625 13141 8542 3902
1312 1205 5623 13116 8541 3913
1313 1204 5621 13069 8547 3906
1313 1204 5625 13072 8526 3893
1313 1205 5632 13122 8495 3891
1314 1203 5636 13161 8501 3884
1311 1203 5631 13171 8522 3885
1307 1202 5630 13180 8523 3876
1309 1202 5631 13177 8491 3868
1310 1206 5632 13146 8451 3879
1312 1209 5634 13119 8445 3888
1308 1208 5633 13124 8480 3889
1308 1208 5630 13139 8513 3889
1310 1205 5632 13148 8511 3897
1305 1202 5632 13152 8488 3914
1309 1207 5636 13166 8480 3922
1304 1203 5633 13164 8478 3922
1307 1204 5632 13152 8483 3932
1306 1205 5637 13173 8498 3922
1306 1206 5640 13184 8502 3906
1305 1205 5636 13158 8507 3903
1306 1205 5631 13125 8540 3905
1303 1204 5625 13107 8570 3909
1301 1202 5617 13115 8569 3902
1297 1200 5608 13139 8552 3897
1295 1200 5599 13150 8526 3906
1295 1200 5591 13151 8519 3912
1297 1197 5587 13151 8529 3892
1300 1197 5581 13155 8562 3870
1298 1197 5582 13151 8599 3865
1297 1196 5577 13135 8624 3862
1294 1197 5578 13127 8657 3858
1292 1195 5575 13133 8677 3849
1295 1195 5575 13132 8649 3840
1294 1197 5576 13132 8593 3849
1293 1197 5574 13157 8531 3863
1296 1197 5576 13188 8464 3865
1296 1197 5579 13206 8397 3879
1295 1198 5588 13208 8396 3890
1297 1199 5591 13203 8429 3893
1301 1199 5595 13183 8447 3891
1298 1201 5595 13165 8500 3874
1301 1200 5593 13165 8559 3854
1301 1199 5597 13167 8588 3838
1302 1200 5598 13173 8585 3833
1301 1199 5594 13168 8584 3831
1299 1202 5590 13137 8576 3827
1302 1200 5599 13113 8567 3830
1305 1200 5606 13193 8609 3790
1305 1201 5613 13202 8632 3790
1303 1200 5613 13170 8636 3804
1302 1200 5615 13151 8633 3816
1301 1200 5617 13164 8632 3820
1302 1200 5619 13173 8636 3801
1300 1199 5619 13133 8649 3789
1300 1200 5619 13086 8655 3788
1302 1202 5619 13067 8653 3793
1300 1200 5626 13107 8671 3792
1299 1201 5627 13123 8680 3795
1300 1199 5631 13120 8688 3807
1299 1200 5624 13107 8695 3822
1299 1199 5622 13130 8675 3819
1298 1200 5626 13160 8649 3816
1299 1199 5626 13165 8647 3814
1298 1196 5623 13149 8642 3814
1295 1196 5619 13129 8605 3816
1293 1195 5616 13122 8559 3807
1294 1195 5615 13139 8549 3783
1294 1196 5618 13148 8554 3774
1295 1197 5618 13147 8549 3784
1295 1196 5620 13151 8574 3788
1294 1196 5618 13147 8613 3789
1296 1195 5621 13125 8648 3778
1295 1195 5619 13110 8681 3769
1295 1197 5616 13122 8681 3769
1295 1198 5615 13137 8655 3770
1295 1202 5619 13140 8642 3764
1294 1201 5618 13136 8648 3734
1294 1202 5619 13124 8659 3718
1295 1202 5613 13113 8661 3734
1294 1200 5608 13121 8638 3751
1295 1201 5606 13128 8605 3759
1297 1201 5610 13126 8584 3762
1296 1200 5608 13121 8586 3764
1295 1200 5611 13132 8603 3764
1295 1202 5611 13147 8622 3765
1295 1200 5608 13150 8615 3768
1297 1202 5609 13195 8568 3736
1296 1203 5609 13169 8540 3763
1296 1201 5613 13161 8542 3771
1298 1200 5616 13145 8567 3765
1298 1202 5618 13109 8590 3761
1298 1199 5615 13096 8584 3777
1298 1201 5614 13140 8573 3784
1302 1208 5621 13196 8570 3777
1302 1205 5623 13204 8572 3783
1298 1208 5625 13194 8592 3782
1299 1203 5623 13169 8584 3788
1296 1201 5623 13133 8588 3786
1293 1198 5623 13107 8606 3782
1295 1201 5624 13091 8640 3770
1293 1199 5627 13077 8653 3773
1291 1199 5625 13070 8653 3793
1291 1200 5625 13096 8657 3803
1290 1199 5625 13137 8656 3807
1290 1202 5625 13172 8664 3805
1289 1202 5624 13202 8660 3778
1288 1200 5622 13199 8645 3764
1287 1202 5622 13160 8635 3777
1288 1201 5625 13115 8640 3781
1287 1201 5623 13096 8650 3775
1288 1200 5624 13106 8639 3769
1290 1200 5623 13117 8618 3768
1290 1202 5625 13122 8627 3763
1291 1201 5624 13123 8643 3761
1288 1200 5625 13141 8651 3739
1286 1201 5625 13171 8667 3702
1285 1203 5624 13167 8667 3698
1286 1200 5626 13142 8663 3715
1286 1201 5628 13116 8670 3733
1287 1201 5630 13114 8680 3742
1286 1200 5631 13133 8683 3746
1286 1201 5630 13131 8684 3743
1287 1202 5628 13111 8668 3737
1288 1199 5628 13101 8644 3743
1288 1202 5627 13108 8637 3742
1288 1202 5626 13141 8650 3726
1289 1201 5627 13158 8663 3727
1289 1201 5631 13141 8656 3756
1288 1201 5626 13132 8635 3771
1288 1201 5628 13134 8627 3777
1289 1202 5629 13135 8634 3785
1290 1202 5626 13134 8637 3793
1291 1204 5628 13140 8631 3800
1290 1202 5629 13137 8623 3797
1291 1202 5628 13130 8631 3788
1292 1202 5629 13133 8668 3753
1293 1200 5630 13139 8689 3742
1292 1203 5630 13154 8658 3758
1293 1202 5630 13143 8640 3763
1292 1202 5634 13103 8642 3771
1293 1200 5633 13078 8645 3776
1293 1200 5633 13101 8659 3779
1294 1201 5634 13167 8668 3765
1294 1199 5638 13180 8668 3758
1295 1203 5644 13133 8664 3767
1292 1200 5642 13105 8680 3753
1292 1201 5644 13114 8713 3727
1292 1202 5647 13100 8749 3722
1290 1200 5640 13059 8756 3722
1288 1200 5638 13036 8737 3727
1288 1201 5634 13040 8715 3739
1285 1200 5632 13066 8683 3732
1283 1195 5626 13094 8645 3727
1283 1195 5624 13130 8606 3727
1282 1196 5622 13152 8563 3726
1280 1197 5617 13173 8542 3701
1282 1196 5620 13180 8557 3706
1281 1198 5628 13162 8586 3726
1279 1196 5630 13137 8620 3744
1282 1200 5631 13125 8643 3745
1283 1197 5629 13116 8657 3742
1280 1197 5630 13092 8665 3737
1284 1198 5634 13086 8665 3734
1282 1197 5633 13094 8659 3737
1282 1194 5632 13116 8665 3719
1282 1195 5635 13136 8689 3687
1281 1195 5634 13127 8693 3678
1282 1198 5635 13097 8681 3700
1281 1195 5636 13078 8688 3716
1281 1196 5636 13067 8705 3715
1281 1194 5637 13051 8721 3713
1281 1194 5635 13050 8720 3714
1282 1194 5633 13051 8712 3725
1283 1195 5632 13043 8710 3727
1284 1198 5633 13053 8711 3717
1288 1198 5630 13088 8727 3703
1285 1200 5632 13117 8722 3709
1287 1199 5629 13125 8699 3724
1287 1197 5632 13119 8693 3725
1284 1193 5631 13108 8680 3735
1286 1196 5632 13110 8661 3741
1287 1197 5629 13109 8659 3741
1285 1192 5632 13098 8660 3742
1286 1194 5633 13089 8662 3749
1289 1194 5631 13086 8664 3750
1286 1193 5633 13101 8674 3732
1288 1194 5632 13132 8682 3719
1288 1196 5632 13152 8675 3715
1288 1195 5636 13112 8685 3724
1288 1195 5634 13063 8705 3738
1288 1194 5632 13070 8717 3748
1288 1196 5633 13128 8719 3741
1290 1196 5638 13167 8723 3737
1292 1195 5642 13134 8725 3747
1294 1194 5639 13086 8664 3750
1291 1194 5641 13101 8674 3732
1291 1195 5639 13132 8682 3719
1288 1195 5638 13152 8675 3715
1284 1194 5635 13112 8685 3724
1286 1193 5635 13063 8705 3738
1287 1193 5637 13070 8717 3748
1283 1193 5637 13128 8719 3741
1284 1193 5637 13167 8723 3737
1286 1195 5636 13134 8725 3747
1281 1192 5631 13093 8718 3751
1283 1193 5633 13097 8729 3721
1286 1194 5636 13081 8712 3727
1286 1195 5637 13066 8686 3734
1286 1194 5635 13063 8672 3742
1285 1194 5638 13077 8683 3745
1288 1194 5644 13099 8702 3746
1289 1194 5646 13117 8718 3744
1287 1196 5644 13111 8721 3746
1287 1196 5646 13116 8719 3747
1288 1196 5644 13155 8722 3734
1287 1195 5646 13167 8721 3736
1289 1195 5649 13138 8716 3753
1291 1195 5648 13096 8708 3757
1290 1195 5645 13075 8695 3749
1289 1193 5646 13089 8693 3741
1291 1193 5647 13108 8705 3748
1291 1195 5648 13107 8708 3768
1291 1196 5649 13110 8692 3776
1292 1197 5650 13127 8675 3770
1291 1196 5646 13150 8694 3733
1291 1195 5647 13157 8711 3709
1291 1197 5646 13128 8703 3729
1293 1194 5643 13103 8703 3745
1295 1199 5646 13091 8701 3753
1294 1196 5642 13083 8706 3758
1293 1196 5641 13079 8720 3753
1295 1194 5642 13083 8718 3751
1295 1196 5644 13088 8710 3757
1296 1194 5644 13077 8698 3762
1299 1195 5643 13124 8722 3737
1298 1197 5647 13119 8724 3751
1297 1196 5647 13124 8717 3768
1298 1194 5642 13142 8702 3779
1298 1194 5645 13150 8681 3782
1298 1194 5649 13135 8673 3782
1301 1195 5654 13105 8687 3772
1301 1194 5652 13093 8699 3752
1299 1196 5656 13107 8693 3749
1300 1198 5658 13142 8704 3728
1300 1199 5659 13143 8710 3701
1295 1197 5655 13102 8693 3708
1298 1198 5656 13098 8668 3728
1298 1195 5655 13151 8663 3732
1297 1196 5652 13180 8670 3729
1298 1196 5651 13148 8665 3732
1301 1198 5656 13111 8661 3740
1299 1197 5655 13094 8665 3740
1299 1195 5655 13081 8664 3727
1300 1197 5659 13072 8648 3699
1302 1196 5663 13089 8648 3696
1300 1198 5664 13110 8650 3716
1302 1198 5665 13132 8643 3731
1302 1199 5664 13152 8639 3734
1301 1197 5664 13147 8637 3740
1301 1196 5663 13142 8635 3735
1301 1195 5665 13166 8645 3697
1303 1196 5664 13171 8650 3669
1303 1198 5672 13144 8658 3656
1304 1198 5667 13117 8681 3635
1307 1204 5674 13090 8706 3630
1309 1204 5671 13098 8707 3629
1306 1202 5675 13133 8678 3602
1310 1203 5676 13145 8637 3587
1309 1203 5677 13147 8608 3607
1308 1200 5680 13147 8623 3629
1312 1202 5680 13140 8666 3631
1313 1205 5686 13141 8677 3621
1310 1202 5685 13150 8672 3604
1314 1201 5689 13165 8684 3562
1314 1205 5690 13163 8689 3548
1315 1202 5693 13148 8675 3582
1315 1204 5694 13143 8660 3598
1318 1203 5696 13137 8662 3597
1318 1205 5697 13134 8667 3598
1317 1204 5703 13135 8672 3611
1319 1205 5704 13150 8670 3628
1320 1204 5707 13168 8657 3628
1321 1205 5706 13169 8658 3621
1324 1206 5711 13163 8678 3580
1328 1207 5711 13162 8659 3603
1332 1207 5713 13160 8648 3617
1332 1206 5720 13153 8653 3622
1334 1209 5735 13154 8675 3624
1334 1210 5743 13159 8681 3629
1331 1211 5746 13176 8668 3623
1333 1212 5749 13188 8678 3621
1333 1212 5754 13145 8681 3639
1333 1212 5756 13171 8690 3594
1335 1212 5754 13216 8691 3601
1333 1209 5749 13211 8703 3613
1330 1210 5746 13180 8703 3630
1330 1210 5735 13167 8683 3650
1330 1208 5728 13155 8653 3656
1329 1209 5726 13139 8663 3649
1328 1206 5712 13144 8711 3639
1325 1206 5704 13149 8747 3627
1324 1205 5699 13128 8746 3593
1324 1204 5695 13139 8724 3604
1321 1201 5683 13176 8709 3619
1318 1200 5672 13198 8703 3611
1316 1199 5659 13192 8669 3618
1315 1197 5654 13208 8615 3611
1314 1195 5642 13217 8582 3606
1312 1195 5637 13215 8602 3615
1311 1194 5637 13234 8653 3607
1312 1195 5637 13231 8684 3570
1313 1194 5637 13213 8693 3510
1313 1195 5641 13183 8670 3505
1316 1197 5644 13167 8622 3542
1316 1194 5649 13201 8586 3552
1318 1196 5644 13247 8571 3525
1319 1196 5644 13267 8570 3508
1318 1196 5644 13246 8578 3513
1319 1194 5643 13225 8601 3511
1319 1196 5643 13214 8631 3515
1320 1198 5644 13201 8659 3516
1319 1197 5642 13223 8677 3490
1321 1196 5640 13236 8671 3486
1322 1196 5646 13215 8655 3511
1322 1196 5646 13189 8657 3528
1322 1194 5650 13176 8662 3543
1325 1198 5654 13199 8661 3551
1326 1197 5658 13232 8664 3552
1327 1197 5661 13246 8659 3556
1328 1197 5665 13232 8652 3578
1328 1198 5661 13208 8653 3595
1329 1197 5661 13208 8640 3555
1330 1198 5666 13162 8629 3604
1333 1200 5677 13165 8643 3624
1335 1204 5690 13225 8671 3615
1334 1201 5692 13216 8674 3611
1335 1201 5689 13153 8655 3620
1332 1200 5682 13121 8657 3627
1331 1197 5683 13125 8696 3622
1337 1200 5688 13135 8755 3618
1336 1201 5690 13200 8788 3567
1335 1198 5694 13203 8708 3612
1336 1198 5699 13179 8634 3652
1335 1200 5697 13150 8605 3667
1335 1199 5691 13129 8584 3687
1335 1200 5694 13110 8597 3698
1335 1198 5687 13094 8681 3676
1331 1193 5674 13109 8756 3665
1328 1190 5666 13112 8789 3678
1326 1189 5650 12988 8808 3669
1327 1191 5655 13000 8787 3676
1328 1190 5662 13039 8760 3665
1328 1189 5658 13054 8699 3645
1322 1189 5612 13049 8604 3645
1316 1186 5593 13010 8599 3675
1314 1183 5586 12984 8749 3707
1313 1182 5599 13001 8869 3728
1313 1178 5601 13103 8726 3751
1314 1181 5588 13104 8528 3680
1311 1179 5576 12927 8594 3535
1309 1179 5568 12729 8952 3464
1310 1183 5571 12704 9391 3419
1314 1186 5581 12873 9639 3362
1315 1186 5580 12935 9682 3357
1315 1185 5573 12882 9633 3443
1311 1186 5561 12934 9593 3543
1311 1184 5554 13061 9609 3561
1308 1183 5544 13093 9634 3544
1309 1184 5546 13003 9576 3544
1310 1184 5550 12918 9424 3534
1311 1183 5547 12896 9249 3539
1315 1183 5541 12889 9086 3573
1318 1186 5551 12862 8970 3594
1320 1187 5557 12824 8919 3595
1321 1185 5573 12818 8877 3596
1320 1187 5570 12865 8818 3612
1311 1184 5554 12983 8807 3621
1311 1182 5556 13077 8884 3604
1316 1184 5576 13002 9019 3572
1314 1181 5578 12913 9155 3506
1311 1180 5555 12954 9181 3507
1301 1176 5523 13003 9108 3578
1302 1176 5527 12978 9119 3581
1300 1172 5533 12884 9230 3544
1290 1164 5481 12850 9282 3539
1284 1156 5446 12963 9115 3595
1283 1158 5443 13073 8837 3626
1286 1157 5452 12983 8803 3550
1281 1155 5437 12811 8902 3415
1274 1155 5405 12749 8882 3380
1272 1152 5392 12777 8896 3439
1273 1152 5389 12902 9142 3397
1273 1150 5387 13055 9412 3273
1270 1150 5379 13101 9470 3249
1268 1151 5366 13061 9385 3340
1264 1150 5351 13051 9302 3412
1263 1149 5343 13042 9256 3426
1264 1151 5348 12989 9209 3431
1264 1153 5348 12918 9149 3454
1261 1152 5341 12832 8922 3457
1262 1154 5339 12890 8842 3470
1264 1154 5332 12970 8817 3496
1260 1155 5335 13035 8824 3549
1262 1159 5339 13111 8842 3596
1263 1157 5348 13183 8831 3613
1264 1160 5352 13248 8775 3629
1266 1163 5360 13275 8705 3653
1269 1164 5366 13231 8651 3692
1273 1164 5373 13122 8657 3716
1273 1169 5383 13126 8640 3710
1275 1169 5388 13165 8609 3719
1277 1170 5395 13177 8590 3747
1279 1170 5409 13152 8568 3772
1283 1174 5421 13162 8537 3801
1286 1175 5437 13209 8537 3834
1287 1177 5445 13245 8555 3864
1289 1176 5452 13257 8569 3885
1291 1178 5464 13235 8612 3892
1293 1178 5475 13221 8643 3903
1296 1179 5486 13229 8617 3910
1297 1181 5487 13229 8572 3910
1300 1182 5504 13167 8568 3898
1304 1182 5515 13080 8585 3881
1305 1187 5527 13055 8580 3880
1306 1190 5538 13101 8549 3876
1305 1190 5545 13158 8520 3869
1305 1189 5548 13158 8516 3859
1307 1190 5548 13129 8533 3840
1306 1191 5550 13120 8562 3813
1306 1189 5546 13110 8574 3797
1305 1189 5546 13100 8569 3789
1308 1191 5549 13110 8568 3788
1306 1190 5552 13126 8553 3792
1305 1190 5554 13141 8516 3794
1306 1191 5553 13159 8492 3805
1305 1190 5554 13182 8506 3800
1307 1191 5559 13185 8531 3787
1309 1192 5564 13178 8539 3793
1309 1191 5563 13224 8565 3763
1307 1189 5563 13209 8544 3788
1306 1188 5564 13202 8544 3805
1308 1188 5565 13193 8537 3813
1307 1189 5572 13187 8515 3810
1309 1192 5572 13195 8493 3793
1312 1195 5569 13207 8487 3777
1310 1194 5568 13203 8509 3771
1308 1194 5571 13200 8522 3770
1309 1196 5574 13307 8494 3710
1310 1194 5577 13296 8441 3708
1308 1190 5578 13255 8438 3713
1309 1191 5578 13223 8462 3707
1311 1192 5578 13221 8468 3691
1309 1192 5580 13230 8459 3677
1311 1192 5583 13229 8439 3676
1309 1193 5586 13226 8435 3675
1312 1192 5584 13220 8453 3667
1312 1195 5588 13229 8496 3642
1315 1194 5589 13246 8536 3626
1312 1194 5590 13241 8556 3655
1311 1195 5589 13222 8565 3683
1314 1195 5592 13220 8563 3693
1313 1194 5593 13251 8557 3696
1315 1193 5593 13267 8559 3687
1319 1194 5589 13222 8558 3676
1321 1195 5596 13179 8555 3681
1321 1195 5608 13198 8543 3700
1321 1195 5608 13272 8548 3676
1316 1196 5611 13292 8586 3619
1314 1195 5608 13234 8624 3603
1315 1194 5608 13180 8644 3625
1313 1194 5607 13146 8649 3631
1312 1194 5607 13120 8630 3627
1313 1194 5607 13106 8608 3617
1312 1195 5607 13109 8604 3599
1312 1194 5610 13112 8595 3599
1314 1194 5609 13125 8595 3609
1312 1194 5610 13156 8612 3609
1312 1196 5604 13170 8639 3602
1312 1195 5607 13159 8655 3612
1312 1195 5614 13155 8647 3627
1311 1195 5610 13183 8640 3631
1310 1193 5606 13199 8659 3637
1310 1193 5606 13176 8680 3640
1310 1194 5606 13154 8683 3647
1310 1195 5607 13155 8671 3657
1309 1194 5609 13167 8654 3647
1310 1194 5605 13165 8645 3638
1309 1193 5603 13188 8662 3602
1312 1193 5605 13188 8645 3616
1311 1194 5609 13191 8615 3626
1312 1194 5612 13175 8617 3633
1311 1194 5612 13156 8656 3632
1312 1196 5613 13144 8694 3617
1312 1196 5612 13140 8700 3608
1313 1194 5611 13142 8688 3619
1312 1195 5612 13145 8674 3641
1312 1195 5613 13165 8693 3600
1313 1194 5608 13152 8696 3614
1312 1197 5609 13156 8689 3636
1312 1198 5611 13162 8674 3661
1313 1198 5610 13159 8671 3663
1312 1195 5610 13168 8675 3662
1315 1196 5612 13188 8674 3661
1316 1194 5609 13170 8662 3653
1312 1195 5606 13124 8645 3659
1314 1193 5611 13195 8667 3599
1315 1195 5618 13238 8687 3592
1314 1194 5624 13226 8710 3614
1312 1195 5620 13174 8730 3634
1313 1195 5621 13129 8722 3629
1312 1194 5620 13119 8716 3619
1310 1194 5623 13096 8730 3613
1311 1197 5623 13070 8738 3603
1313 1199 5627 13065 8720 3600
1312 1200 5627 13083 8715 3583
1309 1197 5629 13108 8740 3564
1311 1199 5631 13134 8764 3578
1312 1198 5626 13152 8772 3602
1310 1195 5621 13150 8771 3618
1313 1200 5624 13156 8763 3626
1311 1197 5625 13151 8760 3633
1310 1196 5624 13132 8773 3639
1310 1198 5626 13118 8794 3638
1309 1196 5625 13101 8808 3639
1307 1194 5624 13102 8808 3625
1309 1197 5624 13120 8803 3587
1307 1196 5625 13120 8788 3584
1307 1195 5625 13114 8773 3596
1308 1193 5624 13110 8769 3588
1308 1194 5624 13111 8769 3588
1308 1196 5626 13115 8766 3592
1308 1195 5627 13112 8769 3596
1310 1199 5628 13112 8787 3605
1312 1201 5628 13115 8796 3608
1312 1200 5627 13113 8795 3596
1313 1201 5623 13127 8801 3565
1312 1199 5625 13141 8795 3556
1310 1196 5623 13127 8773 3585
1311 1195 5623 13116 8759 3604
1313 1198 5623 13116 8750 3612
1311 1196 5624 13126 8751 3619
1310 1195 5624 13139 8756 3623
1311 1197 5624 13140 8747 3629
1312 1197 5622 13136 8738 3630
1311 1196 5624 13147 8731 3627
1312 1195 5627 13137 8755 3564
1312 1197 5627 13081 8745 3572
1312 1198 5623 13074 8734 3596
1312 1199 5624 13124 8743 3594
1313 1197 5632 13146 8768 3590
1313 1199 5636 13117 8784 3596
1310 1197 5633 13094 8790 3593
1310 1199 5632 13085 8794 3589
1310 1198 5631 13077 8789 3587
1312 1198 5632 13073 8800 3528
1314 1197 5632 13068 8807 3532
1315 1195 5631 13068 8793 3556
1313 1198 5629 13081 8789 3571
1312 1196 5629 13102 8792 3578
1310 1197 5629 13109 8791 3596
1308 1196 5631 13109 8793 3607
1306 1197 5626 13130 8796 3590
1308 1197 5624 13125 8785 3580
1306 1197 5627 13095 8783 3572
1309 1196 5627 13076 8806 3556
1307 1198 5627 13072 8806 3560
1306 1198 5628 13084 8791 3567
1307 1197 5625 13092 8772 3570
1305 1195 5623 13091 8751 3581
1306 1194 5624 13094 8748 3590
1306 1195 5624 13117 8754 3580
1306 1198 5624 13134 8768 3569
1306 1197 5626 13123 8771 3566
1307 1194 5628 13102 8778 3553
1307 1197 5625 13109 8802 3510
1309 1197 5627 13114 8816 3487
1309 1198 5629 13105 8814 3512
1309 1198 5626 13099 8810 3541
1309 1199 5626 13093 8807 3563
1309 1198 5628 13088 8806 3572
1310 1195 5628 13084 8807 3577
1310 1197 5626 13088 8804 3581
1308 1196 5625 13090 8802 3584
1309 1196 5621 13095 8819 3587
1309 1193 5624 13126 8834 3563
1309 1196 5621 13135 8825 3552
1309 1198 5623 13116 8796 3567
1311 1198 5629 13101 8771 3569
1309 1197 5627 13100 8756 3572
1310 1199 5629 13117 8760 3567
1312 1197 5632 13101 8777 3562
1312 1199 5631 13059 8780 3573
1312 1198 5624 13066 8769 3589
1312 1198 5624 13139 8755 3587
1314 1200 5634 13126 8834 3563
1314 1197 5636 13135 8825 3552
1313 1198 5632 13116 8796 3567
1312 1198 5635 13101 8771 3569
1310 1196 5634 13100 8756 3572
1311 1197 5635 13117 8760 3567
1308 1197 5634 13101 8777 3562
1308 1196 5633 13059 8780 3573
1308 1196 5630 13066 8769 3589
1308 1194 5628 13139 8755 3587
1307 1195 5629 13208 8762 3526
1308 1196 5633 13161 8759 3561
1307 1197 5632 13128 8767 3597
1310 1198 5636 13115 8776 3598
1307 1200 5640 13115 8783 3580
1309 1199 5642 13105 8774 3571
1308 1199 5643 13084 8757 3574
1308 1199 5638 13076 8743 3573
1309 1196 5636 13105 8733 3579
1311 1201 5639 13170 8734 3553
1309 1199 5641 13184 8740 3538
1309 1198 5644 13146 8746 3582
1312 1198 5649 13144 8756 3606
1311 1200 5651 13163 8779 3596
1313 1199 5655 13151 8795 3591
1313 1201 5658 13116 8789 3591
1313 1201 5659 13098 8781 3597
1315 1200 5660 13125 8763 3599
1313 1199 5661 13151 8741 3596
1314 1199 5659 13168 8720 3569
1314 1200 5657 13179 8716 3529
1317 1203 5660 13162 8739 3519
1318 1207 5659 13138 8760 3526
1319 1207 5661 13132 8780 3529
1317 1206 5661 13128 8800 3539
1318 1206 5662 13120 8808 3553
1320 1206 5663 13120 8813 3545
1317 1203 5662 13113 8806 3533
1318 1201 5664 13104 8789 3530
1321 1205 5665 13104 8779 3536
1321 1202 5667 13112 8789 3524
1318 1203 5665 13121 8798 3523
1319 1203 5666 13128 8796 3558
1321 1203 5670 13136 8789 3579
1321 1202 5669 13136 8781 3592
1321 1203 5666 13135 8777 3612
1322 1204 5665 13138 8774 3625
1324 1205 5674 13136 8785 3621
1322 1203 5681 13129 8791 3605
1320 1204 5677 13127 8773 3588
1319 1204 5676 13132 8764 3562
1318 1203 5672 13142 8774 3552
1319 1204 5671 13137 8785 3562
1319 1201 5669 13095 8789 3560
1322 1203 5669 13067 8794 3576
1325 1203 5669 13107 8777 3593
1322 1203 5669 13178 8771 3588
1322 1204 5669 13193 8790 3583
1322 1203 5671 13141 8807 3586
1318 1205 5668 13098 8830 3596
1315 1203 5665 13119 8831 3516
1320 1204 5669 13100 8822 3534
1318 1203 5670 13076 8804 3566
1315 1205 5669 13069 8791 3575
1318 1203 5667 13077 8778 3587
1316 1203 5668 13095 8772 3595
1318 1203 5667 13129 8774 3592
1318 1204 5666 13137 8785 3594
1318 1203 5666 13131 8794 3604
1319 1205 5668 13187 8812 3542
1318 1206 5667 13144 8795 3558
1319 1204 5671 13108 8781 3583
1319 1204 5668 13112 8767 3591
1320 1203 5669 13131 8755 3577
1320 1203 5670 13141 8744 3569
1321 1203 5670 13133 8737 3581
1322 1203 5670 13128 8734 3585
1320 1203 5671 13151 8737 3582
1321 1203 5669 13149 8764 3519
1322 1202 5668 13128 8783 3530
1324 1203 5666 13135 8791 3547
1324 1202 5669 13154 8794 3552
1324 1205 5671 13163 8798 3559
1324 1205 5672 13143 8784 3543
1324 1205 5676 13104 8770 3545
1325 1203 5674 13081 8769 3577
1327 1205 5676 13087 8771 3590
1325 1204 5675 13110 8778 3571
1326 1205 5676 13143 8771 3542
1328 1204 5677 13155 8754 3554
1328 1207 5681 13143 8751 3592
1330 1207 5684 13134 8748 3609
1331 1206 5684 13128 8733 3616
1331 1206 5681 13120 8728 3610
1330 1208 5682 13120 8741 3600
1331 1206 5687 13124 8761 3598
1333 1205 5694 13108 8771 3590
1333 1206 5692 13098 8779 3571
1331 1206 5695 13124 8801 3528
1331 1206 5695 13106 8804 3540
1331 1206 5696 13064 8786 3588
1330 1205 5696 13082 8764 3607
1332 1205 5699 13139 8751 3605
1333 1210 5701 13165 8747 3602
1334 1210 5706 13141 8735 3614
1330 1209 5701 13121 8733 3626
1333 1210 5705 13116 8735 3634
1332 1211 5701 13117 8750 3640
1332 1207 5698 13101 8787 3580
1331 1206 5698 13076 8788 3610
1334 1209 5701 13077 8802 3626
1333 1207 5698 13092 8802 3635
1332 1209 5701 13121 8790 3637
1332 1206 5703 13129 8780 3648
1331 1205 5700 13113 8775 3664
1331 1206 5698 13123 8766 3655
1332 1208 5700 13136 8766 3630
1332 1207 5702 13114 8791 3554
1332 1207 5702 13104 8792 3580
1334 1206 5703 13115 8792 3593
1333 1207 5703 13117 8771 3603
1334 1207 5706 13108 8748 3618
1336 1206 5704 13118 8741 3619
1334 1209 5703 13135 8740 3601
1337 1213 5701 13145 8750 3598
1337 1213 5699 13138 8772 3606
1337 1214 5699 13143 8813 3525
1338 1210 5699 13146 8831 3531
1337 1210 5701 13120 8820 3563
1336 1206 5700 13104 8791 3568
1338 1210 5699 13105 8769 3575
1335 1206 5694 13111 8766 3590
1337 1205 5693 13124 8781 3601
1338 1208 5693 13150 8799 3602
1335 1206 5693 13157 8804 3596
1339 1206 5694 13149 8799 3586
1336 1208 5692 13147 8784 3557
1339 1208 5690 13137 8766 3556
1336 1207 5690 13129 8752 3590
1336 1207 5693 13126 8743 3616
1337 1208 5691 13115 8741 3630
1337 1205 5687 13110 8751 3633
1340 1207 5689 13121 8760 3628
1345 1208 5696 13145 8775 3616
1346 1207 5697 13135 8784 3608
1344 1206 5696 13084 8782 3611
1343 1206 5691 13076 8780 3594
1339 1204 5688 13124 8781 3583
1335 1205 5684 13188 8799 3588
1337 1204 5684 13202 8815 3602
1337 1207 5683 13142 8820 3634
1335 1204 5683 13074 8819 3664
1336 1202 5678 13065 8798 3684
1337 1204 5678 13099 8772 3681
1335 1203 5679 13110 8769 3658
1335 1204 5676 13091 8776 3646
1335 1204 5672 13102 8801 3608
1336 1204 5673 13114 8814 3586
1335 1203 5673 13112 8790 3632
1336 1203 5671 13147 8775 3642
1335 1201 5672 13148 8784 3632
1336 1203 5676 13101 8793 3641
1337 1202 5674 13099 8786 3641
1337 1202 5669 13124 8778 3646
1337 1203 5668 13140 8763 3650
1336 1202 5667 13147 8746 3647
1336 1201 5666 13130 8775 3594
1337 1202 5668 13115 8782 3612
1338 1202 5670 13109 8775 3626
1339 1201 5671 13115 8768 3617
1339 1201 5670 13130 8751 3613
1338 1201 5671 13135 8740 3607
1339 1202 5669 13123 8745 3591
1339 1202 5668 13100 8758 3588
1341 1204 5673 13085 8783 3597
1339 1202 5672 13117 8813 3531
1339 1203 5673 13120 8796 3536
1341 1202 5673 13115 8785 3555
1341 1202 5671 13108 8775 3573
1341 1202 5671 13106 8762 3595
1340 1205 5673 13111 8758 3602
1341 1204 5669 13122 8746 3602
1343 1202 5672 13128 8732 3610
1343 1203 5674 13126 8728 3612
1344 1204 5676 13118 8735 3588
1345 1202 5672 13108 8752 3554
1344 1202 5668 13107 8765 3568
1346 1201 5676 13127 8785 3589
1346 1205 5684 13111 8804 3588
1345 1203 5684 13076 8794 3584
1345 1202 5683 13080 8774 3582
1344 1202 5681 13125 8773 3584
1344 1203 5680 13170 8787 3586
1343 1203 5681 13155 8805 3593
1345 1203 5681 13127 8829 3576
1344 1205 5680 13126 8856 3540
1345 1206 5682 13118 8863 3534
1342 1203 5679 13095 8852 3560
1343 1203 5678 13077 8847 3578
1340 1202 5669 13068 8830 3580
1338 1199 5661 13066 8805 3584
1343 1203 5666 13082 8796 3597
1342 1202 5668 13111 8795 3605
1341 1199 5665 13111 8787 3609
1341 1201 5665 13123 8783 3617
1339 1199 5660 13177 8793 3595
1339 1201 5660 13194 8786 3577
1341 1200 5658 13163 8768 3598
1339 1198 5656 13134 8774 3613
1338 1198 5654 13143 8775 3609
1335 1198 5651 13155 8743 3604
1337 1196 5648 13137 8712 3605
1337 1196 5646 13142 8692 3601
1336 1197 5645 13170 8683 3589
1338 1198 5644 13197 8689 3579
1342 1202 5644 13187 8689 3540
1340 1202 5644 13158 8678 3551
1340 1200 5644 13152 8680 3552
1341 1201 5648 13157 8698 3560
1341 1200 5649 13170 8712 3548
1340 1198 5649 13174 8696 3547
1341 1198 5644 13156 8677 3575
1343 1201 5653 13144 8683 3588
1341 1200 5652 13148 8696 3588
1342 1198 5652 13195 8707 3549
1342 1199 5651 13181 8691 3581
1343 1200 5652 13172 8713 3606
1342 1200 5655 13179 8703 3625
1343 1201 5645 13189 8676 3629
1342 1201 5642 13217 8659 3618
1341 1204 5641 13218 8647 3608
1344 1206 5650 13205 8578 3611
1347 1209 5665 13217 8474 3654
1345 1209 5664 13434 8497 3677
1348 1209 5667 13440 8549 3677
1352 1211 5663 13352 8552 3676
1353 1212 5668 13284 8500 3668
1355 1213 5670 13236 8420 3664
1351 1215 5666 13197 8366 3662
1347 1215 5661 13178 8369 3670
1345 1215 5657 13189 8375 3680
1346 1219 5659 13190 8343 3689
1347 1218 5664 13192 8292 3718
1346 1219 5655 13251 8299 3717
1345 1219 5653 13317 8333 3718
1348 1220 5667 13359 8321 3757
1348 1218 5661 13381 8286 3768
1344 1217 5639 13349 8295 3751
1343 1218 5644 13338 8363 3721
1344 1218 5645 13476 8309 3717
1345 1221 5663 13589 8138 3749
1349 1218 5673 13521 8046 3766
1345 1214 5655 13427 8089 3750
1341 1210 5633 13172 8496 3659
1339 1208 5630 13107 8549 3704
1338 1205 5631 13130 8511 3729
1337 1204 5633 13123 8559 3706
1334 1198 5616 13131 8684 3673
1328 1195 5601 13146 8845 3659
1324 1190 5586 13163 8932 3663
1321 1188 5571 13189 8913 3662
1313 1178 5539 13204 8789 3664
1305 1171 5505 13156 8683 3620
1291 1157 5449 13044 8697 3496
1280 1151 5398 12956 8776 3395
1269 1141 5348 12967 8844 3393
1259 1135 5299 13013 8852 3403
1251 1123 5254 12952 8855 3364
1243 1120 5218 12885 8926 3352
1233 1112 5169 12979 9107 3391
1224 1107 5124 13113 9266 3452
1219 1104 5100 13186 9305 3500
1216 1103 5086 13222 9137 3561
1215 1099 5073 13240 9011 3579
1210 1099 5058 13209 8889 3592
1209 1098 5047 13122 8740 3619
1207 1097 5043 13033 8601 3642
1206 1097 5045 13008 8525 3657
1203 1096 5036 13053 8549 3651
1200 1096 5027 13108 8601 3642
1200 1096 5026 13157 8603 3657
1199 1092 5026 13185 8596 3665
1201 1095 5036 13167 8656 3648
1200 1096 5034 13140 8832 3636
1198 1096 5019 13152 9064 3617
1194 1093 5006 13200 9145 3595
1191 1090 5010 13231 9064 3583
1187 1088 4988 13173 9004 3560
1183 1082 4970 13039 9011 3494
1175 1077 4940 12895 8990 3407
1175 1077 4933 12818 8937 3345
1171 1072 4916 12831 8924 3298
1166 1071 4904 12895 8944 3221
1164 1071 4890 12908 8947 3197
1163 1072 4888 12915 8906 3248
1165 1072 4900 13078 8861 3302
1168 1075 4913 13271 8855 3360
1169 1075 4921 13317 8933 3378
1170 1076 4924 13243 9055 3366
1170 1074 4925 13142 9156 3344
1173 1078 4929 13071 9180 3339
1174 1075 4943 13049 9089 3350
1178 1080 4954 13000 8953 3265
1180 1083 4962 12923 8943 3263
1185 1090 4973 12912 8939 3272
1187 1090 4988 12962 8907 3281
1192 1095 5008 13027 8868 3293
1195 1096 5032 13072 8838 3301
1200 1098 5061 13106 8818 3293
1207 1105 5087 13140 8824 3293
1214 1108 5110 13182 8835 3311
1217 1110 5134 13157 8847 3281
1220 1114 5153 13068 8847 3316
1224 1117 5168 13039 8853 3356
1227 1122 5189 13081 8865 3373
1234 1124 5211 13120 8883 3388
1236 1127 5230 13120 8915 3404
1237 1131 5244 13102 8934 3422
1237 1133 5252 13092 8923 3444
1238 1134 5265 13106 8902 3464
1239 1135 5275 13137 8894 3451
1245 1137 5290 13096 8906 3464
1249 1140 5298 13060 8892 3505
1253 1141 5306 13058 8880 3527
1254 1142 5311 13072 8874 3535
1254 1142 5318 13065 8868 3558
1256 1146 5329 13054 8866 3581
1253 1146 5333 13074 8877 3582
1257 1147 5343 13081 8889 3592
1257 1148 5354 13062 8914 3592
1258 1148 5361 13052 8935 3577
1260 1150 5367 13046 8935 3590
1262 1152 5378 13043 8928 3615
1263 1154 5387 13040 8914 3629
1264 1154 5392 13034 8890 3641
1266 1155 5397 13032 8863 3648
1268 1156 5403 13040 8842 3654
1270 1159 5411 13039 8837 3662
1271 1160 5420 13032 8853 3667
1275 1162 5428 13038 8878 3660
1277 1160 5441 13051 8904 3624
1279 1165 5452 13048 8923 3614
1282 1166 5460 13034 8927 3634
1283 1167 5470 13024 8919 3648
1283 1169 5470 13019 8905 3666
1285 1169 5474 13011 8887 3687
1286 1169 5477 12998 8862 3702
1288 1170 5479 13001 8844 3708
1287 1169 5483 13016 8844 3709
1289 1170 5486 13038 8839 3706
1289 1172 5489 13074 8849 3670
1290 1173 5491 13070 8851 3649
1291 1173 5496 13037 8845 3663
1293 1173 5502 13039 8873 3659
1295 1173 5505 13017 8893 3660
1294 1173 5505 12979 8896 3665
1294 1173 5502 12982 8888 3663
1297 1174 5509 13037 8886 3652
1300 1177 5522 13080 8907 3643
1300 1176 5528 13058 8927 3642
1298 1176 5527 13074 8849 3670
1299 1176 5530 13070 8851 3649
1298 1177 5531 13037 8845 3663
1297 1176 5532 13039 8873 3659
1296 1176 5535 13017 8893 3660
1298 1177 5534 12979 8896 3665
1297 1178 5537 12982 8888 3663
1297 1177 5534 13037 8886 3652
1296 1177 5535 13080 8907 3643
1298 1176 5537 13058 8927 3642
1296 1175 5536 13032 8940 3575
1298 1179 5534 13021 8934 3586
1298 1178 5541 13003 8934 3596
1300 1181 5546 12978 8940 3596
1301 1181 5549 12974 8946 3592
1299 1180 5546 12988 8942 3593
1299 1180 5550 13007 8929 3601
1299 1180 5547 13036 8925 3606
1299 1177 5542 13041 8925 3620
1301 1182 5546 13049 8920 3609
1301 1182 5545 13082 8922 3596
1300 1181 5549 13087 8921 3615
1302 1179 5549 13056 8925 3633
1301 1182 5550 13020 8922 3652
1303 1182 5552 13014 8900 3657
1301 1180 5556 13033 8887 3651
1303 1181 5557 13056 8879 3644
1305 1180 5554 13054 8864 3642
1303 1181 5555 13045 8844 3639
1303 1178 5554 13063 8843 3621
1306 1178 5556 13083 8867 3586
1304 1179 5557 13087 8870 3575
1306 1181 5557 13077 8869 3595
1307 1181 5562 13051 8877 3611
1309 1185 5562 13043 8885 3616
1311 1189 5564 13041 8889 3620
1312 1186 5563 13021 8887 3639
1311 1187 5563 13012 8884 3656
1311 1184 5562 13021 8877 3660
1310 1183 5564 13032 8861 3653
1312 1186 5566 13054 8861 3625
1312 1182 5565 13070 8873 3627
1312 1180 5564 13075 8873 3647
1315 1183 5572 13079 8872 3650
1315 1184 5579 13073 8879 3653
1313 1183 5580 13067 8900 3661
1313 1183 5578 13053 8899 3661
1314 1184 5578 13047 8871 3647
1311 1184 5578 13072 8851 3630
1311 1184 5577 13060 8843 3622
1311 1184 5577 13014 8847 3583
1311 1184 5575 13052 8852 3613
1309 1184 5575 13113 8870 3613
1312 1184 5576 13114 8892 3605
1315 1184 5576 13083 8901 3601
1318 1184 5575 13060 8903 3604
1317 1183 5571 13052 8903 3598
1316 1183 5572 13031 8899 3586
1313 1184 5575 13003 8899 3589
1311 1184 5575 13017 8893 3551
1313 1183 5575 13004 8878 3561
1310 1185 5575 13008 8867 3575
1311 1185 5575 13019 8856 3587
1311 1184 5573 13018 8849 3602
1313 1183 5574 13030 8846 3617
1313 1183 5571 13057 8850 3606
1314 1185 5573 13056 8854 3595
1315 1184 5575 13022 8854 3604
1314 1185 5576 13034 8866 3534
1316 1185 5575 13041 8874 3557
1315 1184 5574 13040 8865 3594
1317 1183 5576 13043 8856 3612
1316 1184 5576 13051 8847 3621
1316 1184 5574 13062 8841 3608
1317 1183 5574 13059 8850 3592
1317 1184 5575 13039 8860 3596
1318 1184 5575 13026 8864 3597
1319 1184 5573 13053 8873 3572
1318 1184 5575 13081 8894 3538
1319 1184 5575 13068 8901 3543
1317 1181 5572 13045 8899 3579
1320 1185 5574 13040 8895 3595
1319 1188 5579 13060 8878 3602
1320 1185 5579 13079 8867 3611
1321 1185 5581 13087 8868 3608
1321 1184 5578 13083 8877 3609
1323 1185 5578 13066 8885 3616
1322 1189 5580 13068 8881 3609
1322 1186 5579 13091 8866 3577
1324 1183 5577 13100 8853 3565
1324 1187 5581 13079 8853 3588
1324 1186 5588 13050 8865 3593
1325 1183 5588 13042 8870 3583
1325 1186 5591 13060 8868 3580
1324 1185 5588 13066 8880 3576
1321 1187 5585 13041 8890 3568
1323 1183 5585 13024 8872 3580
1322 1183 5583 13068 8857 3575
1322 1184 5582 13143 8887 3521
1322 1186 5583 13150 8913 3503
1326 1186 5588 13104 8902 3525
1323 1188 5591 13069 8892 3544
1325 1189 5589 13051 8901 3557
1322 1186 5583 13041 8906 3557
1322 1185 5582 13029 8890 3559
1325 1187 5587 13021 8876 3560
1326 1188 5585 13036 8863 3558
1322 1183 5583 13050 8848 3564
1322 1185 5581 13110 8896 3531
1321 1185 5581 13077 8906 3554
1321 1184 5579 13079 8898 3575
1322 1185 5582 13111 8890 3569
1323 1186 5581 13107 8886 3566
1322 1184 5584 13073 8871 3570
1322 1184 5583 13054 8854 3579
1323 1183 5584 13069 8841 3573
1322 1183 5584 13089 8818 3553
1323 1185 5584 13108 8821 3493
1325 1190 5585 13124 8832 3508
1325 1190 5584 13130 8825 3516
1325 1189 5581 13116 8820 3517
1327 1188 5584 13101 8821 3525
1325 1187 5580 13085 8829 3517
1323 1185 5581 13079 8835 3512
1326 1187 5581 13084 8831 3519
1325 1185 5584 13082 8820 3537
1325 1185 5583 13092 8828 3526
1327 1187 5582 13106 8844 3491
1325 1188 5584 13099 8835 3500
1327 1187 5585 13103 8813 3525
1330 1187 5585 13123 8795 3537
1327 1188 5586 13129 8798 3547
1325 1187 5586 13120 8805 3560
1327 1187 5587 13112 8806 3574
1329 1188 5585 13110 8802 3577
1332 1188 5585 13111 8801 3585
1334 1187 5591 13113 8807 3588
1333 1188 5590 13116 8817 3553
1333 1187 5586 13120 8820 3525
1328 1187 5588 13111 8800 3529
1330 1190 5595 13112 8783 3536
1333 1189 5599 13127 8776 3545
1330 1189 5598 13131 8778 3547
1329 1189 5597 13111 8787 3543
1329 1187 5596 13083 8793 3550
1328 1187 5598 13095 8789 3561
1330 1188 5596 13159 8788 3549
1329 1188 5593 13190 8824 3504
1329 1188 5592 13144 8813 3535
1327 1187 5589 13116 8800 3545
1329 1189 5594 13111 8791 3541
1326 1189 5594 13089 8800 3540
1328 1185 5591 13064 8803 3532
1327 1188 5590 13063 8786 3521
1327 1187 5591 13069 8771 3530
1327 1188 5593 13087 8778 3545
1326 1188 5591 13133 8789 3532
1325 1188 5590 13151 8811 3517
1324 1185 5588 13131 8826 3544
1324 1186 5588 13149 8810 3560
1322 1186 5588 13162 8802 3546
1324 1188 5589 13138 8805 3544
1324 1188 5592 13115 8804 3547
1324 1186 5589 13112 8800 3546
1323 1186 5592 13126 8780 3545
1324 1187 5591 13132 8752 3545
1324 1188 5590 13144 8739 3556
1324 1191 5594 13179 8734 3539
1322 1188 5592 13204 8727 3515
1325 1188 5590 13195 8721 3526
1324 1187 5589 13167 8721 3537
1325 1187 5590 13145 8734 3537
1324 1188 5590 13136 8750 3520
1325 1188 5591 13126 8773 3516
1324 1189 5591 13119 8790 3529
1322 1188 5591 13118 8785 3534
1325 1188 5591 13121 8771 3533
1324 1187 5591 13148 8766 3498
1325 1188 5595 13162 8757 3541
1326 1190 5596 13176 8754 3566
1328 1193 5603 13168 8758 3581
1329 1192 5605 13166 8773 3588
1329 1192 5604 13160 8781 3578
1328 1191 5606 13140 8773 3581
1328 1191 5603 13134 8765 3588
1330 1191 5604 13141 8759 3587
1334 1192 5612 13158 8778 3549
1331 1191 5608 13164 8792 3532
1328 1191 5601 13151 8794 3555
1329 1189 5598 13140 8792 3564
1328 1188 5598 13150 8777 3570
1327 1187 5602 13169 8780 3569
1326 1188 5599 13142 8797 3561
1325 1187 5599 13103 8813 3564
1323 1185 5598 13107 8802 3581
1321 1184 5595 13152 8779 3576
1321 1185 5596 13192 8789 3533
1321 1186 5593 13150 8784 3554
1323 1191 5592 13135 8776 3582
1323 1192 5595 13130 8769 3593
1322 1191 5596 13108 8761 3602
1322 1191 5598 13086 8755 3585
1319 1191 5597 13088 8750 3562
1319 1185 5598 13112 8748 3567
1321 1191 5601 13119 8754 3579
1322 1188 5603 13135 8772 3561
1319 1187 5602 13157 8793 3531
1318 1188 5601 13144 8804 3553
1317 1189 5603 13148 8817 3583
1316 1187 5603 13168 8825 3589
1317 1189 5604 13148 8820 3593
1317 1189 5606 13111 8798 3596
1316 1188 5607 13101 8773 3599
1314 1190 5608 13130 8759 3589
1314 1191 5608 13150 8741 3586
1316 1190 5611 13144 8730 3582
1318 1191 5610 13153 8744 3548
1323 1191 5613 13170 8762 3531
1321 1191 5613 13174 8761 3542
1323 1190 5614 13163 8752 3553
1322 1191 5610 13140 8752 3560
1318 1193 5613 13120 8767 3555
1317 1192 5609 13114 8782 3561
1319 1191 5611 13117 8790 3573
1316 1192 5612 13123 8791 3578
1319 1192 5612 13128 8781 3577
1320 1192 5615 13140 8773 3549
1320 1193 5617 13145 8768 3552
1321 1192 5616 13138 8765 3581
1318 1192 5617 13145 8771 3585
1320 1192 5616 13157 8775 3587
1319 1192 5617 13163 8767 3593
1320 1192 5618 13165 8753 3601
1320 1191 5618 13156 8745 3609
1321 1191 5617 13150 8739 3608
1321 1193 5617 13148 8737 3600
1323 1194 5618 13167 8732 3528
1323 1193 5618 13165 8709 3548
1322 1193 5614 13160 8686 3577
1322 1192 5615 13165 8674 3585
1322 1191 5621 13159 8694 3590
1325 1192 5625 13118 8716 3606
1322 1189 5623 13094 8733 3607
1321 1193 5624 13127 8733 3599
1319 1191 5622 13189 8722 3581
1317 1191 5621 13217 8741 3540
1315 1190 5621 13179 8771 3528
1314 1191 5619 13135 8778 3559
1313 1189 5615 13128 8767 3561
1313 1189 5612 13138 8757 3548
1312 1193 5615 13132 8739 3543
1312 1191 5610 13103 8737 3535
1312 1189 5609 13063 8750 3537
1311 1189 5609 13035 8758 3554
1309 1187 5610 13065 8766 3558
1308 1189 5608 13169 8799 3517
1308 1189 5606 13157 8801 3535
1308 1188 5601 13164 8797 3542
1307 1187 5603 13145 8795 3553
1306 1187 5601 13120 8805 3576
1305 1187 5601 13125 8802 3579
1307 1186 5601 13139 8782 3579
1307 1188 5600 13148 8749 3576
1306 1190 5605 13134 8727 3579
1305 1189 5604 13115 8733 3569
1304 1190 5605 13121 8746 3530
1305 1190 5604 13146 8746 3516
1303 1188 5600 13160 8732 3532
1308 1188 5601 13156 8728 3542
1307 1188 5598 13142 8738 3541
1306 1189 5598 13109 8757 3547
1306 1186 5598 13085 8777 3554
1306 1187 5595 13087 8796 3552
1306 1188 5596 13095 8801 3539
1305 1187 5595 13098 8790 3517
1305 1186 5594 13104 8788 3497
1307 1188 5598 13111 8783 3497
1307 1188 5597 13108 8769 3524
1307 1186 5595 13106 8768 3556
1306 1187 5596 13119 8775 3572
1304 1185 5597 13136 8781 3567
1307 1186 5593 13138 8787 3574
1306 1185 5595 13120 8789 3579
1308 1185 5598 13106 8781 3574
1310 1187 5598 13119 8764 3569
1310 1189 5597 13119 8779 3536
1312 1191 5592 13130 8769 3553
1311 1192 5593 13151 8779 3547
1313 1193 5604 13116 8779 3545
1313 1191 5605 13077 8768 3550
1311 1188 5605 13108 8759 3555
1307 1187 5605 13175 8762 3551
1308 1188 5603 13186 8780 3544
1307 1188 5603 13141 8800 3546
1305 1185 5603 13149 8788 3487
1305 1189 5602 13133 8769 3505
1304 1187 5602 13097 8763 3533
1303 1188 5602 13076 8761 3544
1306 1190 5605 13087 8760 3534
1304 1188 5606 13114 8743 3527
1303 1187 5603 13136 8748 3539
1300 1189 5604 13149 8777 3565
1303 1192 5605 13135 8791 3577
1301 1188 5605 13145 8801 3556
1303 1189 5606 13189 8810 3524
1306 1189 5607 13184 8801 3532
1308 1188 5606 13131 8798 3566
1307 1190 5608 13093 8802 3576
1306 1189 5607 13088 8806 3568
1305 1190 5606 13097 8795 3546
1302 1188 5605 13102 8776 3539
1304 1191 5604 13092 8771 3543
1303 1189 5606 13088 8771 3548
1303 1192 5608 13113 8775 3536
1305 1190 5609 13162 8782 3502
1304 1189 5610 13167 8785 3494
1304 1189 5610 13132 8790 3513
1304 1190 5607 13110 8789 3524
1306 1189 5607 13092 8786 3536
1306 1188 5608 13087 8806 3535
1308 1188 5605 13094 8820 3521
1306 1190 5609 13097 8806 3516
1307 1190 5608 13092 8789 3524
1308 1190 5607 13085 8779 3536
1310 1189 5610 13107 8759 3505
1309 1189 5609 13145 8748 3481
1309 1190 5608 13164 8749 3502
1309 1189 5606 13157 8753 3524
1309 1190 5607 13131 8760 3535
1311 1189 5606 13102 8758 3530
1311 1191 5611 13093 8754 3521
1310 1190 5605 13103 8756 3523
1310 1190 5605 13135 8769 3533
1311 1191 5608 13148 8787 3535
1313 1193 5618 13097 8816 3492
1312 1189 5619 13122 8781 3513
1311 1189 5618 13181 8766 3522
1312 1190 5618 13221 8781 3530
1308 1189 5615 13211 8791 3546
1311 1191 5614 13182 8778 3544
1308 1192 5611 13127 8757 3541
1308 1189 5610 13079 8754 3543
1308 1189 5609 13076 8751 3538
1308 1189 5607 13136 8717 3490
1308 1190 5608 13119 8719 3524
1308 1188 5611 13116 8734 3564
1307 1189 5609 13158 8760 3573
1308 1189 5605 13166 8780 3587
1306 1189 5604 13144 8779 3612
1307 1186 5608 13163 8754 3601
1307 1185 5606 13174 8739 3595
1307 1186 5602 13143 8775 3589
1304 1187 5598 13126 8822 3579
1305 1189 5597 13137 8826 3574
1305 1189 5597 13141 8796 3577
1306 1193 5603 13135 8764 3593
1306 1190 5601 13128 8741 3592
1306 1190 5598 13127 8739 3574
1306 1190 5596 13132 8737 3570
1307 1190 5598 13141 8722 3565
1309 1190 5597 13154 8716 3552
1311 1191 5597 13145 8729 3547
1308 1189 5595 13132 8758 3533
1307 1188 5588 13133 8798 3504
1308 1189 5590 13130 8816 3506
1307 1189 5586 13149 8798 3538
1307 1188 5585 13171 8773 3550
1309 1189 5584 13162 8755 3565
1306 1187 5576 13152 8749 3581
1305 1185 5571 13160 8753 3588
1304 1186 5562 13182 8727 3598
1304 1186 5558 13209 8661 3607
1304 1188 5560 13237 8584 3599
1307 1188 5562 13268 8515 3576
1307 1190 5560 13259 8447 3574
1309 1194 5554 13222 8428 3597
1308 1194 5557 13222 8460 3602
1308 1196 5557 13267 8479 3592
1310 1194 5554 13302 8491 3583
1307 1192 5553 13243 8497 3574
1309 1194 5560 13185 8479 3574
1313 1195 5571 13225 8434 3578
1312 1192 5569 13290 8389 3590
1311 1193 5567 13305 8422 3566
1312 1194 5569 13258 8381 3600
1311 1195 5568 13226 8336 3629
1310 1195 5564 13217 8321 3640
1309 1196 5556 13235 8347 3651
1310 1195 5553 13313 8353 3653
1307 1196 5550 13433 8296 3647
1308 1198 5555 13502 8217 3643
1312 1196 5571 13504 8137 3645
1313 1199 5582 13340 8225 3624
1317 1198 5593 13097 8332 3641
1325 1200 5608 12931 8488 3646
1324 1198 5611 12877 8655 3650
1324 1199 5613 12910 8775 3671
1322 1198 5612 13016 8844 3718
1319 1198 5610 13159 8862 3767
1319 1198 5619 13297 8839 3810
1321 1194 5610 13353 8842 3820
1314 1193 5595 13192 8883 3696
1309 1186 5575 13045 8945 3671
1302 1179 5557 12948 8961 3686
1303 1177 5544 12923 8998 3674
1299 1175 5528 12940 9008 3627
1299 1175 5521 12938 8963 3635
1299 1174 5516 12962 8938 3668
1299 1173 5518 13076 8942 3677
1299 1172 5516 13191 8933 3682
1300 1174 5515 13250 8897 3678
1301 1175 5520 13238 8856 3673
1303 1179 5527 13184 8825 3687
1305 1180 5535 13168 8818 3691
1307 1181 5535 13190 8790 3678
1308 1180 5533 13181 8695 3678
1307 1180 5531 13161 8547 3679
1309 1181 5532 13199 8406 3667
1310 1182 5532 13252 8304 3647
1310 1183 5544 13219 8279 3632
1317 1184 5555 13105 8371 3626
1316 1185 5557 13030 8510 3589
1317 1187 5563 13064 8610 3574
1318 1187 5566 13164 8624 3607
1321 1188 5586 13222 8649 3630
1319 1187 5584 13189 8729 3622
1318 1185 5574 13115 8752 3582
1315 1186 5573 13028 8718 3534
1315 1184 5575 12933 8756 3471
1316 1182 5581 12885 8887 3416
1314 1181 5578 12913 9022 3384
1311 1180 5565 12977 9080 3333
1311 1178 5553 13027 9033 3320
1310 1177 5548 13097 8934 3366
1309 1177 5548 13201 8846 3397
1310 1178 5549 13252 8801 3412
1309 1176 5544 13228 8797 3435
1309 1175 5544 13198 8819 3438
1311 1179 5550 13166 8827 3444
1312 1180 5554 13129 8831 3474
1315 1182 5555 13122 8833 3494
1314 1182 5560 13143 8829 3462
1313 1181 5559 13153 8816 3454
1313 1181 5558 13145 8786 3483
1313 1181 5556 13149 8760 3484
1313 1178 5553 13158 8746 3486
1317 1183 5559 13152 8723 3486
1315 1183 5563 13148 8705 3480
1317 1180 5564 13160 8714 3465
1316 1181 5564 13169 8734 3462
1318 1183 5567 13182 8748 3465
1316 1181 5566 13178 8751 3417
1317 1182 5565 13156 8738 3418
1321 1183 5568 13131 8730 3438
1320 1182 5570 13115 8734 3466
1319 1182 5569 13115 8726 3498
1320 1181 5567 13129 8710 3511
1321 1180 5570 13144 8704 3517
1322 1182 5574 13147 8723 3523
1324 1184 5576 13138 8753 3531
1326 1186 5578 13136 8766 3527
1326 1189 5576 13145 8765 3507
1326 1188 5577 13144 8750 3530
1327 1188 5576 13137 8732 3570
1327 1188 5580 13133 8739 3571
1326 1187 5580 13127 8751 3564
1326 1184 5581 13101 8753 3583
1327 1187 5579 13083 8752 3603
1331 1184 5586 13116 8768 3596
1330 1185 5595 13150 8812 3582
1335 1186 5597 13150 8856 3552
1331 1187 5597 13150 8871 3506
1331 1186 5598 13128 8877 3501
1330 1187 5598 13076 8884 3524
1332 1187 5597 13035 8882 3534
1330 1186 5598 13010 8886 3531
1329 1188 5599 12994 8904 3519
1328 1186 5598 12987 8918 3511
1329 1186 5598 12991 8931 3518
1330 1188 5598 13013 8954 3525
1335 1186 5599 13040 8967 3515
1336 1185 5596 13072 8973 3491
1336 1187 5596 13090 8963 3480
1336 1187 5602 13080 8950 3492
1336 1186 5604 13047 8963 3493
1332 1186 5600 13016 8984 3487
1333 1186 5599 13009 8989 3493
1333 1186 5601 13017 8971 3484
1331 1187 5599 13028 8958 3471
1333 1186 5601 13029 8950 3468
1334 1185 5598 13028 8940 3467
1334 1187 5601 13068 8936 3394
1333 1187 5604 13053 8943 3402
1336 1188 5607 13036 8960 3407
1336 1187 5609 13024 8959 3409
1337 1186 5608 13013 8957 3402
1338 1189 5612 13001 8969 3393
1338 1189 5617 13000 8981 3407
1340 1188 5618 12996 8990 3424
1341 1190 5620 12998 8988 3435
1342 1189 5626 13032 8978 3413
1343 1191 5626 13055 8980 3386
1343 1190 5628 13044 8985 3405
1346 1191 5633 13037 8974 3438
1347 1189 5633 13041 8958 3461
1346 1192 5634 13042 8943 3474
1348 1193 5637 13036 8946 3472
1347 1193 5639 13022 8949 3472
1348 1192 5637 13020 8943 3483
1350 1193 5641 13022 8949 3490
1348 1193 5639 12994 8978 3459
1349 1194 5644 13033 8989 3458
1349 1194 5643 13083 8982 3466
1350 1194 5648 13086 8975 3474
1352 1194 5653 13048 8965 3490
1351 1194 5651 13020 8951 3496
1351 1194 5650 13014 8957 3495
1350 1194 5652 13007 8971 3494
1348 1194 5650 12977 8975 3499
1348 1192 5649 12975 8983 3485
1348 1189 5647 12997 8991 3472
1348 1192 5648 13012 8980 3495
1348 1191 5648 13026 8971 3519
1347 1192 5644 13028 8976 3522
1346 1193 5647 13020 8979 3523
1345 1192 5641 13021 8978 3528
1345 1191 5641 13052 8971 3520
1345 1190 5641 13050 8969 3511
1348 1192 5645 13015 8977 3516
1345 1192 5642 13007 8976 3518
1345 1194 5645 13033 8967 3477
1346 1194 5648 13062 8954 3449
1343 1194 5648 13059 8930 3467
1343 1193 5648 13038 8919 3476
1344 1194 5649 13019 8915 3474
1343 1191 5646 13022 8911 3468
1342 1190 5641 13034 8915 3462
1345 1194 5646 13039 8918 3464
1346 1194 5645 13028 8929 3477
1343 1191 5644 13019 8946 3474
1341 1191 5646 13033 8967 3477
1344 1192 5644 13062 8954 3449
1343 1192 5644 13059 8930 3467
1341 1191 5644 13038 8919 3476
1342 1193 5644 13019 8915 3474
1343 1193 5645 13022 8911 3468
1344 1193 5645 13034 8915 3462
1342 1192 5643 13039 8918 3464
1342 1190 5643 13028 8929 3477
1342 1190 5642 13019 8946 3474
1342 1191 5643 13039 8974 3424
1341 1191 5644 13031 8961 3463
1343 1193 5644 13025 8962 3471
1346 1196 5645 13022 8962 3471
1346 1200 5646 13021 8953 3486
1344 1199 5643 13028 8948 3501
1345 1198 5640 13048 8937 3499
1345 1196 5641 13059 8915 3502
1344 1193 5649 13049 8904 3521
1343 1191 5653 13038 8911 3506
1345 1196 5649 13029 8923 3490
1341 1192 5648 13030 8927 3495
1340 1191 5649 13055 8933 3482
1338 1193 5649 13041 8942 3481
1337 1192 5648 12990 8934 3506
1336 1194 5645 12995 8922 3522
1335 1193 5645 13063 8917 3506
1334 1194 5645 13117 8921 3494
1331 1192 5645 13099 8923 3503
1331 1194 5646 13068 8913 3492
1327 1191 5646 13052 8905 3473
1330 1193 5643 13040 8899 3471
1331 1193 5646 13030 8912 3472
1336 1192 5647 13001 8926 3482
1334 1193 5646 12981 8929 3498
1333 1193 5644 12991 8929 3505
1332 1193 5644 13029 8913 3504
1329 1192 5642 13073 8909 3505
1325 1193 5644 13074 8915 3515
1325 1193 5642 13060 8924 3508
1327 1193 5641 13087 8933 3483
1326 1194 5645 13118 8933 3479
1326 1195 5644 13099 8944 3492
1325 1192 5645 13054 8943 3506
1325 1193 5645 13043 8926 3516
1326 1194 5648 13053 8910 3517
1326 1193 5645 13063 8890 3508
1326 1194 5644 13062 8875 3497
1326 1193 5644 13045 8883 3485
1326 1193 5644 13054 8898 3466
1324 1193 5647 13090 8898 3426
1323 1193 5646 13096 8907 3409
1324 1192 5640 13062 8920 3431
1323 1194 5641 13040 8919 3455
1323 1192 5640 13045 8929 3465
1327 1193 5643 13055 8929 3455
1324 1193 5643 13054 8908 3455
1326 1194 5644 13048 8891 3462
1326 1193 5644 13055 8889 3469
1326 1194 5644 13061 8895 3469
1327 1194 5645 13085 8901 3424
1327 1195 5644 13066 8879 3461
1328 1194 5649 13055 8874 3485
1327 1196 5646 13057 8874 3484
1326 1193 5643 13062 8865 3478
1326 1194 5653 13057 8858 3474
1326 1194 5654 13050 8862 3464
1324 1193 5650 13039 8869 3461
1324 1192 5650 13039 8879 3459
1322 1194 5651 13093 8899 3393
1320 1193 5650 13052 8881 3419
1319 1192 5648 13019 8860 3438
1318 1194 5646 13047 8850 3440
1315 1191 5645 13093 8857 3435
1316 1191 5645 13087 8867 3431
1314 1190 5646 13044 8865 3436
1314 1193 5646 13031 8861 3447
1312 1192 5644 13038 8873 3441
1310 1192 5640 13035 8894 3387
1309 1190 5640 13014 8888 3376
1309 1191 5644 13003 8878 3388
1308 1190 5644 13006 8871 3407
1310 1191 5641 13032 8877 3414
1308 1191 5640 13050 8880 3425
1307 1194 5641 13036 8874 3446
1306 1193 5643 13026 8872 3441
1306 1194 5643 13049 8859 3426
1306 1191 5643 13059 8864 3410
1305 1193 5639 13049 8888 3397
1306 1192 5637 13039 8903 3419
1307 1192 5640 13045 8905 3441
1305 1190 5641 13072 8889 3449
1306 1191 5641 13077 8871 3462
1306 1192 5642 13070 8872 3469
1304 1191 5639 13074 8885 3454
1304 1192 5637 13087 8880 3443
1304 1194 5639 13091 8874 3443
1306 1190 5642 13086 8872 3430
1304 1192 5643 13097 8878 3403
1306 1191 5639 13101 8891 3407
1303 1192 5640 13084 8897 3435
1305 1192 5640 13070 8890 3456
1305 1193 5641 13070 8869 3462
1309 1198 5640 13071 8854 3468
1308 1196 5641 13061 8851 3467
1308 1197 5639 13058 8863 3464
1309 1196 5640 13067 8877 3473
1309 1196 5640 13078 8880 3470
1306 1191 5642 13102 8879 3435
1310 1195 5644 13110 8877 3419
1310 1193 5642 13088 8863 3451
1309 1192 5640 13069 8845 3467
1308 1192 5639 13061 8834 3459
1309 1193 5645 13050 8824 3456
1307 1191 5648 13042 8824 3469
1305 1193 5647 13040 8821 3475
1305 1193 5647 13068 8828 3467
1304 1193 5647 13084 8852 3465
1301 1192 5649 13072 8855 3435
1298 1193 5644 13113 8853 3470
1296 1192 5643 13155 8853 3472
1297 1193 5644 13133 8864 3485
1300 1193 5642 13089 8867 3499
1301 1192 5641 13076 8872 3488
1302 1193 5646 13077 8889 3478
1301 1194 5641 13063 8884 3482
1299 1192 5640 13040 8872 3486
1296 1194 5640 13066 8862 3430
1298 1193 5643 13075 8846 3456
1295 1192 5639 13095 8842 3480
1295 1192 5639 13089 8852 3489
1295 1192 5641 13074 8859 3501
1294 1191 5640 13101 8869 3497
1292 1194 5641 13137 8870 3485
1295 1193 5638 13117 8866 3480
1294 1192 5639 13067 8866 3485
1294 1192 5634 13059 8859 3493
1292 1191 5640 13130 8865 3418
1293 1192 5638 13125 8855 3455
1296 1191 5640 13114 8850 3483
1296 1192 5640 13116 8841 3486
1294 1193 5640 13123 8829 3483
1295 1192 5638 13122 8826 3480
1296 1191 5639 13117 8820 3470
1294 1193 5640 13112 8825 3464
1296 1193 5641 13097 8840 3465
1297 1193 5640 13097 8859 3430
1297 1192 5639 13106 8867 3411
1298 1193 5640 13104 8836 3441
1298 1194 5643 13104 8814 3469
1299 1194 5645 13099 8813 3487
1299 1193 5642 13097 8818 3499
1299 1193 5642 13118 8816 3506
1299 1193 5644 13130 8808 3509
1300 1192 5643 13122 8800 3503
1300 1192 5642 13113 8799 3490
1301 1196 5644 13107 8822 3421
1301 1195 5646 13118 8808 3430
1302 1195 5645 13117 8799 3464
1302 1193 5644 13106 8792 3476
1302 1193 5641 13115 8783 3472
1304 1192 5646 13135 8788 3476
1304 1193 5653 13129 8808 3473
1302 1194 5652 13096 8817 3480
1301 1192 5654 13085 8804 3491
1299 1192 5650 13128 8792 3481
1297 1192 5652 13189 8797 3443
1298 1192 5649 13183 8812 3430
1298 1193 5648 13136 8828 3452
1299 1192 5648 13113 8835 3472
1297 1195 5652 13106 8839 3476
1297 1195 5655 13085 8841 3464
1296 1194 5655 13058 8830 3455
1297 1194 5656 13056 8825 3467
1297 1194 5648 13065 8820 3490
1297 1194 5643 13076 8817 3487
1299 1196 5650 13109 8834 3458
1297 1193 5649 13128 8852 3459
1295 1192 5646 13108 8855 3489
1294 1193 5646 13102 8844 3492
1295 1193 5647 13128 8830 3481
1293 1193 5646 13139 8819 3475
1296 1192 5647 13101 8820 3488
1294 1194 5650 13070 8821 3506
1295 1192 5648 13089 8799 3502
1295 1192 5649 13114 8784 3485
1296 1191 5650 13129 8786 3450
1296 1192 5651 13133 8798 3444
1298 1195 5651 13135 8804 3478
1302 1199 5653 13152 8789 3488
1300 1197 5650 13157 8786 3478
1301 1198 5653 13146 8792 3462
1302 1196 5653 13130 8788 3462
1299 1192 5651 13121 8800 3472
1301 1194 5650 13123 8823 3469
1301 1195 5652 13116 8823 3458
1301 1193 5652 13123 8834 3410
1302 1192 5649 13124 8840 3434
1302 1193 5649 13131 8834 3456
1301 1192 5651 13126 8830 3464
1303 1192 5653 13124 8823 3473
1305 1195 5652 13129 8804 3496
1306 1194 5650 13132 8794 3510
1303 1195 5651 13129 8800 3507
1304 1193 5650 13126 8805 3488
1304 1196 5653 13170 8814 3422
1306 1194 5654 13159 8802 3433
1311 1195 5653 13139 8778 3450
1312 1193 5649 13151 8754 3451
1312 1194 5651 13168 8757 3435
1314 1194 5659 13126 8767 3433
1312 1193 5658 13077 8765 3445
1308 1194 5660 13096 8751 3460
1307 1196 5660 13171 8756 3453
1309 1193 5660 13209 8771 3427
1305 1193 5658 13195 8776 3412
1308 1194 5657 13163 8771 3437
1310 1194 5659 13132 8770 3472
1307 1194 5662 13121 8776 3477
1309 1194 5666 13112 8787 3473
1313 1197 5668 13102 8788 3474
1313 1196 5674 13093 8773 3484
1314 1195 5672 13093 8759 3500
1314 1196 5676 13114 8757 3514
1315 1195 5684 13155 8786 3500
1317 1196 5684 13170 8817 3470
1317 1197 5686 13158 8819 3474
1316 1195 5684 13166 8812 3484
1316 1197 5684 13161 8803 3495
1318 1196 5684 13120 8799 3507
1319 1197 5687 13092 8807 3514
1317 1197 5688 13104 8808 3524
1318 1196 5686 13129 8808 3522
1319 1195 5684 13136 8800 3520
1318 1197 5683 13117 8789 3520
1319 1197 5683 13111 8810 3482
1322 1196 5687 13131 8824 3458
1320 1196 5687 13150 8816 3484
1321 1198 5690 13149 8810 3493
1321 1197 5689 13118 8810 3497
1323 1198 5685 13085 8825 3503
1323 1196 5687 13073 8844 3502
1324 1197 5685 13082 8861 3503
1324 1196 5684 13084 8864 3501
1324 1199 5685 13078 8846 3503
1324 1198 5686 13103 8831 3495
1326 1197 5685 13102 8831 3523
1327 1197 5686 13103 8829 3540
1325 1195 5684 13102 8825 3545
1328 1197 5685 13104 8817 3544
1329 1198 5689 13115 8803 3536
1328 1198 5688 13102 8790 3535
1329 1198 5683 13079 8781 3541
1329 1197 5682 13090 8800 3541
1330 1196 5684 13080 8856 3482
1331 1195 5692 13062 8832 3496
1331 1199 5695 13089 8819 3522
1331 1199 5697 13133 8816 3525
1334 1202 5699 13148 8830 3513
1332 1198 5697 13143 8843 3510
1333 1198 5697 13142 8831 3502
1332 1197 5697 13118 8796 3494
1331 1197 5691 13081 8783 3497
1332 1196 5686 13054 8805 3489
1335 1198 5690 13070 8829 3481
1334 1198 5692 13089 8815 3512
1336 1197 5694 13094 8786 3544
1335 1197 5692 13124 8784 3569
1335 1197 5692 13150 8801 3573
1334 1197 5697 13130 8819 3577
1337 1198 5699 13099 8839 3581
1337 1197 5698 13107 8858 3561
1336 1196 5699 13102 8876 3544
1336 1196 5697 13073 8905 3528
1335 1195 5696 13071 8936 3509
1336 1197 5699 13082 8931 3492
1339 1197 5700 13099 8895 3479
1339 1198 5700 13100 8874 3470
1343 1203 5699 13086 8873 3462
1344 1205 5701 13096 8878 3445
1343 1203 5701 13126 8881 3419
1345 1205 5703 13145 8865 3380
1344 1202 5701 13129 8854 3352
1342 1199 5698 13108 8847 3340
1342 1198 5696 13118 8843 3307
1345 1201 5700 13140 8850 3289
1346 1198 5707 13165 8843 3288
1346 1198 5710 13192 8800 3283
1347 1199 5710 13190 8740 3297
1347 1202 5712 13162 8738 3305
1351 1202 5713 13140 8786 3305
1350 1204 5715 13157 8832 3306
1350 1204 5715 13191 8863 3296
1349 1205 5716 13188 8860 3270
1348 1205 5714 13153 8863 3178
1350 1205 5716 13135 8851 3194
1352 1204 5717 13132 8826 3203
1358 1205 5719 13147 8797 3206
1361 1204 5725 13139 8787 3208
1361 1205 5734 13118 8795 3208
1362 1206 5738 13121 8819 3222
1360 1205 5740 13160 8869 3217
1358 1206 5745 13194 8915 3193
1362 1206 5748 13178 8978 3171
1362 1208 5748 13121 9007 3178
1360 1207 5746 13060 9021 3179
1360 1207 5745 13017 9041 3194
1362 1208 5745 13013 9038 3202
1362 1207 5745 13020 9003 3209
1363 1208 5747 13024 8964 3235
1364 1208 5747 13070 8946 3231
1362 1207 5745 13131 8947 3210
1363 1208 5743 13161 8944 3204
1365 1207 5746 13185 8924 3201
1364 1207 5749 13201 8916 3183
1364 1207 5749 13173 8907 3172
1363 1207 5747 13141 8893 3171
1364 1207 5745 13132 8872 3155
1365 1208 5744 13147 8848 3121
1363 1207 5746 13156 8831 3105
1367 1205 5749 13145 8823 3110
1367 1210 5752 13134 8848 3103
1371 1210 5767 13120 8903 3085
1372 1210 5768 13086 8992 3060
1371 1210 5763 13060 9109 3032
1370 1207 5754 13071 9164 3022
1369 1209 5749 13104 9104 3028
1368 1207 5748 13145 8990 3042
1371 1207 5751 13167 8904 3059
1370 1209 5755 13153 8882 3089
