2025-10-19 16:05:39    绿光---红外光---红光---X轴---Y轴---Z轴
1101 2229 2121 572 15159 4764
1098 2229 2119 588 15181 4723
1098 2225 2118 622 15191 4725
1098 2223 2117 621 15193 4735
1097 2224 2117 581 15209 4731
1098 2221 2116 552 15219 4736
1097 2221 2113 630 15213 4808
1098 2218 2113 653 15217 4804
1096 2215 2109 614 15213 4809
1094 2209 2101 550 15205 4807
1090 2204 2096 511 15171 4802
1092 2202 2092 522 15141 4805
1088 2199 2089 536 15191 4794
1086 2195 2083 537 15202 4793
1085 2188 2076 573 15160 4782
1081 2182 2069 625 15251 4721
1080 2177 2063 607 15284 4658
1076 2172 2060 469 15239 4651
1076 2169 2058 445 15268 4652
1073 2165 2050 545 15270 4622
1071 2165 2050 584 15250 4603
1069 2161 2043 601 15255 4601
1067 2153 2037 576 15234 4593
1065 2149 2031 529 15209 4562
1064 2145 2028 532 15213 4518
1063 2144 2027 589 15233 4498
1062 2140 2022 614 15255 4515
1061 2140 2019 560 15260 4529
1059 2137 2015 574 15291 4530
1057 2132 2011 672 15269 4499
1056 2130 2011 596 15273 4422
1056 2126 2006 527 15340 4412
1054 2125 2007 600 15356 4445
1053 2122 2003 620 15306 4476
1052 2119 1999 604 15226 4477
1049 2117 1997 572 15198 4416
1048 2112 1994 555 15344 4347
1047 2109 1992 584 15384 4339
1044 2107 1990 577 15371 4356
1045 2105 1990 571 15331 4396
1044 2103 1988 589 15298 4442
1044 2099 1986 606 15335 4437
1042 2099 1985 652 15428 4410
1042 2098 1984 696 15448 4425
1041 2099 1985 683 15394 4430
1040 2097 1982 691 15350 4390
1039 2096 1982 689 15302 4390
1040 2096 1979 646 15343 4304
1039 2095 1979 584 15355 4247
1039 2093 1977 716 15279 4245
1040 2092 1973 946 15406 4164
1040 2089 1971 995 15464 4104
1036 2090 1969 745 15294 4214
1037 2087 1970 632 15322 4259
1037 2086 1969 814 15405 4176
1035 2086 1966 873 15368 4165
1037 2083 1967 861 15357 4179
1034 2082 1963 850 15364 4144
1033 2080 1962 863 15342 4114
1032 2076 1959 944 15392 4062
1030 2076 1956 1005 15439 4004
1029 2071 1952 957 15418 3973
1027 2071 1950 874 15392 3952
1028 2068 1949 959 15485 3978
1025 2064 1947 1120 15513 3969
1024 2065 1945 1103 15501 3885
1025 2065 1948 1053 15564 3831
1028 2068 1949 1078 15530 3825
1031 2068 1952 1095 15421 3870
1032 2071 1955 1144 15455 3844
1032 2071 1955 1282 15670 3724
1029 2069 1956 1361 15744 3656
1031 2069 1955 1201 15641 3624
1032 2068 1955 1063 15578 3596
1029 2068 1952 1125 15542 3586
1031 2069 1951 1289 15484 3513
1029 2065 1951 1313 15534 3432
1030 2065 1950 1314 15546 3430
1028 2064 1950 1372 15541 3431
1027 2064 1950 1432 15545 3400
1027 2065 1950 1486 15530 3396
1027 2065 1950 1503 15573 3372
1028 2064 1946 1475 15540 3351
1025 2061 1946 1504 15465 3350
1026 2063 1944 1528 15371 3236
1024 2059 1939 1336 15392 3247
1024 2060 1941 1361 15472 3315
1024 2058 1938 1508 15403 3325
1020 2052 1933 1492 15216 3379
1020 2053 1930 1492 15113 3417
1019 2053 1927 1531 15320 3393
1018 2051 1929 1555 15662 3329
1017 2049 1924 1560 15791 3353
1016 2043 1921 1770 16098 3374
1014 2040 1914 1647 15712 3348
1010 2035 1911 1525 15419 3429
1009 2030 1904 1554 15470 3329
1006 2024 1897 1545 15519 3135
1002 2019 1892 1508 15332 3191
1000 2013 1885 1554 15209 3219
1000 2011 1882 1511 15383 3160
996 2009 1880 1495 15553 3187
996 2008 1880 1592 15598 3105
996 2007 1878 1647 15652 2816
994 2004 1877 1572 15531 2648
994 2007 1877 1586 15398 2743
993 2009 1877 1661 15644 2873
995 2006 1874 1523 15733 2937
993 2002 1872 1503 15550 2949
992 2005 1874 1587 15546 2923
994 2002 1875 1438 15759 3041
992 2006 1875 1347 15799 3146
996 2007 1874 1421 15604 3115
993 2009 1874 1471 15515 3120
994 2009 1875 1403 15627 3101
995 2010 1874 1416 15581 3059
994 2009 1871 1527 15490 3014
995 2011 1871 1531 15478 3037
994 2011 1870 1355 15452 3136
995 2013 1868 1241 15407 3242
994 2011 1867 1383 15452 3245
994 2015 1865 1437 15454 3191
995 2015 1868 1394 15433 3257
996 2021 1868 1380 15562 3475
1000 2027 1878 1319 15696 3673
1003 2033 1887 1303 15844 3729
1009 2043 1895 1398 15866 3638
1015 2050 1907 1398 15701 3592
1019 2059 1917 1174 15468 3669
1022 2065 1925 879 15344 3778
1024 2069 1930 915 15452 3973
1026 2073 1937 1055 15596 4070
1028 2073 1939 882 15580 3965
1030 2076 1942 894 15549 3976
1034 2077 1945 903 15539 3932
1034 2080 1951 895 15522 3883
1035 2084 1955 896 15540 3832
1036 2088 1960 825 15509 3859
1040 2091 1964 806 15472 3882
1040 2093 1966 845 15480 3838
1042 2098 1973 829 15475 3829
1046 2101 1977 826 15464 3862
1045 2105 1979 849 15474 3878
1049 2107 1983 854 15469 3895
1049 2111 1988 852 15437 3900
1050 2110 1989 846 15418 3894
1052 2115 1990 854 15435 3906
1052 2116 1992 848 15521 3900
1053 2117 1992 824 15502 3908
1053 2119 1996 893 15418 3934
1052 2122 1997 1003 15535 3886
1055 2122 1996 980 15532 3835
1053 2123 1996 804 15421 3855
1052 2123 1994 803 15473 3866
1055 2126 1999 915 15534 3860
1057 2127 1996 916 15506 3906
1054 2126 1999 925 15463 3913
1056 2127 2001 903 15444 3851
1055 2129 2001 861 15428 3821
1055 2128 2002 880 15423 3815
1057 2129 2003 914 15427 3830
1057 2130 2003 871 15449 3873
1058 2133 2007 806 15463 3878
1057 2132 2008 1004 15463 3878
1057 2133 2007 902 15439 3840
1057 2134 2008 889 15475 3874
1058 2134 2008 967 15483 3884
1057 2135 2011 915 15428 3873
1058 2136 2014 878 15391 3855
1058 2137 2012 860 15440 3808
1057 2134 2013 865 15479 3797
1058 2136 2014 894 15469 3828
1059 2137 2014 867 15485 3871
1060 2138 2017 878 15481 3877
1062 2139 2020 904 15490 3884
1062 2141 2021 901 15508 3884
1061 2140 2020 891 15482 3883
1060 2140 2021 857 15432 3882
1061 2142 2024 851 15423 3882
1061 2143 2025 892 15497 3876
1060 2144 2027 884 15486 3909
1064 2147 2028 913 15382 3966
1063 2148 2029 1005 15464 3939
1065 2146 2032 1022 15488 3880
1064 2148 2029 849 15402 3884
1063 2148 2031 818 15465 3894
1063 2146 2029 940 15501 3911
1065 2148 2031 948 15450 3967
1064 2146 2032 980 15438 3978
1063 2148 2031 973 15439 3948
1065 2147 2031 938 15445 3929
1065 2145 2030 961 15452 3919
1064 2146 2030 999 15433 3941
1063 2143 2030 965 15422 3958
1063 2148 2031 891 15422 3937
1064 2149 2033 975 15467 3955
1064 2146 2030 1091 15465 3972
1065 2146 2030 983 15442 3940
1065 2146 2030 942 15449 3939
1066 2147 2029 993 15450 3943
1067 2145 2031 955 15430 3960
1068 2147 2033 948 15407 3978
1068 2148 2034 959 15440 3947
1068 2148 2032 957 15466 3931
1069 2147 2033 966 15460 3945
1069 2147 2033 972 15475 3970
1069 2148 2034 953 15491 3998
1069 2148 2035 952 15462 4007
1069 2149 2035 972 15440 3995
1070 2149 2035 1000 15439 3977
1069 2148 2036 1015 15433 3979
1069 2149 2036 983 15419 4001
1069 2151 2036 940 15402 4052
1068 2150 2038 925 15379 4049
1067 2152 2036 965 15422 4016
1068 2150 2041 965 15476 3987
1067 2152 2037 989 15413 4029
1067 2153 2035 1053 15406 4038
1069 2155 2039 1095 15481 3974
1069 2156 2038 936 15404 3985
1070 2159 2039 848 15394 3995
1069 2157 2036 974 15443 3984
1068 2157 2039 988 15411 4038
1068 2159 2038 997 15407 4062
1069 2157 2040 1003 15411 4028
1072 2159 2040 965 15400 4007
1071 2160 2038 947 15396 4000
1069 2158 2041 960 15383 4010
1069 2160 2041 942 15374 4040
1070 2160 2042 879 15401 4033
1071 2161 2043 923 15414 4062
1072 2162 2044 1079 15425 4062
1071 2161 2043 1028 15431 4017
1070 2163 2044 902 15398 4076
1071 2162 2043 914 15413 4094
1069 2161 2044 931 15398 4084
1069 2162 2044 955 15339 4091
1069 2161 2044 950 15363 4059
1069 2160 2045 907 15410 4052
1069 2159 2044 904 15407 4075
1067 2161 2046 921 15394 4081
1070 2161 2045 920 15401 4048
1071 2161 2047 916 15390 4088
1070 2162 2046 918 15408 4089
1069 2160 2047 943 15407 4105
1069 2160 2046 949 15382 4112
1068 2160 2049 928 15374 4090
1069 2161 2049 904 15385 4097
1070 2161 2047 913 15402 4103
1072 2162 2049 943 15421 4094
1071 2163 2049 944 15431 4110
1071 2161 2051 931 15419 4129
1070 2160 2051 911 15375 4138
1072 2161 2051 923 15350 4120
1072 2162 2054 942 15415 4084
1071 2164 2051 914 15389 4102
1071 2162 2051 972 15332 4123
1071 2162 2052 1089 15423 4070
1072 2165 2052 1014 15393 4062
1072 2165 2053 842 15357 4087
1074 2164 2053 885 15424 4084
1076 2168 2054 975 15381 4138
1073 2163 2051 976 15383 4128
1073 2165 2050 937 15384 4101
1073 2161 2053 935 15366 4095
1072 2163 2051 974 15342 4098
1072 2162 2050 979 15325 4118
1074 2164 2051 943 15347 4128
1075 2163 2053 905 15360 4131
1072 2163 2051 986 15407 4139
1074 2163 2052 1075 15403 4116
1075 2164 2053 979 15383 4101
1073 2165 2054 923 15403 4139
1076 2165 2052 957 15380 4144
1076 2165 2054 949 15362 4148
1078 2164 2053 933 15336 4168
1075 2164 2053 901 15347 4145
1076 2165 2055 886 15369 4128
1075 2166 2055 908 15368 4133
1076 2166 2055 922 15382 4135
1077 2169 2056 900 15403 4135
1076 2166 2054 886 15370 4184
1073 2165 2053 908 15382 4170
1074 2166 2054 901 15376 4181
1075 2165 2054 869 15365 4174
1073 2164 2054 858 15381 4159
1075 2166 2055 874 15378 4177
1074 2166 2053 888 15362 4188
1073 2164 2051 871 15366 4168
1074 2162 2052 860 15373 4161
1073 2162 2049 900 15403 4135
1073 2161 2051 886 15370 4184
1073 2162 2050 908 15382 4170
1072 2160 2048 901 15376 4181
1071 2160 2048 869 15365 4174
1072 2159 2048 858 15381 4159
1072 2158 2050 874 15378 4177
1071 2158 2049 888 15362 4188
1070 2156 2046 871 15366 4168
1070 2155 2042 860 15373 4161
1071 2153 2044 933 15377 4166
1071 2156 2041 948 15390 4145
1068 2155 2039 920 15391 4144
1068 2153 2040 875 15392 4159
1067 2152 2036 851 15373 4174
1067 2150 2033 890 15382 4169
1068 2150 2033 906 15424 4141
1066 2148 2032 916 15373 4180
1065 2145 2032 999 15393 4175
1062 2145 2028 1037 15457 4107
1063 2142 2026 865 15380 4141
1060 2140 2025 802 15386 4162
1059 2138 2025 919 15437 4144
1061 2137 2023 938 15405 4161
1057 2137 2022 954 15386 4152
1059 2135 2021 949 15384 4109
1058 2136 2019 903 15362 4102
1057 2135 2018 893 15338 4111
1057 2134 2018 904 15329 4119
1058 2133 2017 913 15332 4147
1058 2132 2018 911 15369 4155
1057 2130 2015 905 15402 4174
1057 2129 2015 1020 15459 4168
1055 2129 2015 1038 15444 4111
1056 2129 2013 886 15369 4120
1057 2127 2011 871 15383 4148
1059 2128 2010 937 15398 4136
1056 2124 2011 944 15351 4146
1055 2122 2010 925 15332 4145
1055 2123 2009 882 15379 4107
1053 2119 2007 866 15394 4120
1052 2122 2006 907 15404 4124
1055 2119 2005 917 15420 4106
1054 2119 2004 878 15410 4112
1052 2117 2004 867 15354 4120
1052 2116 2002 895 15350 4123
1051 2117 2003 896 15390 4116
1053 2115 2002 881 15396 4095
1051 2114 2001 884 15402 4067
1052 2113 2000 886 15400 4076
1051 2115 2000 898 15388 4109
1052 2116 1999 913 15394 4111
1053 2114 1998 925 15419 4102
1053 2116 1999 931 15431 4116
1055 2119 2000 924 15436 4106
1056 2120 2002 915 15426 4090
1055 2119 2002 922 15417 4099
1055 2119 2000 918 15404 4089
1054 2120 2002 897 15379 4086
1056 2120 2001 904 15383 4079
1055 2121 2001 907 15437 4053
1057 2122 2002 924 15362 4103
1057 2123 2004 999 15355 4104
1055 2122 2002 1080 15469 4027
1055 2124 1999 908 15376 4056
1054 2121 2002 775 15340 4127
1054 2121 2001 952 15434 4103
1054 2121 2003 1059 15423 4079
1056 2123 2001 1040 15373 4092
1055 2123 2001 988 15380 4049
1054 2124 2003 928 15359 4054
1054 2125 2001 935 15337 4093
1055 2124 2002 982 15364 4083
1054 2126 2002 994 15367 4091
1057 2125 2003 968 15396 4082
1054 2126 2005 941 15414 4104
1056 2128 2005 1038 15444 4104
1056 2129 2007 1019 15446 4049
1056 2127 2004 900 15407 4070
1056 2127 2005 936 15406 4100
1055 2129 2005 992 15358 4094
1056 2128 2005 915 15384 4091
1056 2128 2007 897 15425 4063
1056 2128 2008 950 15426 4060
1058 2130 2009 1002 15436 4060
1055 2129 2008 967 15452 4049
1058 2128 2009 896 15451 4040
1056 2128 2009 895 15427 4051
1055 2129 2008 951 15416 4057
1055 2128 2010 974 15416 4069
1054 2132 2011 962 15408 4086
1058 2129 2011 930 15395 4080
1056 2132 2011 904 15390 4076
1056 2133 2012 905 15395 4074
1058 2135 2015 911 15389 4071
1057 2137 2015 955 15401 4068
1058 2137 2018 981 15407 4047
1060 2137 2016 942 15397 4033
1060 2138 2017 917 15408 4040
1060 2140 2019 929 15476 4037
1060 2138 2020 940 15413 4094
1061 2140 2022 1007 15359 4112
1060 2141 2021 1120 15490 4035
1061 2140 2022 1018 15411 4030
1061 2141 2020 821 15337 4075
1063 2142 2021 906 15440 4061
1062 2140 2023 1032 15437 4053
1062 2142 2024 1022 15397 4074
1063 2142 2026 1008 15411 4049
1063 2142 2025 961 15403 4025
1062 2144 2024 971 15390 4034
1062 2142 2025 1002 15385 4039
1063 2145 2025 1001 15392 4048
1064 2143 2026 944 15408 4047
1063 2143 2026 976 15447 4088
1063 2144 2027 1087 15432 4093
1062 2144 2026 1005 15407 4028
1062 2144 2027 917 15405 4044
1063 2141 2027 997 15395 4058
1062 2143 2026 1018 15385 4112
1064 2142 2027 981 15411 4068
1063 2142 2026 953 15433 4023
1066 2144 2028 975 15436 4041
1065 2145 2029 990 15448 4043
1069 2147 2029 967 15458 4033
1067 2144 2030 967 15428 4041
1065 2144 2030 992 15412 4034
1068 2145 2031 1000 15421 4034
1067 2147 2030 991 15404 4069
1066 2146 2030 967 15390 4091
1068 2147 2028 961 15398 4077
1066 2147 2030 984 15395 4064
1067 2146 2029 1014 15392 4059
1068 2146 2033 1021 15400 4062
1065 2148 2031 984 15392 4069
1066 2149 2031 965 15388 4063
1066 2151 2031 965 15385 4056
1065 2149 2027 963 15362 4063
1064 2149 2031 999 15380 4071
1065 2152 2029 1007 15427 4058
1065 2147 2030 1012 15373 4107
1068 2153 2033 1081 15392 4107
1070 2153 2032 1140 15458 4021
1065 2148 2030 966 15377 4041
1066 2151 2030 877 15396 4058
1065 2151 2031 995 15462 4046
1065 2151 2031 1005 15410 4088
1068 2153 2033 1016 15391 4090
1068 2153 2034 1029 15399 4077
1068 2154 2034 1009 15360 4087
1068 2153 2032 1012 15366 4071
1067 2157 2034 1000 15364 4068
1069 2156 2035 984 15384 4067
1069 2155 2034 957 15401 4080
1069 2156 2034 1046 15470 4093
1069 2156 2036 1126 15464 4077
1068 2157 2036 986 15416 4044
1069 2155 2037 931 15420 4059
1068 2159 2039 1015 15403 4079
1066 2154 2036 1035 15377 4094
1068 2154 2038 1015 15364 4097
1067 2152 2036 963 15401 4062
1068 2151 2036 939 15419 4057
1065 2151 2035 974 15401 4074
1065 2152 2036 987 15400 4065
1065 2150 2034 960 15406 4052
1063 2149 2031 966 15380 4063
1066 2148 2032 1000 15372 4071
1063 2146 2031 974 15362 4112
1061 2144 2030 951 15377 4121
1064 2144 2029 952 15393 4119
1062 2144 2027 974 15406 4117
1063 2142 2026 991 15410 4111
1062 2140 2024 1000 15415 4109
1062 2140 2025 1003 15419 4100
1061 2138 2025 992 15419 4098
1061 2138 2022 992 15428 4099
1061 2139 2022 983 15421 4096
1061 2138 2020 974 15400 4109
1060 2138 2020 963 15368 4117
1061 2137 2017 969 15342 4123
1060 2137 2018 998 15374 4109
1058 2135 2018 950 15400 4076
1059 2136 2015 951 15368 4081
1059 2133 2015 1062 15426 4071
1059 2133 2015 1099 15421 4045
1060 2131 2012 909 15334 4100
1058 2129 2011 868 15407 4137
1057 2130 2009 1023 15388 4156
1056 2126 2009 995 15393 4120
1053 2126 2006 965 15390 4065
1055 2124 2005 949 15328 4070
1053 2122 2002 973 15319 4079
1055 2122 2002 980 15352 4094
1054 2119 2000 971 15386 4113
1053 2119 1997 968 15406 4116
1052 2119 1996 945 15368 4134
1052 2118 1996 1020 15403 4124
1051 2116 1994 908 15381 4114
1052 2115 1993 877 15409 4132
1052 2114 1991 947 15419 4126
1052 2113 1991 946 15391 4143
1049 2112 1990 934 15353 4149
1050 2110 1989 932 15369 4119
1050 2110 1988 914 15363 4129
1048 2110 1986 899 15369 4156
1050 2110 1984 876 15423 4142
1051 2110 1985 899 15415 4151
1047 2107 1982 940 15411 4140
1046 2106 1982 929 15390 4136
1049 2106 1981 882 15364 4150
1045 2105 1979 849 15369 4142
1047 2105 1980 845 15388 4127
1045 2104 1978 861 15392 4127
1047 2102 1978 881 15390 4136
1044 2103 1977 897 15390 4161
1044 2102 1976 889 15399 4170
1043 2101 1978 875 15415 4159
1043 2100 1976 892 15426 4146
1045 2103 1978 900 15416 4135
1044 2103 1977 891 15385 4142
1045 2103 1975 883 15374 4131
1046 2105 1977 869 15368 4114
1046 2105 1978 865 15376 4121
1046 2108 1979 857 15444 4096
1046 2110 1979 831 15395 4121
1049 2110 1980 878 15340 4147
1046 2111 1978 993 15502 4075
1045 2107 1977 938 15466 4061
1043 2109 1978 736 15325 4151
1044 2107 1978 802 15407 4140
1044 2106 1977 958 15428 4083
1041 2106 1976 915 15363 4106
1045 2107 1977 891 15372 4069
1042 2105 1973 875 15379 4028
1043 2105 1974 845 15361 4035
1041 2104 1972 898 15407 4080
1041 2102 1970 901 15410 4096
1039 2101 1969 877 15432 4065
1038 2099 1965 911 15473 4068
1036 2095 1964 1038 15481 4047
1038 2093 1959 953 15448 4014
1036 2092 1956 825 15458 4072
1034 2088 1956 883 15491 4111
1032 2083 1947 933 15529 4087
1029 2080 1945 950 15632 4076
1028 2075 1944 1033 15819 4058
1026 2075 1938 1215 15893 4032
1025 2068 1934 1237 15666 3945
1023 2065 1929 1121 15333 3850
1023 2062 1928 1136 15257 3741
1020 2059 1924 1294 15377 3584
1021 2059 1924 1423 15442 3473
1020 2055 1923 1410 15456 3475
1019 2055 1920 1420 15434 3453
1018 2050 1916 1580 15482 3375
1017 2049 1916 1631 15462 3377
1016 2049 1915 1516 15310 3424
1016 2047 1914 1506 15365 3360
1017 2048 1912 1600 15542 3262
1015 2046 1911 1660 15632 3233
1016 2045 1912 1661 15597 3260
1017 2043 1910 1646 15510 3325
1015 2044 1909 1637 15494 3290
1017 2044 1909 1671 15565 3157
1017 2042 1912 1701 15529 3143
1015 2043 1911 1749 15460 3187
1015 2043 1907 1782 15519 3141
1016 2046 1911 1672 15456 3166
1018 2050 1914 1576 15405 3273
1018 2057 1920 1680 15509 3228
1022 2060 1926 1768 15658 3076
1021 2063 1928 1729 15779 3072
1022 2064 1931 1701 15849 3119
1024 2065 1930 1650 15757 3161
1025 2066 1931 1629 15577 3148
1027 2068 1931 1651 15513 3143
1028 2066 1931 1684 15562 3198
1025 2068 1930 1711 15622 3165
1026 2067 1930 1682 15594 3123
1025 2068 1927 1643 15574 3146
1022 2064 1925 1778 15610 3134
1021 2062 1925 1882 15573 3060
1022 2063 1924 1714 15466 3032
1023 2062 1923 1584 15243 3099
1022 2064 1921 1813 15190 3120
1020 2061 1922 1723 15506 3121
1020 2062 1920 1646 15703 3182
1018 2059 1921 1612 15772 3267
1020 2059 1918 1622 15799 3293
1018 2060 1918 1605 15741 3303
1016 2058 1917 1578 15716 3317
1016 2056 1917 1608 15820 3319
1013 2051 1913 1674 16033 3308
1014 2050 1912 1754 16109 3228
1012 2046 1907 1779 15765 3134
1009 2043 1902 1700 15269 3076
1011 2040 1900 1608 15101 2950
1008 2037 1899 1651 15203 2815
1008 2039 1900 1732 15326 2775
1007 2040 1902 1707 15441 2825
1009 2039 1903 1680 15522 2882
1007 2038 1902 1781 15572 2826
1010 2040 1900 1890 15596 2686
1012 2041 1903 1838 15539 2583
1010 2042 1902 1783 15451 2489
1011 2043 1904 1927 15590 2534
1010 2043 1904 1941 15781 2667
1011 2045 1901 1899 15678 2687
1012 2046 1906 1782 15684 2693
1012 2049 1902 1589 15743 2865
1011 2048 1901 1720 15713 2984
1012 2048 1904 1637 15802 3018
1014 2051 1902 1615 15781 3063
1012 2048 1898 1736 15649 2935
1011 2050 1893 1588 15542 2914
1009 2051 1876 1592 15416 2844
1002 2048 1861 1599 15310 2769
1002 2049 1855 1550 15357 2877
1001 2048 1854 1941 15190 3260
1001 2044 1853 2090 15186 3605
1000 2040 1852 1153 15418 3045
999 2042 1847 228 15686 2012
1002 2045 1850 231 16013 2075
1003 2050 1856 1600 15836 3849
1008 2054 1863 1323 15738 3545
1013 2060 1872 663 15759 3088
1011 2062 1876 611 15736 3250
1013 2066 1879 578 15714 3468
1014 2070 1884 462 15660 3582
1018 2071 1888 453 15639 3693
1021 2073 1894 446 15618 3651
1021 2075 1895 417 15577 3602
1021 2078 1897 453 15636 3594
1022 2080 1900 474 15621 3607
1023 2082 1903 494 15641 3598
1026 2087 1911 513 15644 3577
1028 2092 1914 502 15630 3577
1029 2091 1915 466 15601 3595
1031 2095 1920 460 15548 3606
1032 2100 1924 479 15583 3601
1037 2104 1932 473 15525 3636
1039 2108 1938 511 15442 3663
1041 2112 1941 615 15582 3604
1043 2116 1945 647 15607 3552
1043 2115 1947 483 15519 3581
1043 2119 1951 435 15574 3600
1044 2122 1955 546 15640 3574
1048 2122 1958 562 15619 3593
1047 2125 1962 572 15612 3609
1050 2127 1964 555 15622 3595
1049 2130 1965 527 15598 3589
1049 2130 1969 547 15581 3558
1050 2131 1971 576 15564 3587
1050 2133 1973 538 15575 3578
1053 2134 1980 557 15568 3594
1053 2137 1982 659 15614 3559
1054 2139 1981 595 15610 3496
1057 2142 1986 492 15541 3532
1056 2142 1988 567 15574 3549
1059 2143 1994 611 15572 3549
1059 2147 1993 599 15515 3572
1060 2149 1997 602 15521 3541
1061 2149 2001 589 15569 3515
1063 2150 2003 571 15602 3538
1063 2151 2005 574 15617 3551
1063 2153 2006 573 15625 3551
1068 2152 2009 570 15604 3562
1066 2154 2009 568 15589 3578
1066 2154 2010 572 15593 3578
1068 2157 2013 594 15594 3564
1066 2157 2013 620 15575 3550
1067 2155 2015 631 15553 3557
1069 2156 2016 613 15543 3568
1067 2157 2016 620 15529 3587
1068 2157 2020 641 15593 3573
1069 2160 2020 630 15607 3570
1068 2159 2022 648 15524 3601
1069 2160 2023 704 15580 3590
1072 2162 2024 774 15640 3557
1072 2163 2025 629 15549 3576
1069 2162 2024 524 15553 3591
1070 2163 2025 670 15599 3590
1072 2164 2027 709 15556 3612
1074 2167 2028 696 15544 3610
1076 2169 2030 692 15542 3591
1075 2168 2032 678 15522 3586
1076 2166 2032 681 15535 3580
1074 2168 2033 695 15537 3591
1076 2168 2033 675 15533 3614
1075 2169 2035 618 15560 3623
1079 2172 2038 622 15552 3650
1077 2173 2038 752 15589 3620
1078 2172 2039 756 15585 3566
1078 2172 2040 658 15536 3603
1077 2171 2041 675 15563 3638
1078 2172 2042 698 15577 3652
1079 2174 2043 687 15545 3666
1078 2175 2042 669 15528 3649
1080 2173 2044 629 15547 3617
1078 2175 2044 608 15556 3612
1078 2175 2046 630 15562 3625
1081 2178 2048 656 15572 3636
1080 2180 2047 647 15568 3651
1082 2179 2051 623 15565 3659
1083 2183 2055 623 15563 3657
1081 2182 2051 632 15542 3661
1080 2180 2054 630 15527 3664
1082 2184 2055 620 15533 3654
1081 2183 2055 622 15548 3642
1081 2185 2056 629 15547 3651
1083 2183 2058 638 15539 3657
1083 2187 2057 637 15536 3652
1083 2186 2060 637 15535 3651
1083 2185 2058 638 15584 3640
1083 2185 2058 623 15542 3678
1083 2185 2058 654 15486 3691
1084 2188 2061 746 15600 3625
1081 2189 2060 716 15563 3614
1085 2189 2062 535 15480 3642
1083 2188 2062 541 15551 3654
1086 2190 2062 661 15570 3663
1083 2189 2062 686 15545 3683
1084 2193 2063 687 15553 3678
1086 2192 2067 635 15541 3652
1085 2191 2064 604 15506 3648
1086 2189 2064 633 15489 3658
1086 2190 2063 659 15488 3672
1084 2190 2063 644 15498 3676
1085 2188 2064 597 15525 3664
1084 2191 2066 635 15558 3684
1086 2190 2066 744 15562 3690
1086 2191 2065 669 15554 3668
1085 2192 2066 578 15546 3689
1085 2191 2066 623 15548 3683
1086 2192 2066 636 15532 3679
1085 2189 2066 633 15504 3699
1085 2191 2066 605 15518 3681
1087 2190 2066 570 15550 3667
1086 2190 2065 580 15555 3685
1087 2189 2068 599 15536 3701
1086 2187 2066 589 15533 3701
1086 2190 2066 576 15509 3753
1086 2187 2067 588 15521 3732
1087 2187 2067 584 15522 3730
1086 2188 2064 567 15516 3732
1086 2186 2063 568 15512 3725
1086 2185 2062 577 15523 3722
1086 2184 2060 580 15533 3731
1083 2183 2057 572 15525 3747
1082 2183 2054 575 15547 3738
1083 2180 2054 622 15574 3730
1083 2177 2050 608 15546 3725
1083 2177 2048 560 15513 3720
1082 2176 2045 542 15511 3726
1081 2175 2043 535 15564 3704
1077 2172 2040 560 15535 3716
1079 2170 2038 633 15514 3718
1077 2168 2036 687 15597 3665
1075 2169 2033 548 15532 3667
1076 2167 2030 424 15517 3685
1073 2168 2030 542 15600 3665
1073 2166 2025 621 15581 3664
1072 2164 2024 614 15549 3682
1069 2164 2019 590 15523 3667
1070 2160 2018 545 15510 3643
1068 2161 2018 532 15531 3628
1069 2159 2015 554 15543 3626
1065 2159 2013 571 15534 3651
1067 2156 2010 558 15528 3667
1066 2155 2010 524 15532 3647
1066 2156 2004 581 15574 3651
1068 2157 2006 652 15563 3645
1068 2158 2007 551 15546 3603
1065 2157 2003 499 15561 3615
1063 2153 2003 569 15552 3630
1064 2154 2000 583 15524 3639
1064 2152 1999 550 15496 3642
1061 2152 1999 508 15538 3606
1061 2152 1998 484 15569 3585
1064 2150 1995 509 15560 3605
1060 2149 1995 548 15577 3607
1060 2147 1994 517 15587 3616
1059 2146 1993 507 15588 3612
1060 2147 1992 513 15581 3605
1060 2146 1991 519 15568 3614
1057 2146 1991 526 15553 3619
1060 2144 1988 528 15560 3617
1057 2144 1989 521 15563 3612
1058 2145 1990 512 15569 3602
1059 2145 1989 527 15589 3600
1059 2146 1990 546 15580 3607
1060 2147 1992 548 15567 3615
1062 2148 1992 531 15562 3606
1058 2145 1990 499 15556 3609
1058 2144 1991 504 15566 3620
1059 2143 1990 512 15621 3606
1059 2145 1992 512 15523 3636
1057 2145 1990 559 15469 3630
1061 2145 1993 630 15635 3561
1059 2146 1992 547 15599 3556
1061 2149 1991 388 15516 3604
1060 2146 1991 460 15592 3612
1058 2148 1990 576 15599 3598
1060 2149 1990 572 15558 3603
1061 2149 1992 560 15559 3569
1062 2148 1992 542 15539 3549
1061 2149 1994 535 15517 3565
1063 2150 1992 540 15540 3575
1064 2148 1993 536 15559 3583
1063 2151 1994 519 15574 3593
1065 2152 1993 496 15575 3581
1065 2152 1995 560 15635 3582
1064 2154 1998 613 15617 3588
1065 2155 1998 516 15571 3559
1065 2153 1995 462 15601 3552
1065 2155 1995 524 15596 3568
1065 2154 1995 557 15570 3588
1065 2155 1994 531 15544 3594
1065 2153 1997 487 15577 3565
1064 2155 1995 479 15600 3544
1064 2154 1996 525 15605 3538
1064 2155 1996 505 15616 3533
1064 2154 1994 502 15587 3551
1065 2154 1996 516 15567 3566
1064 2157 1994 524 15567 3557
1064 2156 1996 511 15579 3564
1065 2157 1998 484 15582 3576
1066 2158 1997 485 15585 3566
1065 2159 1999 505 15580 3564
1065 2160 1997 479 15600 3544
1067 2158 2001 525 15605 3538
1067 2163 2002 505 15616 3533
1067 2161 2004 502 15587 3551
1066 2163 2006 516 15567 3566
1067 2163 2002 524 15567 3557
1067 2162 2003 511 15579 3564
1067 2164 2005 484 15582 3576
1067 2165 2005 485 15585 3566
1068 2165 2005 505 15580 3564
1066 2166 2009 532 15597 3547
1068 2167 2010 506 15582 3544
1068 2168 2010 503 15574 3546
1069 2169 2012 521 15622 3544
1069 2170 2012 507 15616 3539
1071 2171 2012 519 15538 3558
1069 2171 2015 581 15593 3535
1069 2171 2016 636 15648 3503
1071 2172 2017 477 15546 3531
1071 2173 2019 391 15551 3541
1071 2174 2018 504 15599 3530
1073 2173 2022 522 15569 3546
1073 2174 2021 543 15581 3550
1073 2175 2024 548 15590 3535
1073 2177 2024 527 15562 3540
1073 2177 2026 522 15560 3536
1073 2176 2025 512 15575 3534
1074 2176 2025 502 15576 3541
1073 2174 2025 495 15595 3549
1074 2177 2026 491 15591 3559
1075 2175 2025 593 15631 3554
1075 2174 2026 617 15622 3540
1075 2176 2027 476 15593 3528
1074 2175 2027 460 15633 3530
1077 2178 2027 548 15625 3537
1080 2179 2027 568 15584 3553
1075 2177 2028 535 15569 3545
1077 2177 2030 501 15595 3509
1077 2178 2030 503 15608 3516
1078 2180 2030 526 15604 3545
1078 2177 2033 532 15614 3536
1081 2182 2032 517 15613 3524
1079 2179 2034 506 15600 3541
1079 2180 2035 513 15607 3542
1080 2181 2034 519 15601 3547
1081 2179 2035 523 15585 3560
1080 2181 2034 517 15572 3557
1079 2181 2036 511 15576 3552
1079 2180 2035 518 15582 3561
1078 2181 2035 534 15579 3586
1079 2183 2036 551 15581 3574
1080 2184 2037 548 15593 3563
1079 2188 2038 545 15593 3560
1083 2191 2043 531 15588 3569
1081 2188 2040 513 15578 3577
1079 2188 2040 521 15597 3575
1080 2188 2040 508 15621 3558
1080 2188 2042 521 15573 3575
1081 2191 2043 586 15587 3579
1082 2189 2042 504 15556 3558
1084 2192 2044 425 15568 3561
1082 2192 2044 554 15632 3542
1082 2190 2045 585 15590 3561
1083 2192 2045 576 15576 3574
1083 2190 2044 547 15575 3553
1082 2192 2047 528 15555 3541
1083 2192 2047 551 15552 3536
1083 2192 2046 562 15557 3542
1082 2192 2046 569 15558 3547
1081 2193 2047 572 15567 3552
1081 2192 2047 539 15588 3548
1082 2193 2050 577 15622 3566
1083 2195 2052 653 15638 3567
1081 2194 2051 556 15629 3525
1082 2193 2048 480 15601 3553
1081 2193 2050 538 15593 3578
1083 2194 2050 561 15587 3579
1084 2194 2052 557 15562 3584
1083 2197 2053 527 15582 3551
1083 2197 2054 512 15587 3533
1084 2197 2057 537 15562 3552
1086 2198 2054 546 15564 3570
1085 2197 2058 498 15585 3580
1085 2198 2057 458 15584 3585
1086 2198 2058 476 15583 3575
1086 2198 2059 500 15581 3567
1086 2197 2059 505 15564 3566
1087 2199 2059 501 15553 3577
1086 2199 2058 509 15553 3587
1086 2198 2060 521 15548 3578
1088 2200 2058 514 15549 3569
1087 2197 2062 504 15561 3575
1087 2196 2062 506 15557 3592
1086 2197 2058 498 15559 3606
1086 2197 2059 468 15567 3608
1087 2196 2059 442 15556 3607
1086 2196 2057 458 15556 3603
1085 2197 2058 478 15567 3596
1086 2199 2060 474 15581 3597
1086 2198 2059 460 15545 3606
1085 2198 2057 460 15529 3617
1089 2196 2057 481 15597 3594
1088 2196 2056 469 15565 3604
1086 2195 2057 497 15518 3610
1086 2195 2056 545 15602 3588
1087 2195 2055 452 15558 3604
1088 2192 2052 335 15525 3623
1085 2190 2050 407 15588 3624
1085 2189 2047 503 15571 3634
1083 2188 2047 497 15552 3628
1083 2188 2045 475 15560 3608
1082 2184 2043 457 15544 3612
1080 2181 2039 475 15523 3622
1080 2183 2035 504 15531 3622
1077 2180 2031 499 15553 3631
1078 2177 2028 484 15576 3645
1075 2175 2028 487 15593 3652
1074 2174 2024 507 15569 3678
1072 2173 2023 575 15607 3655
1074 2170 2020 564 15623 3599
1072 2171 2015 437 15587 3602
1073 2170 2017 446 15600 3621
1075 2172 2013 523 15572 3631
1072 2168 2013 517 15531 3632
1069 2166 2012 487 15526 3605
1069 2165 2008 459 15567 3561
1069 2166 2008 463 15604 3555
1068 2166 2007 495 15591 3580
1069 2165 2007 498 15572 3588
1070 2168 2007 460 15579 3574
1070 2166 2006 433 15588 3572
1069 2163 2004 448 15596 3560
1067 2163 2002 484 15598 3555
1067 2161 2001 496 15585 3576
1064 2161 2001 480 15575 3590
1066 2160 2000 457 15571 3591
1064 2160 1999 439 15578 3584
1064 2159 1997 439 15592 3573
1063 2156 1995 468 15599 3580
1061 2156 1995 520 15543 3601
1064 2157 1994 483 15580 3582
1062 2156 1994 446 15615 3561
1063 2157 1996 450 15614 3558
1066 2159 1998 451 15586 3579
1062 2157 1993 443 15565 3602
1063 2160 1994 455 15570 3590
1064 2159 1995 456 15564 3565
1064 2161 1997 450 15567 3552
1064 2160 1997 458 15634 3528
1063 2159 1994 455 15611 3539
1063 2158 1995 492 15558 3550
1064 2162 1994 549 15671 3507
1065 2157 1994 484 15623 3513
1062 2156 1993 336 15539 3564
1062 2157 1989 383 15634 3556
1060 2153 1989 479 15648 3535
1059 2155 1986 458 15583 3558
1061 2153 1985 470 15570 3544
1062 2151 1985 480 15575 3516
1061 2153 1987 460 15546 3510
1062 2152 1984 450 15550 3503
1061 2154 1985 453 15561 3527
1062 2154 1984 471 15570 3551
1061 2153 1985 468 15612 3545
1061 2158 1987 452 15622 3577
1062 2154 1985 514 15640 3571
1064 2154 1984 482 15649 3509
1063 2154 1985 400 15616 3516
1063 2153 1983 456 15595 3554
1063 2155 1986 511 15554 3549
1062 2156 1985 455 15569 3531
1064 2155 1983 430 15609 3508
1063 2154 1985 439 15608 3527
1063 2154 1983 468 15607 3539
1065 2154 1983 468 15626 3528
1062 2153 1984 451 15621 3529
1062 2154 1982 459 15598 3538
1061 2153 1981 470 15597 3544
1061 2154 1979 459 15600 3561
1059 2153 1979 442 15616 3546
1060 2153 1981 441 15619 3535
1060 2154 1977 457 15606 3531
1060 2151 1982 460 15608 3524
1060 2152 1978 461 15626 3522
1058 2152 1977 464 15635 3516
1061 2153 1979 444 15620 3511
1059 2153 1977 442 15615 3524
1060 2155 1977 454 15612 3525
1057 2154 1978 450 15583 3513
1059 2156 1977 463 15578 3508
1061 2155 1977 473 15657 3484
1062 2153 1975 448 15607 3500
1062 2156 1974 479 15557 3509
1059 2154 1973 570 15695 3457
1059 2154 1973 497 15643 3466
1059 2154 1972 340 15574 3511
1057 2151 1972 402 15666 3494
1057 2152 1971 517 15670 3477
1058 2151 1967 516 15602 3505
1057 2149 1964 505 15599 3495
1054 2147 1963 490 15600 3473
1053 2146 1963 503 15574 3469
1050 2143 1958 524 15607 3453
1050 2143 1956 500 15634 3470
1049 2139 1955 510 15653 3497
1047 2137 1953 540 15695 3477
1047 2133 1950 563 15701 3494
1044 2132 1947 640 15688 3503
1043 2133 1944 484 15617 3347
1043 2128 1943 605 15664 3355
1044 2128 1938 746 15689 3313
1044 2128 1937 702 15621 3341
1039 2123 1934 656 15603 3333
1038 2123 1932 697 15671 3246
1039 2120 1931 736 15700 3212
1039 2120 1924 740 15707 3215
1037 2119 1924 742 15723 3196
1034 2115 1920 756 15673 3181
1036 2117 1919 803 15639 3163
1035 2113 1918 849 15669 3176
1034 2116 1915 847 15717 3210
1033 2111 1915 881 15784 3186
1033 2113 1914 912 15755 3176
1035 2110 1916 896 15671 3228
1033 2112 1917 905 15684 3233
1034 2114 1915 896 15669 3188
1034 2111 1915 759 15498 3230
1033 2111 1914 1062 15784 3098
1033 2109 1912 1093 15805 3035
1034 2111 1913 928 15761 2974
1035 2112 1912 961 15719 2928
1035 2112 1915 1129 15716 2950
1037 2115 1917 1131 15760 2937
1039 2116 1920 1061 15771 2896
1035 2114 1917 1169 15763 2906
1038 2114 1917 1270 15728 2849
1036 2116 1920 1104 15712 2780
1040 2117 1920 1061 15749 2774
1038 2116 1919 1241 15770 2758
1037 2116 1920 1280 15777 2746
1036 2116 1920 1273 15737 2745
1037 2114 1917 1312 15700 2739
1034 2112 1911 1373 15704 2726
1034 2110 1911 1432 15708 2695
1031 2110 1907 1431 15700 2685
1030 2107 1904 1412 15642 2694
1029 2106 1905 1440 15624 2651
1029 2104 1901 1423 15621 2553
1029 2104 1900 1405 15626 2538
1029 2103 1896 1523 15648 2450
1028 2099 1895 1468 15642 2343
1027 2103 1895 1368 15638 2483
1028 2101 1896 1499 15694 2519
1027 2105 1899 1512 15665 2461
1028 2106 1899 1426 15494 2526
1030 2106 1900 1393 15317 2525
1027 2106 1902 1391 15267 2482
1028 2101 1896 1449 15864 2745
1026 2102 1895 1358 16090 2815
1025 2099 1893 1326 16052 2789
1024 2097 1891 1373 15834 2816
1019 2092 1886 1350 15707 2839
1019 2086 1883 1354 15764 2854
1015 2085 1881 1441 15959 2856
1016 2080 1878 1489 16116 2798
1015 2079 1874 1524 16110 2743
1011 2077 1869 1615 15986 2680
1011 2075 1868 1679 15675 2543
1011 2075 1866 1594 15262 2375
1013 2076 1865 1416 15136 2222
1016 2087 1868 1380 15237 2160
1015 2091 1868 1434 15337 2179
1016 2093 1872 1467 15545 2219
1017 2094 1872 1588 15812 2119
1018 2094 1872 1695 15901 1938
1017 2094 1873 1790 15813 1882
1020 2095 1874 1876 15666 1765
1019 2095 1874 1560 15520 1975
1019 2097 1873 1259 15595 2219
1019 2096 1874 1344 15745 2162
1019 2096 1875 1491 15828 2294
1019 2098 1875 1553 15783 2529
1020 2096 1871 1546 15794 2512
1019 2096 1871 1476 15941 2256
1019 2096 1869 1284 15875 2190
1018 2095 1867 1230 15740 2338
1018 2094 1864 1358 15750 2495
1017 2092 1865 1328 15755 2578
1016 2090 1864 1230 15688 2475
1017 2088 1863 1265 15616 2327
1014 2089 1862 1258 15529 2401
1020 2093 1864 1214 15442 2482
1022 2095 1870 1185 15456 2408
1029 2101 1877 1125 15691 2300
1028 2103 1881 1153 15987 2440
1029 2108 1886 1221 16037 2849
1031 2111 1891 1227 15915 3054
1033 2113 1897 736 15792 2733
1036 2118 1902 504 15671 3132
1037 2122 1906 377 15716 3326
1039 2122 1905 428 15881 3155
1040 2126 1911 520 15798 3057
1042 2131 1916 581 15649 3101
1043 2133 1921 587 15692 3047
1044 2136 1927 562 15749 3062
1047 2140 1930 538 15782 3162
1049 2143 1935 594 15737 3098
1051 2148 1940 601 15707 3118
1054 2150 1944 576 15709 3138
1054 2154 1950 550 15702 3164
1054 2157 1955 554 15694 3190
1060 2161 1959 560 15770 3145
1061 2166 1965 554 15702 3164
1062 2166 1967 566 15621 3209
1064 2169 1972 619 15735 3138
1068 2175 1977 524 15655 3131
1068 2176 1980 424 15587 3137
1068 2176 1984 540 15699 3075
1068 2178 1987 597 15726 3080
1071 2182 1991 563 15690 3154
1070 2183 1993 572 15669 3155
1072 2184 1998 596 15658 3124
1071 2186 1998 582 15644 3115
1076 2188 2005 581 15675 3078
1075 2191 2008 602 15699 3065
1075 2191 2010 598 15698 3098
1077 2192 2012 575 15710 3086
1077 2193 2013 633 15738 3109
1079 2195 2017 720 15738 3146
1078 2194 2019 629 15724 3101
1079 2196 2023 553 15716 3129
1081 2198 2023 624 15719 3157
1082 2200 2025 651 15695 3139
1082 2197 2025 619 15641 3144
1081 2199 2026 584 15649 3136
1083 2199 2030 560 15680 3137
1083 2199 2029 665 15669 3092
1084 2201 2032 660 15692 3111
1085 2204 2035 620 15689 3149
1087 2204 2036 610 15690 3159
1085 2201 2032 641 15708 3163
1084 2201 2034 658 15698 3166
1086 2203 2037 646 15676 3138
1086 2202 2038 624 15680 3137
1085 2203 2038 629 15697 3157
1088 2204 2040 682 15661 3126
1088 2207 2042 687 15699 3131
1090 2207 2043 645 15724 3152
1091 2208 2043 670 15693 3181
1091 2209 2044 727 15738 3171
1090 2208 2043 786 15780 3139
1089 2210 2046 657 15682 3158
1092 2211 2046 547 15662 3170
1091 2208 2047 658 15727 3156
1093 2211 2046 703 15714 3171
1093 2211 2048 722 15704 3172
1092 2212 2048 713 15682 3173
1092 2212 2048 674 15656 3182
1093 2212 2050 660 15659 3171
1093 2213 2052 674 15656 3178
1093 2210 2050 680 15659 3202
1093 2210 2051 646 15682 3227
1092 2212 2052 628 15672 3247
1093 2213 2052 745 15735 3229
1092 2211 2050 769 15744 3192
1092 2213 2054 662 15677 3179
1093 2212 2052 662 15703 3178
1093 2212 2052 680 15713 3188
1092 2213 2052 673 15670 3211
1092 2212 2052 667 15662 3219
1092 2213 2054 649 15707 3204
1093 2214 2052 641 15719 3207
1094 2213 2052 647 15701 3220
1093 2213 2054 642 15687 3211
1093 2215 2054 641 15678 3211
1095 2216 2054 671 15668 3203
1093 2215 2055 674 15675 3204
1095 2216 2055 638 15675 3233
1093 2218 2057 616 15663 3246
1095 2216 2056 621 15671 3250
1094 2216 2058 636 15685 3252
1094 2216 2060 639 15691 3248
1094 2215 2059 646 15693 3246
1094 2216 2057 647 15700 3247
1095 2215 2059 628 15695 3253
1091 2216 2060 682 15733 3203
1092 2217 2058 675 15721 3216
1094 2219 2061 699 15657 3231
1092 2218 2060 736 15732 3198
1093 2219 2060 705 15736 3197
1092 2217 2059 553 15665 3219
1093 2218 2061 553 15695 3216
1096 2218 2061 680 15712 3227
1096 2218 2061 674 15674 3251
1096 2218 2063 666 15662 3167
1093 2217 2060 661 15646 3180
1095 2218 2063 660 15659 3200
1094 2217 2063 661 15662 3206
1092 2220 2063 666 15663 3200
1097 2218 2064 641 15690 3172
1094 2218 2063 648 15691 3196
1095 2219 2064 747 15731 3187
1094 2219 2063 709 15740 3144
1094 2219 2063 604 15682 3163
1095 2218 2065 637 15697 3162
1095 2219 2064 667 15711 3160
1094 2217 2064 664 15674 3184
1093 2215 2063 638 15660 3175
1094 2215 2060 611 15696 3160
1092 2214 2058 622 15716 3177
1091 2213 2058 635 15718 3194
1094 2212 2057 618 15730 3195
1094 2213 2055 587 15719 3198
1091 2208 2053 578 15683 3199
1091 2206 2050 604 15665 3178
1090 2206 2047 625 15674 3166
1089 2204 2045 616 15692 3180
1090 2205 2045 600 15703 3173
1089 2204 2042 586 15701 3166
1087 2202 2040 583 15697 3180
1086 2200 2039 594 15702 3194
1086 2197 2038 603 15700 3199
1085 2196 2035 611 15705 3200
1086 2198 2032 608 15710 3207
1086 2197 2031 564 15685 3170
1087 2196 2028 573 15705 3147
1083 2195 2027 586 15724 3137
1082 2194 2026 625 15677 3188
1084 2195 2025 677 15683 3208
1082 2196 2026 715 15709 3176
1084 2195 2022 549 15654 3183
1084 2196 2024 426 15699 3191
1083 2195 2020 560 15771 3182
1081 2191 2015 654 15721 3186
1079 2192 2019 682 15679 3169
1080 2190 2015 658 15669 3133
1079 2189 2014 589 15647 3137
1079 2190 2011 555 15651 3137
1079 2188 2012 582 15669 3147
1078 2190 2011 610 15664 3178
1078 2188 2007 601 15664 3202
1078 2190 2008 575 15683 3189
1076 2188 2008 619 15753 3149
1076 2189 2006 631 15746 3109
1077 2188 2006 553 15694 3079
1077 2186 2003 570 15703 3106
1077 2188 2004 632 15693 3139
1075 2189 2005 617 15660 3163
1076 2188 2004 561 15657 3151
1075 2189 2006 514 15703 3085
1077 2188 2003 523 15717 3084
1076 2185 2001 571 15701 3130
1074 2185 2002 586 15696 3136
1075 2186 2001 556 15694 3109
1072 2184 2000 564 15684 3093
1074 2184 1999 575 15705 3114
1072 2184 2001 572 15687 3141
1072 2186 2000 569 15685 3144
1074 2184 1998 549 15682 3141
1071 2183 2000 534 15672 3148
1074 2184 1998 546 15671 3155
1073 2183 1999 571 15685 3154
1074 2184 2000 577 15706 3143
1074 2183 1999 584 15707 3100
1072 2183 1998 574 15706 3110
1074 2184 2000 575 15682 3129
1074 2185 1999 568 15717 3124
1073 2186 2001 564 15680 3146
1075 2187 2005 601 15633 3153
1074 2187 2005 674 15768 3076
1076 2190 2006 636 15744 3065
1076 2190 2004 454 15657 3128
1077 2189 2005 650 15741 3126
1076 2190 2006 636 15701 3136
1076 2190 2004 620 15695 3114
1077 2190 2006 609 15669 3098
1075 2189 2006 612 15647 3111
1077 2189 2006 619 15660 3112
1075 2189 2005 600 15668 3124
1078 2190 2003 588 15688 3135
1077 2187 2005 569 15713 3111
1074 2189 2004 614 15735 3135
1077 2189 2006 716 15723 3133
1077 2189 2006 636 15703 3061
1077 2191 2006 526 15694 3077
1078 2188 2006 584 15699 3111
1078 2190 2005 627 15691 3130
1078 2190 2006 614 15653 3148
1078 2190 2006 578 15673 3099
1077 2190 2005 554 15719 3064
1078 2192 2006 564 15719 3080
1079 2192 2007 577 15716 3089
1080 2192 2007 582 15729 3067
1078 2193 2007 581 15704 3071
1079 2190 2007 573 15688 3106
1078 2191 2008 574 15697 3110
1080 2192 2008 578 15694 3118
1080 2192 2008 567 15693 3126
1080 2194 2008 560 15697 3118
1081 2194 2007 564 15699 3127
1079 2192 2008 573 15706 3127
1078 2193 2007 568 15718 3118
1080 2192 2007 599 15701 3085
1077 2192 2007 577 15690 3109
1080 2193 2006 584 15705 3102
1080 2194 2008 593 15774 3068
1079 2194 2007 578 15709 3109
1079 2194 2008 606 15659 3127
1079 2194 2008 703 15796 3068
1079 2195 2010 638 15730 3079
1081 2199 2011 469 15661 3106
1082 2199 2012 674 15729 3053
1081 2199 2012 658 15699 3077
1080 2200 2012 626 15703 3069
1082 2199 2015 595 15688 3054
1081 2201 2015 600 15678 3054
1082 2200 2016 618 15685 3047
1083 2203 2017 617 15677 3067
1083 2204 2019 606 15684 3076
1080 2198 2014 582 15715 3057
1078 2199 2016 610 15726 3084
1081 2201 2017 722 15740 3050
1079 2202 2017 672 15737 2983
1078 2198 2017 544 15699 3048
1082 2203 2019 586 15712 3074
1081 2203 2021 638 15716 3064
1082 2202 2018 636 15684 3090
1082 2203 2018 602 15700 3068
1081 2204 2021 581 15739 3045
1082 2203 2021 616 15735 3062
1082 2206 2020 628 15714 3074
1085 2202 2023 593 15713 3046
1083 2203 2022 562 15707 3045
1084 2203 2025 572 15695 3071
1084 2205 2026 608 15698 3067
1085 2205 2027 618 15699 3071
1084 2204 2028 605 15688 3074
1083 2208 2029 590 15696 3064
1084 2205 2030 587 15709 3063
1085 2204 2028 595 15707 3069
1085 2207 2029 606 15704 3071
1085 2205 2030 627 15701 3049
1086 2206 2029 647 15708 3043
1087 2207 2034 660 15727 3064
1085 2206 2034 657 15731 3072
1087 2207 2032 639 15715 3069
1087 2207 2033 603 15691 3068
1088 2209 2033 582 15676 3078
1090 2208 2036 607 15715 3071
1089 2208 2034 623 15756 3050
1090 2209 2036 640 15700 3102
1090 2212 2037 724 15732 3030
1091 2212 2039 567 15671 3035
1093 2214 2040 507 15699 3062
1092 2216 2042 656 15759 3069
1093 2215 2044 678 15710 3090
1092 2215 2046 652 15697 3091
1093 2215 2043 627 15702 3085
1094 2216 2043 622 15684 3088
1094 2217 2046 650 15679 3102
1094 2217 2043 669 15660 3130
1092 2218 2047 663 15659 3122
1092 2219 2046 626 15691 3114
1092 2219 2047 592 15714 3100
1092 2219 2046 659 15742 3127
1094 2219 2046 760 15748 3142
1096 2219 2046 665 15735 3080
1093 2221 2047 554 15711 3112
1094 2222 2050 600 15702 3139
1096 2223 2049 642 15681 3151
1094 2221 2047 638 15637 3170
1093 2223 2051 604 15653 3108
1096 2222 2051 581 15690 3074
1096 2224 2054 607 15693 3103
1094 2225 2051 637 15691 3133
1095 2223 2054 622 15700 3146
1095 2224 2055 589 15680 3159
1097 2224 2054 574 15663 3151
1097 2226 2054 583 15666 3136
1095 2226 2057 597 15660 3147
1095 2223 2057 614 15662 3145
1095 2227 2057 619 15683 3132
1096 2224 2059 605 15693 3150
1096 2226 2056 593 15688 3161
1099 2226 2057 583 15693 3155
1096 2225 2058 575 15699 3161
1094 2224 2058 563 15703 3173
1095 2224 2059 560 15703 3190
1093 2223 2059 569 15694 3199
1093 2223 2058 583 15688 3189
1095 2226 2059 595 15684 3166
1094 2225 2059 599 15674 3146
1095 2223 2060 590 15677 3157
1095 2223 2060 571 15668 3176
1094 2223 2062 563 15654 3182
1097 2225 2062 581 15688 3174
1096 2224 2063 578 15732 3165
1097 2224 2064 576 15680 3195
1098 2226 2063 619 15663 3193
1095 2224 2064 675 15739 3139
1098 2227 2065 554 15695 3138
1098 2230 2066 592 15709 3116
1097 2228 2068 627 15686 3161
1100 2232 2067 616 15679 3181
1100 2227 2067 592 15673 3158
1098 2226 2064 578 15658 3136
1098 2228 2068 605 15662 3133
1097 2227 2066 621 15669 3139
1097 2228 2065 615 15671 3147
1098 2227 2068 597 15689 3148
1098 2225 2066 583 15705 3121
1098 2228 2066 617 15692 3141
1098 2226 2066 719 15740 3141
1097 2226 2065 673 15735 3117
1099 2226 2065 548 15673 3155
1098 2227 2066 579 15702 3157
1100 2225 2065 627 15710 3153
1099 2224 2064 634 15680 3167
1100 2226 2066 604 15678 3152
1100 2225 2063 572 15701 3140
1098 2226 2064 597 15693 3158
1101 2226 2064 617 15675 3153
1098 2221 2062 593 15697 3128
1099 2222 2060 567 15695 3139
1098 2221 2059 575 15680 3164
1097 2218 2055 597 15688 3160
1096 2215 2052 580 15696 3151
1094 2215 2053 557 15705 3151
1095 2215 2049 572 15711 3137
1093 2213 2047 586 15714 3149
1090 2211 2041 598 15706 3169
1091 2210 2041 621 15692 3142
1090 2210 2039 611 15681 3118
1089 2208 2036 568 15691 3123
1089 2208 2038 543 15708 3130
1088 2207 2035 558 15706 3141
1087 2206 2031 583 15695 3177
1085 2205 2030 586 15672 3213
1087 2205 2030 581 15669 3207
1087 2204 2030 565 15689 3162
1085 2203 2027 544 15683 3138
1086 2204 2028 559 15667 3134
1085 2204 2023 539 15660 3155
1086 2201 2024 547 15704 3165
1084 2203 2024 557 15765 3134
1084 2203 2021 566 15714 3154
1083 2202 2021 609 15726 3143
1083 2202 2019 683 15785 3096
1083 2201 2020 558 15682 3143
1083 2202 2019 452 15684 3163
1083 2203 2019 544 15683 3138
1085 2201 2020 559 15667 3134
1082 2202 2016 539 15660 3155
1080 2201 2015 547 15704 3165
1081 2201 2015 557 15765 3134
1080 2200 2014 566 15714 3154
1079 2199 2014 609 15726 3143
1081 2197 2013 683 15785 3096
1081 2196 2013 558 15682 3143
1078 2196 2010 452 15684 3163
1079 2197 2009 604 15716 3099
1079 2195 2010 592 15689 3125
1076 2196 2010 601 15687 3114
1077 2197 2011 589 15662 3118
1077 2195 2009 574 15661 3119
1078 2195 2007 568 15698 3105
1076 2194 2007 570 15706 3120
1076 2193 2006 588 15707 3136
1077 2192 2006 582 15713 3118
1078 2194 2004 612 15729 3141
1077 2192 2003 686 15728 3133
1077 2193 2004 602 15714 3060
1078 2193 2001 524 15709 3083
1077 2192 2001 607 15718 3129
1074 2191 2000 635 15711 3142
1075 2188 1999 591 15671 3139
1075 2188 1996 544 15692 3085
1075 2189 1996 529 15737 3064
1074 2187 1996 557 15733 3096
1075 2190 1996 576 15714 3096
1075 2186 1994 577 15708 3067
1074 2187 1995 572 15684 3065
1073 2186 1994 560 15682 3075
1075 2186 1994 563 15711 3072
1076 2187 1994 574 15710 3101
1075 2187 1994 579 15685 3125
1074 2185 1993 552 15684 3104
1074 2186 1992 536 15689 3091
1075 2187 1993 555 15694 3094
1074 2185 1992 579 15711 3089
1077 2187 1990 606 15706 3079
1075 2188 1992 600 15703 3077
1079 2190 1994 571 15711 3080
1076 2189 1990 577 15716 3083
1073 2187 1990 588 15708 3089
1073 2187 1989 577 15693 3099
1073 2188 1986 570 15692 3106
1072 2186 1984 571 15740 3072
1073 2188 1986 564 15703 3075
1072 2190 1982 602 15664 3068
1071 2186 1983 654 15747 3001
1070 2186 1980 484 15671 3065
1070 2184 1979 497 15751 3053
1072 2185 1979 640 15761 3042
1070 2184 1978 642 15702 3075
1071 2185 1979 640 15708 3051
1071 2186 1977 631 15696 3022
1070 2182 1975 605 15653 3039
1068 2184 1972 606 15667 3032
1069 2179 1970 668 15700 3028
1066 2178 1968 662 15741 3017
1063 2177 1964 654 15771 3039
1063 2177 1963 760 15799 3059
1060 2172 1956 748 15813 3004
1062 2170 1954 631 15851 2993
1056 2167 1948 673 15910 3004
1055 2161 1945 751 15908 2921
1055 2159 1941 826 15832 2913
1051 2157 1937 937 15789 2942
1051 2155 1936 993 15814 2876
1049 2152 1933 988 15816 2798
1048 2152 1930 939 15765 2782
1046 2147 1927 931 15772 2717
1046 2146 1925 1051 15781 2592
1045 2144 1922 1153 15695 2562
1043 2145 1920 1099 15622 2552
1044 2141 1920 1031 15603 2535
1044 2141 1916 1058 15626 2524
1042 2139 1914 1103 15674 2472
1040 2135 1913 1128 15715 2405
1042 2136 1910 1165 15701 2423
1042 2135 1914 1203 15726 2460
1040 2133 1911 1166 15793 2412
1040 2138 1910 1139 15786 2409
1042 2138 1914 1214 15745 2450
1043 2142 1916 1229 15781 2378
1047 2144 1920 1204 15852 2356
1047 2146 1922 1174 15866 2442
1046 2148 1922 1129 15824 2480
1045 2143 1922 1203 15865 2445
1044 2145 1921 1340 15893 2402
1045 2143 1921 1258 15851 2367
1046 2143 1919 1207 15888 2308
1048 2143 1920 1336 15937 2224
1044 2139 1918 1212 15891 2210
1044 2142 1918 1154 15764 2195
1045 2141 1916 1343 15711 2152
1044 2141 1917 1419 15680 2213
1046 2140 1916 1421 15649 2187
1044 2140 1915 1446 15754 2119
1045 2139 1915 1414 15821 2139
1044 2137 1913 1437 15887 2088
1041 2138 1911 1494 15901 2111
1043 2136 1909 1589 15810 2177
1041 2135 1910 1480 15750 2100
1041 2136 1906 1306 15726 2079
1042 2135 1907 1365 15645 2163
1040 2135 1907 1409 15628 2173
1038 2133 1904 1402 15622 2222
1038 2131 1902 1407 15615 2280
1038 2129 1899 1359 15638 2229
1036 2125 1900 1311 15609 2231
1036 2127 1896 1358 15625 2322
1035 2124 1892 1425 15911 2376
1031 2120 1891 1493 16276 2323
1030 2120 1888 1575 16284 2251
1030 2122 1887 1597 15955 2303
1029 2122 1885 1550 15747 2277
1030 2124 1885 1420 15730 2098
1033 2132 1888 1387 15629 1999
1034 2132 1887 1455 15423 1977
1034 2133 1890 1428 15378 1948
1036 2132 1892 1348 15546 1949
1035 2135 1893 1399 15715 1954
1035 2138 1892 1550 15830 1856
1038 2137 1892 1555 15922 1682
1036 2138 1894 1473 15859 1596
1035 2137 1891 1526 15520 1648
1036 2137 1892 1424 15699 1681
1036 2139 1894 1299 15801 1838
1036 2138 1892 1473 15580 1986
1035 2139 1891 1775 15781 2002
1036 2139 1893 1667 15863 2146
1038 2141 1894 1146 15925 2067
1033 2136 1887 994 16012 1816
1034 2133 1887 1187 15971 1854
1033 2132 1886 1344 15840 2182
1032 2131 1886 1422 15755 2312
1030 2129 1884 1349 15775 2076
1033 2131 1884 1228 15625 2030
1033 2133 1888 1343 15506 2137
1036 2137 1890 1227 15510 2125
1040 2140 1899 968 15558 2022
1042 2146 1907 845 15670 2066
1046 2150 1912 946 15871 2266
1047 2156 1918 1073 16065 2552
1050 2159 1923 1065 16054 2823
1053 2161 1930 882 15959 2731
1055 2163 1932 750 15876 2549
1055 2166 1935 722 15799 2579
1056 2166 1939 611 15769 2751
1058 2170 1944 483 15853 2945
1062 2174 1949 417 15892 3058
1062 2178 1955 426 15832 3047
1065 2180 1956 418 15785 2982
1065 2181 1961 376 15774 2959
1069 2184 1965 423 15792 2957
1072 2187 1970 477 15817 2927
1073 2191 1977 456 15819 2875
1076 2194 1979 475 15797 2891
1076 2199 1986 503 15756 2916
1079 2200 1989 507 15734 2926
1081 2204 1995 495 15737 2937
1081 2207 1996 458 15723 2963
1083 2209 1998 433 15693 2990
1084 2210 2000 439 15701 3003
1086 2213 2002 437 15783 2957
1087 2212 2006 437 15745 2992
1088 2215 2008 461 15685 3021
1087 2215 2010 555 15789 2906
1088 2219 2012 515 15719 2896
1088 2218 2014 349 15639 2966
1089 2220 2015 402 15745 2985
1088 2220 2015 471 15767 2997
1089 2221 2018 441 15732 3013
1089 2222 2022 450 15727 2998
1090 2224 2019 464 15710 3005
1090 2224 2021 462 15695 3024
1091 2227 2021 452 15709 3020
1092 2226 2025 435 15686 3030
1091 2229 2025 381 15728 3030
1093 2228 2026 409 15736 3081
1092 2231 2030 518 15743 3102
1094 2233 2031 450 15761 3043
1095 2232 2033 347 15744 3079
1094 2234 2034 404 15779 3108
1098 2233 2035 438 15791 3100
1098 2236 2039 425 15733 3123
1096 2237 2039 411 15732 3089
1097 2236 2042 384 15735 3044
1098 2237 2042 380 15719 3064
1097 2239 2047 398 15732 3109
1099 2240 2049 400 15751 3115
1100 2241 2051 388 15739 3111
1101 2242 2053 378 15719 3120
1097 2242 2055 383 15714 3137
1101 2244 2056 391 15730 3140
1102 2246 2059 406 15736 3118
1102 2248 2059 416 15717 3100
1102 2247 2062 422 15703 3074
1103 2250 2063 405 15683 3077
1105 2251 2067 399 15671 3107
1104 2251 2066 438 15701 3096
1106 2252 2070 446 15757 3060
1107 2252 2070 447 15713 3096
1107 2256 2072 468 15657 3111
1108 2254 2074 548 15765 3037
1111 2257 2075 510 15742 3020
1107 2255 2077 369 15676 3037
1107 2253 2077 430 15735 3026
1108 2254 2076 528 15730 3036
1107 2256 2079 535 15710 3062
1107 2255 2079 522 15701 3056
1110 2256 2080 510 15674 3039
1109 2256 2082 516 15664 3054
1110 2255 2081 530 15666 3083
1109 2256 2083 524 15678 3099
1109 2257 2083 501 15709 3105
1110 2257 2084 472 15724 3083
1110 2257 2086 641 15722 3091
1111 2257 2085 533 15717 3040
1110 2256 2086 460 15720 3071
1113 2257 2087 508 15719 3098
1113 2257 2088 518 15707 3100
1113 2260 2092 535 15680 3105
1116 2262 2092 525 15693 3061
1117 2262 2094 506 15722 3040
1116 2262 2090 523 15720 3068
1114 2263 2093 543 15712 3081
1115 2262 2095 530 15706 3072
1113 2262 2094 514 15694 3095
1114 2263 2096 514 15708 3116
1116 2262 2096 523 15720 3122
1117 2263 2099 523 15695 3139
1115 2264 2097 519 15671 3140
1116 2263 2098 524 15677 3127
1115 2263 2101 515 15691 3117
1115 2263 2098 519 15698 3120
1115 2265 2101 527 15703 3115
1116 2265 2100 527 15695 3103
1116 2265 2100 527 15693 3115
1117 2267 2102 509 15689 3136
1116 2268 2103 515 15689 3147
1117 2268 2103 528 15725 3133
1117 2271 2104 511 15735 3131
1117 2270 2105 539 15692 3159
1117 2271 2106 581 15709 3147
1117 2268 2103 625 15763 3107
1117 2269 2102 503 15715 3114
1116 2267 2101 421 15694 3116
1116 2265 2099 528 15707 3115
1114 2262 2096 552 15674 3147
1114 2261 2097 546 15683 3153
1112 2260 2094 524 15683 3132
1111 2258 2090 516 15667 3121
1110 2256 2088 540 15676 3115
1109 2253 2084 554 15687 3132
1107 2253 2082 540 15697 3153
1106 2250 2079 506 15707 3156
1105 2248 2077 569 15748 3130
1106 2247 2074 596 15731 3142
1102 2244 2072 493 15681 3125
1102 2242 2069 455 15703 3123
1102 2241 2066 503 15722 3129
1101 2241 2064 528 15715 3143
1102 2238 2065 518 15698 3160
1101 2239 2061 463 15727 3119
1101 2236 2057 450 15747 3089
1100 2235 2055 476 15729 3095
1098 2233 2056 492 15713 3101
1099 2233 2053 475 15712 3116
1100 2233 2050 435 15705 3128
1097 2232 2051 420 15714 3119
1096 2230 2048 432 15726 3103
1097 2228 2046 455 15710 3120
1096 2227 2044 464 15703 3142
1098 2228 2041 456 15700 3154
1095 2224 2041 444 15704 3166
1095 2226 2039 424 15717 3144
1095 2224 2040 427 15726 3107
1095 2224 2035 447 15735 3113
1094 2224 2037 471 15739 3124
1094 2223 2036 471 15726 3122
1093 2226 2036 447 15721 3124
1095 2226 2037 411 15721 3115
1093 2225 2038 382 15698 3120
1095 2227 2037 411 15694 3139
1096 2228 2036 440 15755 3130
1096 2227 2035 418 15720 3146
1095 2226 2035 450 15645 3128
1092 2225 2036 524 15754 3038
1097 2226 2035 472 15738 3036
1095 2226 2035 303 15664 3095
1098 2228 2033 336 15737 3100
1095 2227 2033 489 15747 3084
1093 2225 2032 491 15718 3109
1094 2226 2031 474 15728 3102
1093 2226 2032 465 15705 3096
1094 2226 2032 458 15672 3115
1095 2227 2033 464 15707 3068
1093 2224 2030 459 15705 3101
1092 2225 2027 435 15711 3094
1092 2224 2030 463 15723 3129
1091 2224 2027 539 15734 3124
1093 2224 2028 467 15733 3036
1093 2224 2025 386 15721 3055
1091 2224 2026 452 15733 3100
1091 2223 2026 513 15726 3110
1092 2225 2026 455 15706 3050
1091 2226 2027 431 15743 3005
1092 2225 2027 456 15730 3043
1093 2228 2029 476 15714 3087
1096 2230 2030 449 15727 3068
1094 2227 2029 422 15729 3053
1092 2228 2028 449 15716 3066
1090 2228 2029 493 15724 3069
1092 2227 2031 481 15718 3091
1091 2228 2029 445 15695 3094
1092 2227 2030 427 15693 3055
1093 2228 2030 435 15694 3043
1093 2229 2030 459 15698 3067
1093 2228 2031 477 15712 3078
1093 2229 2032 468 15703 3068
1094 2230 2033 436 15702 3060
1092 2233 2037 443 15734 3051
1095 2233 2037 469 15793 3020
1096 2233 2038 477 15704 3078
1095 2234 2038 510 15655 3066
1096 2233 2040 582 15771 2960
1095 2237 2041 513 15724 2954
1095 2235 2045 352 15673 3001
1099 2238 2046 412 15736 3039
1099 2240 2048 521 15741 3047
1098 2237 2048 508 15722 3059
1098 2238 2045 494 15720 3053
1099 2237 2047 497 15696 3056
1098 2238 2049 497 15699 3057
1098 2239 2049 491 15713 3038
1100 2240 2053 495 15691 3017
1099 2241 2052 509 15684 3017
1101 2240 2052 490 15717 3014
1100 2239 2053 517 15752 3060
1101 2242 2052 606 15747 3071
1101 2239 2054 515 15738 2996
1102 2243 2055 400 15715 3013
1102 2240 2057 482 15710 3042
1101 2242 2057 573 15715 3035
1103 2243 2057 572 15690 3042
1103 2243 2059 465 15734 2937
1106 2244 2060 479 15733 2982
1106 2247 2062 516 15721 3021
1105 2246 2065 516 15734 3018
1105 2245 2064 485 15745 3025
1107 2248 2063 472 15746 3031
1109 2249 2065 497 15740 3029
1109 2248 2065 509 15725 3038
1106 2250 2066 493 15712 3041
1109 2249 2068 499 15708 3029
1107 2250 2070 513 15704 3009
1108 2252 2069 503 15709 3011
1110 2252 2072 486 15726 3026
1108 2253 2073 466 15721 3043
1111 2256 2073 482 15707 3061
1110 2257 2076 510 15765 3051
1109 2257 2076 495 15759 3038
1109 2258 2078 524 15692 3045
1109 2259 2077 577 15749 3027
1111 2259 2078 593 15775 3009
1112 2258 2081 465 15704 3009
1111 2260 2078 415 15719 3019
1110 2260 2082 518 15744 3050
1110 2261 2079 530 15721 3088
1111 2262 2081 531 15735 3084
1111 2262 2080 534 15733 3050
1111 2261 2082 535 15710 3044
1110 2261 2083 552 15700 3056
1111 2261 2083 566 15692 3078
1111 2261 2083 553 15689 3088
1111 2262 2083 527 15707 3050
1112 2262 2084 598 15769 3054
1113 2266 2084 637 15766 3079
1110 2261 2085 524 15728 3066
1110 2260 2084 495 15737 3067
1109 2261 2083 564 15730 3074
1111 2262 2084 570 15708 3101
1108 2260 2085 542 15684 3115
1111 2261 2083 502 15698 3077
1111 2260 2085 544 15703 3053
1110 2260 2086 547 15702 3060
1110 2260 2085 520 15709 3071
1109 2259 2086 504 15690 3098
1110 2262 2089 515 15695 3110
1112 2262 2089 529 15711 3113
1110 2262 2088 532 15693 3133
1110 2260 2088 522 15692 3132
1111 2262 2089 503 15707 3116
1112 2263 2090 538 15704 3081
1114 2263 2094 541 15727 3076
1116 2266 2094 523 15743 3085
1113 2261 2092 499 15733 3109
1111 2265 2094 474 15720 3135
1114 2264 2094 485 15714 3146
1113 2267 2096 496 15744 3120
1115 2268 2098 479 15710 3130
1116 2267 2100 502 15660 3149
1115 2269 2096 547 15709 3127
1116 2266 2097 559 15696 3109
1114 2266 2095 423 15674 3107
1113 2266 2096 392 15735 3125
1115 2265 2097 512 15743 3153
1116 2266 2097 519 15701 3181
1115 2267 2096 492 15702 3172
1115 2264 2095 481 15694 3150
1115 2266 2096 489 15670 3142
1115 2265 2097 512 15679 3141
1116 2267 2096 524 15689 3158
1116 2269 2100 460 15709 3159
1116 2268 2098 458 15727 3177
1118 2266 2095 543 15781 3171
1116 2265 2096 554 15759 3158
1116 2264 2094 439 15709 3144
1118 2266 2096 430 15739 3140
1116 2264 2095 482 15730 3161
1117 2265 2094 500 15698 3186
1115 2263 2095 490 15690 3174
1114 2263 2091 446 15713 3107
1114 2262 2093 466 15695 3141
1115 2261 2091 467 15705 3161
1113 2260 2089 447 15724 3168
1113 2262 2090 439 15704 3180
1113 2261 2088 450 15688 3179
1112 2259 2089 451 15697 3178
1112 2258 2084 433 15693 3194
1111 2257 2083 417 15686 3201
1110 2257 2082 428 15682 3152
1112 2254 2080 430 15708 3132
1111 2254 2079 430 15727 3140
1110 2253 2078 447 15712 3165
1110 2252 2079 459 15698 3176
1109 2253 2079 434 15720 3155
1108 2250 2072 408 15737 3138
1108 2251 2073 425 15730 3140
1106 2250 2072 433 15705 3155
1108 2248 2069 432 15675 3171
1106 2250 2069 441 15703 3155
1106 2248 2070 416 15732 3127
1105 2250 2069 429 15711 3138
1105 2250 2068 495 15764 3139
1104 2250 2069 554 15792 3129
1105 2249 2065 421 15686 3157
1107 2247 2066 314 15688 3167
1102 2247 2063 415 15764 3144
1102 2246 2064 473 15723 3145
1104 2246 2063 498 15684 3132
1102 2245 2061 510 15667 3083
1101 2245 2061 504 15642 3088
1102 2245 2058 485 15666 3114
1102 2244 2058 463 15706 3124
1101 2243 2056 444 15719 3125
1101 2243 2058 452 15719 3132
1100 2243 2058 475 15705 3136
1099 2242 2056 538 15734 3152
1101 2243 2057 563 15735 3137
1101 2242 2054 432 15727 3052
1099 2242 2053 487 15722 3100
1098 2240 2052 529 15686 3145
1098 2238 2051 485 15660 3162
1100 2239 2051 435 15712 3098
1097 2237 2049 412 15745 3074
1097 2237 2046 438 15743 3111
1098 2237 2045 464 15723 3137
1098 2238 2043 454 15712 3135
1096 2235 2046 442 15711 3116
1096 2234 2043 463 15732 3040
1097 2234 2041 455 15715 3062
1094 2233 2040 450 15701 3097
1096 2234 2040 464 15710 3109
1097 2234 2040 465 15712 3109
1097 2233 2039 456 15713 3101
1096 2233 2038 463 15715 3106
1095 2232 2040 475 15723 3121
1096 2231 2038 474 15732 3138
1097 2230 2038 466 15738 3120
1096 2232 2040 443 15712 3072
1097 2234 2038 432 15689 3074
1096 2231 2039 461 15725 3096
1097 2232 2039 460 15765 3085
1098 2235 2039 445 15683 3128
1098 2235 2042 492 15680 3104
1100 2237 2039 583 15817 3022
1100 2240 2044 486 15766 3023
1102 2241 2043 325 15705 3057
1099 2238 2041 424 15753 3071
1098 2236 2042 554 15723 3060
1097 2238 2040 547 15702 3057
1098 2238 2042 510 15714 3020
1097 2237 2040 486 15687 3002
1100 2239 2044 480 15676 3029
1098 2240 2041 484 15680 3056
1097 2237 2040 484 15686 3066
1098 2237 2040 491 15714 3065
1098 2237 2040 477 15740 3040
1098 2239 2041 527 15767 3073
1100 2241 2041 507 15731 2963
1100 2241 2043 423 15739 2968
1099 2241 2043 522 15730 3003
1101 2239 2043 577 15726 3030
1100 2243 2043 532 15693 3067
1101 2244 2045 465 15719 3038
1101 2243 2045 443 15765 3018
1101 2247 2048 472 15762 3032
1101 2244 2048 502 15765 3024
1101 2245 2047 481 15711 3017
1101 2244 2049 489 15699 3037
1101 2245 2049 486 15705 3054
1101 2247 2051 474 15708 3067
1103 2246 2052 468 15726 3058
1102 2248 2053 470 15731 3048
1102 2248 2052 485 15710 3055
1104 2247 2056 510 15700 3049
1102 2247 2055 518 15710 3034
1104 2249 2056 501 15720 3010
1103 2249 2060 510 15727 2993
1102 2248 2058 524 15711 3009
1104 2250 2059 505 15695 3017
1103 2250 2061 502 15718 3009
1104 2250 2064 501 15778 2990
1104 2250 2062 486 15740 3032
1105 2253 2066 525 15680 3067
1106 2252 2067 598 15778 3017
1104 2255 2067 587 15759 3007
1107 2256 2070 411 15686 3004
1106 2256 2069 405 15735 2981
1107 2257 2070 537 15745 3011
1106 2256 2072 531 15729 3049
1107 2257 2074 527 15727 3044
1109 2257 2075 533 15709 3032
1108 2257 2073 546 15700 3026
1108 2257 2074 549 15703 3033
1110 2257 2074 532 15689 3056
1110 2256 2072 521 15688 3056
1107 2254 2074 518 15702 3060
1108 2256 2073 532 15714 3032
1107 2253 2072 624 15757 3020
1105 2251 2069 675 15745 3049
1104 2248 2065 566 15746 3051
1105 2246 2064 500 15779 3054
1104 2244 2058 573 15780 3019
1102 2239 2054 626 15779 3038
1099 2235 2052 612 15760 3065
1098 2233 2045 579 15746 3042
1096 2230 2042 542 15731 3075
1095 2227 2038 546 15737 3009
1094 2224 2032 542 15766 3028
1092 2220 2027 596 15784 3028
1092 2216 2020 646 15783 3038
1086 2213 2016 671 15771 3058
1088 2211 2008 707 15817 2968
1084 2208 2005 749 15923 2863
1082 2203 1999 754 15947 2824
1080 2200 1993 729 15830 2843
1077 2198 1990 731 15681 2831
1076 2193 1984 838 15663 2681
1074 2189 1981 947 15748 2583
1072 2187 1976 936 15751 2624
1071 2183 1970 889 15674 2676
1068 2183 1967 922 15655 2622
1067 2178 1961 1027 15708 2509
1065 2177 1958 1068 15743 2480
1063 2176 1953 1038 15736 2497
1059 2173 1950 1022 15737 2472
1060 2173 1946 1039 15815 2431
1059 2173 1943 1049 15833 2436
1060 2177 1944 1107 15804 2343
1061 2180 1941 1190 15865 2138
1061 2180 1945 1213 15844 2085
1061 2184 1946 1020 15800 2153
1064 2188 1952 959 15856 2279
1065 2191 1953 1156 15846 2316
1065 2189 1953 1211 15811 2288
1065 2190 1953 1172 15823 2351
1067 2191 1955 1180 15766 2386
1066 2187 1951 1222 15776 2294
1062 2186 1950 1245 15826 2176
1062 2185 1950 1325 15812 2124
1060 2184 1949 1376 15782 2181
1059 2182 1947 1319 15711 2217
1061 2182 1947 1277 15634 2249
1060 2183 1943 1291 15619 2217
1060 2182 1942 1318 15676 2172
1056 2178 1941 1390 15713 2209
1057 2177 1937 1207 15508 2253
1056 2173 1934 1249 15574 2366
1054 2175 1932 1348 15844 2323
1055 2174 1932 1403 16150 2216
1056 2174 1932 1395 16269 2267
1055 2173 1931 1423 16200 2418
1054 2174 1934 1464 16047 2440
1054 2175 1932 1405 15860 2332
1054 2172 1933 1304 15694 2240
1051 2171 1932 1344 15433 2100
1051 2167 1929 1305 15465 2029
1049 2161 1924 1228 15525 2047
1047 2161 1920 1333 15672 2052
1047 2157 1918 1513 15852 1964
1045 2154 1916 1569 15894 1850
1046 2155 1914 1489 15808 1763
1046 2155 1913 1441 15643 1848
1046 2156 1911 1467 15635 1849
1046 2153 1912 1426 15782 1760
1045 2156 1910 1443 15834 1912
1048 2155 1910 1459 15724 2052
1048 2156 1911 1354 15715 1950
1050 2157 1912 1312 15944 1895
1049 2156 1911 1181 15870 2064
1050 2160 1911 1088 15711 2143
1052 2160 1912 1154 15848 2099
1052 2165 1915 1144 15897 2112
1054 2167 1915 969 15768 2176
1054 2169 1915 859 15774 2214
1054 2169 1919 1443 15834 1912
1054 2172 1920 1459 15724 2052
1054 2171 1918 1354 15715 1950
1054 2170 1915 1312 15944 1895
1052 2168 1916 1181 15870 2064
1052 2168 1914 1088 15711 2143
1051 2168 1913 1154 15848 2099
1050 2167 1915 1144 15897 2112
1053 2169 1915 969 15768 2176
1054 2172 1921 859 15774 2214
1058 2178 1928 901 15713 2394
1063 2183 1935 724 15540 2485
1068 2192 1945 720 15538 2377
1068 2197 1952 783 15703 2385
1072 2202 1960 726 15835 2491
1074 2206 1966 660 16011 2616
1075 2209 1972 671 16025 2763
1077 2212 1976 613 15891 2694
1080 2214 1979 475 15793 2729
1082 2217 1985 371 15777 3030
1081 2222 1991 438 15845 3185
1086 2224 1997 386 15930 3080
1086 2229 2001 226 15894 3007
1088 2231 2004 282 15815 3026
1090 2233 2010 381 15799 2983
1090 2236 2016 403 15758 3030
1095 2239 2022 355 15747 3095
1094 2244 2026 327 15784 2956
1097 2246 2032 399 15771 2854
1098 2249 2036 430 15720 2938
1102 2253 2041 386 15718 2970
1101 2253 2046 394 15725 2983
1101 2256 2051 451 15721 2964
1104 2257 2054 466 15726 2993
1105 2262 2060 443 15725 3031
1107 2264 2065 424 15697 3039
1110 2267 2067 434 15684 3044
1110 2268 2071 468 15745 3031
1112 2269 2076 488 15799 3014
1112 2271 2076 478 15764 3006
1112 2272 2078 463 15714 3023
1112 2271 2079 480 15705 3056
1113 2271 2079 493 15759 3029
1114 2271 2081 493 15728 3043
1113 2273 2079 519 15672 3066
1114 2271 2081 605 15801 2989
1114 2274 2083 633 15797 2969
1114 2274 2083 464 15681 3008
1115 2273 2084 443 15714 3015
1117 2275 2085 576 15740 2999
1117 2275 2083 588 15732 2997
1113 2272 2081 575 15737 3003
1114 2273 2084 573 15721 3006
1115 2272 2084 569 15694 3015
1116 2276 2087 572 15690 3016
1117 2274 2086 581 15702 3007
1117 2277 2089 581 15702 2998
1118 2276 2090 565 15711 3012
1119 2276 2090 559 15717 3050
1119 2279 2091 622 15763 2958
1119 2275 2092 472 15722 2999
1119 2278 2093 499 15751 3011
1121 2280 2093 568 15751 2996
1118 2279 2096 571 15711 3023
1121 2279 2094 548 15703 3012
1120 2278 2097 536 15725 2981
1120 2280 2098 539 15727 2996
1120 2281 2099 547 15713 3016
1120 2283 2102 524 15718 2996
1122 2284 2104 525 15740 3008
1120 2282 2103 531 15754 3013
1122 2282 2099 535 15748 3020
1120 2283 2105 526 15732 3028
1123 2285 2104 530 15719 3036
1124 2285 2105 540 15715 3050
1124 2285 2108 537 15717 3055
1123 2287 2109 533 15721 3044
1125 2288 2110 545 15721 3029
1125 2289 2112 529 15708 3017
1125 2289 2111 522 15704 3026
1124 2292 2115 546 15739 3034
1126 2292 2114 531 15749 3039
1125 2293 2116 541 15709 3078
1126 2294 2117 567 15707 3099
1126 2294 2116 641 15761 3056
1126 2295 2118 552 15713 3037
1125 2293 2120 441 15697 3048
1127 2292 2120 541 15761 3049
1126 2293 2121 584 15731 3057
1127 2293 2124 579 15721 3051
1125 2293 2121 562 15723 3035
1125 2292 2121 546 15705 3035
1125 2293 2121 560 15706 3046
1124 2292 2120 568 15704 3064
1125 2291 2118 564 15697 3070
1125 2292 2120 561 15706 3072
1123 2292 2120 551 15709 3081
1125 2291 2119 616 15747 3099
1124 2291 2120 594 15728 2977
1128 2291 2120 558 15725 2983
1128 2290 2120 607 15717 3017
1126 2290 2118 592 15717 3034
1125 2289 2118 554 15697 3045
1124 2290 2120 531 15711 3006
1124 2289 2121 547 15728 2998
1123 2288 2119 574 15724 3026
1126 2287 2120 582 15735 3027
1124 2285 2120 573 15723 3032
1125 2287 2119 566 15719 3048
1124 2285 2120 557 15724 3070
1123 2285 2117 540 15720 3091
1124 2283 2117 535 15711 3092
1122 2283 2117 543 15702 3096
1122 2280 2115 548 15692 3100
1121 2278 2112 546 15693 3107
1121 2278 2109 552 15705 3132
1121 2276 2107 563 15708 3135
1120 2275 2105 567 15712 3104
1121 2274 2101 559 15721 3107
1122 2273 2098 538 15721 3128
1118 2272 2098 509 15710 3136
1119 2272 2098 507 15704 3119
1119 2273 2096 524 15743 3077
1119 2270 2093 510 15728 3092
1118 2269 2091 532 15698 3114
1118 2267 2086 585 15765 3076
1114 2264 2086 579 15753 3054
1115 2264 2084 446 15688 3051
1114 2263 2083 432 15726 3058
1112 2262 2081 556 15767 3081
1114 2260 2078 571 15729 3125
1111 2259 2076 555 15717 3128
1111 2258 2071 519 15731 3076
1109 2257 2071 480 15708 3057
1111 2259 2072 497 15698 3058
1109 2258 2068 535 15702 3082
1110 2256 2068 529 15701 3122
1112 2260 2067 481 15722 3074
1108 2255 2063 567 15786 3052
1107 2256 2064 595 15781 3036
1107 2254 2063 485 15715 3060
1105 2254 2059 467 15721 3085
1106 2253 2058 507 15723 3080
1107 2252 2059 481 15691 3082
1106 2252 2057 452 15675 3081
1105 2250 2055 454 15708 3065
1104 2251 2054 495 15687 3094
1103 2249 2052 466 15713 3068
1103 2248 2050 435 15724 3055
1102 2250 2050 434 15709 3072
1104 2246 2050 454 15722 3069
1101 2247 2046 480 15732 3066
1100 2245 2046 485 15710 3080
1101 2245 2047 451 15715 3070
1100 2245 2045 407 15741 3063
1102 2245 2048 468 15726 3069
1099 2246 2046 489 15721 3082
1100 2242 2044 455 15707 3084
1100 2243 2043 423 15719 3075
1098 2243 2043 422 15736 3065
1100 2244 2044 427 15721 3074
1101 2243 2044 447 15703 3090
1100 2246 2047 457 15751 3068
1102 2245 2048 426 15724 3068
1100 2247 2047 449 15657 3070
1102 2246 2047 539 15760 2997
1102 2249 2047 550 15762 2990
1101 2250 2049 366 15657 3067
1103 2247 2050 340 15704 3095
1102 2250 2049 480 15749 3083
1104 2247 2049 485 15716 3079
1101 2249 2050 488 15709 3041
1102 2247 2050 507 15712 3014
1102 2246 2050 499 15682 3043
1102 2247 2051 483 15692 3047
1102 2246 2048 502 15719 3039
1102 2249 2047 501 15730 3028
1103 2246 2048 510 15740 3074
1103 2247 2048 576 15769 3083
1102 2248 2046 499 15776 3009
1100 2246 2048 394 15744 3031
1102 2248 2048 460 15723 3072
1104 2246 2046 526 15711 3074
1102 2247 2046 513 15686 3069
1107 2248 2048 452 15739 2939
1104 2248 2047 475 15725 2966
1104 2247 2047 498 15718 3016
1106 2248 2047 462 15744 3024
1104 2248 2050 427 15747 3027
1104 2247 2046 447 15723 3040
1105 2246 2049 478 15732 3033
1104 2247 2046 487 15739 3026
1104 2248 2049 461 15726 3023
1103 2248 2048 424 15721 2988
1105 2249 2047 464 15725 2984
1103 2249 2048 494 15727 3012
1105 2249 2048 484 15726 3021
1104 2248 2050 440 15716 3019
1101 2248 2047 437 15729 3006
1105 2248 2047 457 15792 2972
1103 2247 2049 469 15745 3020
1104 2250 2047 519 15680 3038
1105 2252 2051 579 15772 2964
1108 2254 2051 504 15741 2946
1105 2253 2049 333 15679 2973
1106 2253 2052 393 15744 2991
1104 2253 2050 530 15743 3003
1105 2254 2051 511 15711 3026
1105 2254 2052 493 15725 2992
1106 2255 2053 479 15719 2958
1106 2256 2053 483 15710 2972
1107 2256 2053 494 15717 2984
1106 2256 2054 482 15714 3001
1105 2257 2054 478 15716 2976
1105 2255 2056 468 15741 2931
1106 2257 2056 488 15759 2996
1107 2258 2056 587 15784 3023
1105 2257 2056 542 15781 2960
1105 2259 2057 430 15737 2975
1106 2257 2058 477 15741 2983
1108 2259 2057 529 15739 2979
1110 2259 2060 522 15698 3018
1107 2258 2058 489 15701 3012
1105 2256 2056 495 15725 2974
1106 2257 2058 507 15718 2988
1104 2257 2058 500 15737 2976
1106 2257 2059 495 15737 2993
1105 2257 2059 507 15724 3005
1105 2257 2059 513 15725 2989
1107 2257 2059 498 15725 2994
1104 2257 2061 491 15725 2996
1107 2258 2060 493 15729 2995
1107 2257 2060 505 15727 3001
1106 2257 2062 518 15726 2994
1107 2258 2063 513 15745 2976
1109 2260 2062 499 15767 2980
1108 2258 2063 504 15763 3005
1109 2259 2063 520 15738 3021
1109 2260 2066 504 15713 3026
1109 2259 2068 488 15721 3019
1108 2264 2069 497 15787 3002
1108 2262 2070 513 15729 3047
1110 2263 2070 571 15667 3062
1111 2264 2072 642 15769 2983
1111 2264 2073 576 15736 2982
1112 2266 2074 414 15688 3033
1112 2267 2075 448 15760 3042
1111 2266 2074 559 15762 3049
1112 2265 2075 558 15728 3075
1111 2265 2075 541 15723 3052
1113 2267 2078 507 15718 3018
1114 2265 2078 503 15694 3024
1112 2268 2076 551 15677 3024
1114 2266 2075 596 15681 3025
1112 2265 2077 575 15700 3022
1112 2267 2076 500 15733 3009
1114 2266 2079 476 15743 3027
1114 2267 2080 586 15792 3025
1115 2267 2077 594 15776 2991
1114 2266 2077 469 15718 2982
1115 2268 2079 475 15748 2971
1114 2267 2077 535 15744 2990
1115 2268 2076 554 15709 3041
1114 2266 2079 487 15713 2956
1116 2267 2079 486 15740 2959
1115 2267 2079 504 15740 2996
1115 2268 2079 500 15740 3017
1118 2267 2077 480 15731 3032
1117 2267 2079 479 15720 3037
1114 2269 2078 496 15730 3019
1116 2270 2079 505 15730 3003
1115 2268 2080 502 15716 3006
1115 2268 2079 496 15702 2995
1116 2267 2081 490 15695 2976
1115 2268 2078 489 15698 2985
1114 2268 2080 489 15714 2996
1114 2270 2080 496 15729 3009
1115 2270 2080 503 15741 3027
1115 2270 2081 505 15740 3025
1114 2268 2079 499 15725 3027
1115 2269 2079 475 15734 3027
1114 2267 2080 455 15738 3024
1115 2267 2081 469 15712 3028
1114 2269 2080 499 15726 3013
1116 2271 2082 480 15730 3008
1117 2272 2083 484 15708 3034
1116 2273 2085 530 15745 3035
1116 2273 2086 570 15782 2996
1118 2276 2088 453 15734 2998
1117 2275 2087 396 15729 3028
1117 2275 2087 493 15756 3026
1116 2277 2086 495 15724 3050
1118 2276 2089 495 15715 3067
1118 2275 2089 496 15696 3036
1117 2277 2087 474 15668 3024
1116 2274 2089 468 15686 3032
1115 2274 2087 490 15715 3041
1116 2274 2088 502 15721 3062
1115 2274 2088 489 15721 3087
1114 2273 2088 458 15738 3069
1115 2274 2086 479 15780 3072
1113 2274 2085 536 15774 3063
1115 2273 2085 461 15740 3019
1113 2272 2085 544 15673 3069
1116 2274 2087 516 15681 3063
1117 2276 2090 460 15686 3053
1114 2272 2085 433 15728 3022
1114 2273 2086 446 15748 3024
1114 2272 2086 465 15731 3058
1116 2272 2087 450 15722 3072
1114 2271 2087 415 15726 3058
1116 2271 2087 400 15730 3061
1116 2272 2089 430 15728 3053
1115 2272 2085 472 15718 3037
1114 2271 2087 468 15702 3042
1114 2269 2085 433 15707 3036
1113 2270 2085 414 15722 3049
1114 2270 2085 423 15709 3088
1115 2270 2084 431 15708 3090
1114 2268 2083 409 15730 3061
1113 2265 2082 397 15737 3039
1114 2268 2082 408 15743 3027
1113 2267 2082 423 15750 3034
1113 2267 2081 453 15741 3046
1114 2266 2082 449 15735 3049
1114 2266 2083 402 15734 3060
1114 2264 2079 377 15729 3052
1112 2262 2079 387 15713 3041
1114 2263 2078 427 15697 3053
1114 2260 2077 446 15738 3038
1114 2262 2076 394 15723 3041
1116 2263 2078 389 15696 3032
1113 2264 2077 463 15766 3003
1113 2265 2077 506 15734 3026
1114 2264 2075 395 15693 3055
1113 2264 2074 364 15754 3075
1114 2263 2072 442 15768 3059
1112 2262 2073 441 15740 3049
1113 2261 2071 474 15731 3036
1110 2260 2070 490 15713 3024
1112 2261 2067 453 15694 3022
1110 2259 2065 420 15712 2995
1109 2258 2064 437 15729 2998
1108 2256 2062 490 15709 3043
1108 2256 2064 458 15705 3072
1108 2256 2062 504 15758 3059
1108 2256 2058 504 15764 3019
1107 2256 2057 397 15735 2985
1107 2254 2056 414 15738 3016
1105 2255 2054 511 15723 3053
1106 2255 2053 522 15708 3054
1106 2252 2052 469 15710 3019
1105 2253 2052 413 15743 2942
1105 2252 2049 418 15750 2924
1103 2251 2050 447 15735 2977
1103 2252 2048 444 15732 3009
1108 2252 2047 411 15741 3009
1104 2250 2047 395 15738 3014
1103 2250 2045 417 15740 3017
1103 2250 2046 447 15732 3022
1099 2247 2045 447 15707 3041
1102 2248 2043 416 15702 3049
1099 2249 2044 388 15711 2985
1101 2246 2041 413 15731 2991
1099 2247 2040 428 15732 3023
1097 2246 2041 425 15721 3043
1099 2245 2040 395 15734 3027
1097 2246 2039 368 15752 3012
1098 2244 2039 380 15760 3007
1098 2244 2038 393 15742 3016
1099 2243 2037 409 15716 3041
1097 2243 2038 397 15739 2972
1098 2244 2038 408 15700 2998
1100 2245 2040 478 15756 2992
1099 2245 2039 517 15826 2962
1101 2247 2041 344 15732 3000
1103 2249 2042 241 15710 3037
1102 2248 2040 396 15775 3033
1101 2247 2040 457 15760 3019
1100 2247 2041 420 15722 3003
1102 2248 2040 407 15667 2930
1100 2247 2041 436 15680 2959
1100 2248 2041 437 15708 2966
1101 2248 2041 411 15731 2973
1100 2246 2040 390 15755 2972
1099 2245 2041 386 15755 2980
1098 2246 2040 481 15814 2972
1100 2246 2039 482 15816 2934
1101 2246 2039 357 15760 2932
1101 2247 2040 361 15758 2945
1101 2246 2039 468 15735 2955
1100 2246 2038 510 15698 2973
1102 2247 2038 473 15702 2951
1100 2246 2039 433 15760 2917
1102 2249 2038 422 15775 2928
1105 2249 2042 441 15758 2968
1103 2248 2039 446 15763 2977
1104 2247 2037 427 15759 2971
1101 2247 2038 420 15744 2981
1103 2248 2040 443 15748 2974
1102 2246 2040 452 15746 2955
1104 2248 2039 435 15739 2957
1105 2248 2038 421 15734 2964
1103 2248 2038 427 15736 2957
1103 2246 2037 446 15745 2955
1101 2247 2037 459 15752 2966
1100 2247 2035 449 15762 2968
1101 2247 2036 439 15768 2961
1100 2249 2036 436 15765 2953
1101 2247 2034 434 15746 2954
1102 2247 2036 452 15746 2955
1101 2249 2034 435 15739 2957
1101 2249 2034 421 15734 2964
1100 2247 2036 427 15736 2957
1101 2250 2038 446 15745 2955
1101 2252 2039 459 15752 2966
1102 2254 2040 449 15762 2968
1102 2250 2038 439 15768 2961
1102 2253 2040 436 15765 2953
1103 2251 2040 434 15746 2954
1104 2253 2040 459 15758 2915
1101 2251 2039 432 15731 2939
1101 2252 2040 460 15689 2973
1101 2251 2040 525 15790 2935
1102 2252 2039 525 15790 2921
1101 2251 2037 348 15719 2957
1099 2251 2038 315 15774 2977
1100 2250 2038 483 15816 2967
1101 2249 2039 506 15783 2965
1100 2250 2038 482 15768 2929
1098 2250 2038 458 15745 2881
1100 2250 2037 452 15721 2902
1099 2250 2035 473 15729 2920
1098 2248 2034 482 15723 2933
1099 2247 2034 470 15731 2944
1099 2247 2036 451 15752 2949
1097 2244 2032 440 15763 2948
1096 2240 2026 512 15820 2930
1095 2238 2021 515 15808 2905
1094 2234 2018 399 15754 2873
1093 2232 2011 406 15759 2884
1088 2227 2010 493 15762 2911
1087 2224 2007 502 15770 2919
1087 2223 2001 466 15789 2896
1086 2220 2001 457 15824 2876
1087 2219 1997 501 15858 2905
1084 2215 1996 557 15865 2923
1081 2212 1992 589 15885 2907
1081 2211 1989 609 15872 2832
1079 2206 1988 605 15763 2763
1078 2206 1986 638 15662 2744
1078 2201 1984 704 15659 2699
1076 2201 1980 782 15721 2601
1075 2198 1976 804 15736 2530
1071 2194 1973 748 15719 2523
1072 2195 1971 821 15777 2513
1071 2192 1966 941 15830 2518
1069 2192 1965 946 15836 2557
1070 2194 1961 918 15832 2594
1069 2194 1959 993 15809 2568
1071 2197 1962 1071 15806 2500
1075 2201 1963 1051 15786 2502
1074 2205 1970 1014 15766 2541
1076 2210 1974 1022 15771 2578
1078 2213 1977 1093 15803 2547
1081 2215 1979 1054 15762 2504
1081 2218 1980 1014 15681 2541
1081 2218 1979 1116 15751 2487
1082 2217 1979 1190 15841 2385
1081 2219 1979 1028 15913 2350
1081 2217 1978 966 15948 2277
1080 2218 1977 1029 15878 2313
1079 2217 1979 966 15791 2456
1080 2218 1974 951 15744 2500
1076 2215 1973 1035 15734 2512
1079 2215 1972 1071 15769 2469
1078 2212 1970 1090 15872 2346
1076 2211 1966 1138 15939 2301
1077 2212 1967 1188 15934 2283
1075 2211 1968 1227 15894 2226
1070 2207 1961 1251 15847 2262
1072 2205 1961 1318 15758 2305
1071 2205 1958 1204 15652 2210
1071 2203 1957 1003 15576 2228
1071 2207 1959 1140 15628 2303
1071 2206 1958 1328 15663 2305
1071 2206 1958 1235 15601 2326
1071 2207 1957 1083 15644 2288
1069 2204 1957 1116 15659 2253
1070 2202 1955 1231 15631 2304
1068 2200 1953 1187 15651 2386
1066 2197 1952 1181 15810 2482
1065 2194 1947 1263 16065 2408
1064 2190 1945 1237 16138 2315
1063 2190 1942 1282 16129 2372
1062 2185 1939 1430 16201 2357
1060 2187 1939 1435 16107 2315
1059 2188 1938 1210 15760 2388
1060 2184 1935 1110 15484 2398
1058 2183 1932 1250 15407 2214
1060 2183 1932 1195 15462 2128
1059 2183 1932 1298 15571 2180
1058 2184 1931 1470 15680 2116
1060 2185 1932 1519 15787 1958
1059 2185 1931 1512 15872 1829
1060 2185 1931 1454 15840 1795
1058 2185 1931 1420 15645 1944
1058 2186 1929 1396 15636 1936
1059 2186 1933 1299 15803 1804
1058 2185 1931 1369 15789 2084
1058 2186 1932 1307 15905 2047
1058 2186 1929 1078 15992 2013
1057 2186 1929 906 15966 2183
1058 2184 1928 1033 15948 2288
1056 2183 1926 1074 15969 2217
1057 2183 1928 1070 15951 2243
1059 2184 1929 1057 15879 2211
1059 2184 1929 986 15765 2203
1061 2187 1931 903 15651 2248
1063 2193 1938 897 15576 2281
1068 2198 1947 901 15435 2334
1071 2204 1954 798 15419 2358
1072 2208 1963 767 15629 2296
1075 2212 1968 906 15877 2421
1078 2217 1974 1043 16044 2656
1080 2218 1979 939 16026 2585
1083 2222 1981 727 16025 2487
1087 2225 1985 633 15933 2593
1083 2225 1990 546 15789 2848
1086 2230 1993 467 15732 3058
1088 2230 1998 422 15773 2947
1091 2234 2002 486 15856 2813
1091 2234 2005 556 15814 2866
1095 2237 2009 505 15740 2858
1096 2240 2013 455 15733 2822
1095 2242 2018 474 15775 2879
1099 2246 2023 506 15794 2942
1100 2248 2028 521 15713 2887
1103 2254 2033 532 15591 2852
1107 2258 2038 505 15650 2866
1107 2258 2044 540 15770 2918
1108 2261 2047 521 15779 2976
1109 2265 2053 459 15745 3010
1113 2268 2057 458 15787 3022
1114 2271 2060 463 15844 3029
1115 2275 2064 432 15831 3050
1117 2277 2065 418 15843 3045
1116 2276 2068 423 15819 3030
1116 2277 2071 525 15729 3021
1117 2280 2070 549 15807 2980
1118 2279 2072 430 15768 2988
1115 2281 2073 336 15732 3018
1117 2281 2074 475 15773 3004
1118 2282 2075 541 15758 2994
1117 2281 2075 543 15745 2987
1118 2280 2076 541 15718 2962
1116 2282 2078 537 15650 2942
1118 2282 2079 618 15687 2910
1117 2283 2078 603 15679 2932
1116 2283 2079 569 15708 2941
1118 2282 2079 539 15731 2920
1120 2283 2081 616 15770 2920
1121 2286 2083 680 15773 2913
1122 2288 2084 569 15768 2865
1123 2286 2087 537 15792 2880
1120 2287 2085 617 15793 2903
1121 2286 2086 645 15767 2898
1121 2286 2087 636 15701 2883
1121 2286 2089 581 15697 2843
1123 2287 2090 542 15733 2858
1121 2289 2090 565 15746 2891
1122 2287 2090 593 15754 2894
1120 2289 2090 594 15758 2898
1121 2289 2091 592 15750 2913
1123 2287 2093 593 15749 2910
1121 2289 2094 593 15762 2898
1123 2286 2097 599 15753 2908
1121 2289 2096 605 15722 2900
1121 2290 2098 607 15716 2891
1123 2291 2099 609 15717 2906
1122 2291 2098 607 15723 2912
1123 2295 2105 596 15737 2921
1124 2292 2104 584 15728 2951
1124 2292 2103 589 15714 2970
1124 2295 2106 593 15748 2954
1125 2296 2106 560 15774 2943
1127 2294 2110 579 15738 2969
1128 2296 2108 688 15779 2874
1126 2297 2113 608 15741 2879
1127 2298 2114 467 15701 2924
1128 2299 2113 555 15759 2945
1128 2299 2114 606 15740 2977
1128 2299 2114 574 15707 2988
1130 2298 2116 542 15692 2956
1130 2298 2117 534 15691 2937
1129 2300 2118 583 15691 2936
1129 2298 2119 643 15704 2954
1130 2299 2119 598 15716 2995
1130 2300 2121 553 15724 3000
1130 2298 2121 615 15760 3012
1129 2300 2121 708 15761 3020
1130 2297 2123 613 15747 2970
1131 2300 2125 554 15745 2983
1132 2298 2122 619 15745 2992
1131 2298 2122 633 15734 2998
1133 2298 2122 623 15696 3013
1130 2298 2123 587 15706 2963
1132 2299 2121 565 15719 2952
1132 2298 2123 586 15715 2993
1130 2298 2123 598 15723 3005
1134 2299 2120 577 15725 2988
1131 2297 2120 557 15713 3001
1131 2297 2119 558 15708 3023
1133 2294 2118 569 15710 3029
1129 2294 2115 569 15705 3045
1127 2292 2111 558 15697 3050
1127 2290 2109 554 15698 3034
1126 2289 2105 556 15705 3031
1125 2288 2104 552 15717 3053
1126 2285 2101 549 15726 3070
1123 2284 2098 548 15728 3080
1121 2282 2096 546 15727 3085
1120 2281 2091 534 15732 3077
1120 2283 2091 494 15740 3046
1119 2283 2090 484 15738 3016
1120 2282 2091 522 15755 3017
1120 2285 2089 536 15683 3038
1120 2281 2087 555 15675 3057
1117 2280 2086 593 15756 3005
1120 2282 2084 471 15729 2996
1119 2281 2083 356 15718 3016
1119 2281 2083 474 15772 3032
1120 2279 2080 548 15734 3059
1121 2281 2080 524 15709 3059
1116 2276 2078 491 15725 3027
1116 2274 2076 499 15681 2972
1114 2276 2075 559 15667 3020
1115 2274 2073 566 15672 3069
1113 2273 2073 509 15701 3084
1112 2274 2072 457 15725 3056
1113 2274 2072 532 15768 3079
1114 2272 2069 611 15744 3107
1111 2270 2068 485 15721 3041
1110 2269 2066 417 15735 3052
1110 2269 2065 516 15739 3050
1111 2267 2065 564 15729 3028
1110 2269 2064 551 15677 3052
1112 2268 2062 507 15681 3034
1109 2266 2060 474 15722 3027
1110 2265 2060 478 15735 3052
1110 2267 2061 479 15748 3050
1111 2266 2061 475 15747 3027
1111 2266 2061 478 15706 3044
1112 2269 2062 487 15695 3065
1112 2266 2059 483 15714 3042
1108 2264 2057 460 15710 3007
1109 2265 2056 459 15705 3000
1109 2264 2058 481 15700 3033
1109 2264 2056 489 15695 3061
1108 2263 2057 459 15696 3064
1109 2263 2055 429 15720 3046
1109 2263 2056 434 15758 3009
1108 2263 2055 436 15762 3010
1110 2263 2056 441 15737 3046
1110 2264 2056 469 15724 3050
1110 2266 2058 459 15752 2992
1111 2267 2058 433 15686 3014
1113 2267 2059 464 15653 3021
1112 2270 2059 546 15793 2958
1113 2268 2060 493 15769 2981
1112 2268 2060 319 15680 3036
1116 2269 2061 365 15736 3054
1112 2270 2063 494 15753 3033
1115 2273 2062 502 15726 3024
1114 2272 2065 505 15722 3010
1113 2270 2061 503 15673 3015
1113 2269 2060 496 15708 3010
1112 2271 2061 490 15744 3007
1114 2270 2060 502 15746 3025
1113 2271 2064 481 15736 3021
1112 2271 2061 511 15770 3045
1113 2273 2064 564 15767 3031
1114 2274 2062 469 15744 2960
1113 2272 2062 411 15749 2969
1115 2273 2064 509 15729 2993
1113 2273 2062 585 15710 2989
1115 2273 2063 558 15690 2999
1114 2273 2065 485 15721 2981
1115 2273 2065 467 15741 2983
1115 2276 2066 495 15719 3030
1114 2275 2065 503 15734 3039
1113 2274 2065 476 15758 3014
1114 2276 2067 459 15736 3027
1113 2275 2067 478 15710 3046
1114 2277 2069 506 15713 3026
1113 2275 2069 510 15708 3007
1114 2275 2068 497 15706 3000
1113 2274 2066 490 15722 3000
1114 2274 2067 485 15727 3015
1114 2275 2068 490 15742 3029
1111 2274 2069 487 15737 3044
1114 2276 2071 492 15717 3035
1113 2277 2071 506 15761 3008
1115 2277 2073 480 15778 3002
1114 2279 2074 497 15706 3049
1116 2280 2075 622 15786 2976
1119 2279 2074 466 15715 3004
1116 2280 2075 349 15703 3032
1117 2280 2076 478 15758 3036
1117 2281 2076 539 15720 3045
1117 2282 2080 542 15702 3036
1117 2281 2077 525 15711 2999
1118 2282 2076 496 15693 3002
1116 2282 2078 498 15697 3000
1116 2281 2078 539 15694 2997
1117 2281 2079 525 15715 3003
1116 2281 2079 493 15725 2996
1115 2283 2079 551 15771 3009
1118 2281 2081 593 15759 3005
1117 2280 2080 474 15732 2949
1117 2281 2080 443 15738 2964
1118 2279 2081 539 15729 2998
1118 2281 2080 560 15710 3032
1118 2283 2080 468 15713 2952
1120 2283 2079 472 15731 2935
1116 2280 2080 488 15728 2974
1116 2279 2080 489 15738 2987
1117 2280 2078 472 15748 2985
1119 2279 2079 474 15734 3002
1118 2281 2079 497 15738 3006
1120 2279 2080 509 15742 3000
1119 2281 2081 505 15730 3002
1119 2281 2081 493 15723 2998
1120 2281 2083 500 15718 2985
1119 2281 2083 518 15720 2990
1121 2281 2082 511 15737 2991
1120 2283 2084 504 15760 2991
1121 2281 2082 494 15762 2999
1119 2280 2083 495 15731 3008
1120 2283 2084 514 15725 3009
1121 2286 2085 506 15772 2978
1121 2283 2086 503 15718 3021
1124 2287 2087 533 15680 3033
1122 2287 2088 635 15766 2933
1121 2286 2087 561 15709 2939
1122 2287 2088 399 15679 3004
1121 2288 2088 486 15748 3015
1122 2286 2087 572 15734 3034
1122 2287 2091 546 15719 3043
1122 2288 2088 530 15728 3005
1124 2287 2088 538 15719 2981
1124 2287 2087 555 15705 2979
1123 2288 2086 562 15698 2982
1121 2288 2089 552 15693 2977
1122 2287 2086 534 15701 2979
1123 2288 2088 514 15714 2988
1121 2289 2088 545 15728 3033
1123 2288 2089 618 15762 3003
1122 2288 2090 532 15772 2906
1123 2288 2089 448 15745 2943
1123 2291 2090 536 15762 2970
1123 2291 2092 588 15758 2981
1123 2291 2092 568 15723 3013
1122 2290 2089 491 15742 2927
1125 2289 2090 519 15749 2944
1121 2290 2090 537 15757 2961
1122 2288 2089 528 15769 2957
1122 2288 2092 515 15745 2964
1121 2290 2092 511 15723 2972
1123 2289 2092 527 15715 2968
1120 2288 2091 546 15706 2987
1121 2287 2090 542 15715 3004
1121 2287 2090 530 15726 2993
1119 2288 2091 536 15723 2968
1123 2288 2093 538 15716 2966
1121 2288 2092 537 15717 2990
1120 2289 2094 540 15717 3000
1122 2289 2093 532 15722 2990
1121 2289 2094 533 15737 2993
1122 2290 2095 538 15741 2993
1123 2289 2095 515 15730 2989
1122 2290 2099 505 15725 2995
1124 2292 2097 519 15756 2982
1123 2291 2096 528 15723 2978
1124 2292 2101 563 15682 2989
1126 2294 2101 597 15762 2973
1124 2296 2101 597 15774 2962
1124 2296 2104 454 15719 2975
1126 2296 2102 434 15752 2992
1124 2295 2103 575 15769 3005
1126 2296 2104 583 15725 3025
1128 2295 2106 561 15729 3006
1129 2295 2106 548 15726 2975
1125 2296 2104 559 15692 2958
1124 2292 2105 577 15683 2935
1126 2295 2104 577 15686 2947
1126 2294 2105 561 15698 2969
1126 2293 2104 538 15719 3001
1127 2295 2105 524 15741 2990
1126 2294 2105 595 15780 2985
1127 2296 2106 644 15747 2983
1125 2296 2107 530 15727 2919
1127 2295 2106 494 15745 2932
1127 2296 2105 612 15706 2986
1127 2297 2107 582 15706 2990
1130 2296 2107 531 15732 2963
1127 2295 2107 524 15747 2971
1128 2296 2107 541 15740 3007
1128 2296 2108 543 15733 3015
1129 2296 2108 526 15729 3004
1131 2296 2106 504 15706 3004
1133 2298 2109 512 15703 3004
1127 2295 2108 531 15714 2994
1127 2295 2108 548 15705 2988
1127 2296 2108 556 15711 2994
1127 2296 2106 540 15724 3012
1128 2294 2106 532 15716 3039
1127 2297 2107 534 15722 3052
1128 2296 2105 526 15740 3043
1126 2294 2106 537 15741 3024
1125 2294 2105 552 15735 3026
1126 2293 2106 544 15730 3037
1126 2295 2106 530 15724 3024
1126 2295 2104 528 15709 2998
1128 2297 2107 533 15703 3003
1126 2293 2104 539 15712 3035
1126 2295 2106 533 15704 3048
1128 2297 2107 525 15690 3044
1127 2295 2107 531 15698 3040
1127 2299 2107 516 15730 3028
1131 2299 2110 515 15712 3065
1131 2302 2110 547 15696 3069
1127 2299 2108 608 15775 2999
1128 2300 2111 535 15729 2984
1128 2300 2109 423 15692 2989
1129 2298 2109 504 15748 3015
1127 2299 2109 575 15724 3050
1127 2298 2111 557 15718 3048
1128 2297 2110 531 15725 3021
1124 2296 2107 522 15691 3013
1127 2295 2107 537 15686 3015
1123 2294 2104 545 15699 3029
1124 2292 2103 548 15690 3042
1124 2292 2104 539 15700 2994
1123 2292 2101 540 15716 3025
1124 2291 2102 595 15762 3020
1123 2291 2099 551 15757 2976
1125 2291 2100 465 15708 3013
1123 2290 2100 506 15717 3018
1122 2289 2096 558 15721 3007
1123 2289 2100 555 15704 3043
1120 2288 2094 511 15717 3035
1121 2286 2094 459 15735 2977
1122 2284 2093 469 15746 2942
1121 2284 2090 504 15735 2968
1121 2283 2090 508 15724 2996
1120 2283 2089 482 15710 3013
1120 2283 2088 462 15683 3039
1120 2281 2086 481 15695 3040
1119 2280 2085 489 15721 3023
1118 2280 2082 480 15725 3015
1117 2279 2083 488 15722 3026
1119 2278 2082 504 15704 3036
1117 2277 2081 496 15688 3025
1117 2279 2080 475 15697 3010
1119 2277 2080 467 15712 3007
1117 2276 2077 474 15716 3007
1116 2275 2077 504 15719 3017
1116 2272 2078 522 15726 3029
1118 2275 2076 497 15724 3029
1117 2274 2075 460 15726 3006
1119 2275 2073 461 15727 2995
1118 2273 2073 493 15717 3011
1116 2275 2072 505 15698 2996
1118 2275 2073 472 15694 2977
1115 2275 2073 452 15714 2991
1117 2274 2071 467 15756 2992
1118 2275 2072 453 15758 2991
1118 2275 2071 461 15689 3027
1120 2278 2072 497 15737 3009
