2025-10-19 16:21:10    绿光---红外光---红光---X轴---Y轴---Z轴
1240 2707 2364 -503 15969 1057
1243 2708 2362 -523 15951 1044
1242 2708 2364 -480 15980 1085
1243 2710 2365 -419 15995 1070
1243 2709 2362 -485 16002 963
1242 2710 2366 -498 15991 1007
1242 2709 2366 -414 15974 1056
1244 2711 2366 -420 15964 1042
1243 2713 2371 -462 15930 1073
1247 2714 2370 -461 15967 1045
1247 2716 2373 -469 16003 1006
1247 2716 2373 -488 15984 1000
1248 2717 2377 -489 15987 1019
1246 2718 2377 -486 15999 1033
1247 2717 2379 -465 15984 1052
1245 2719 2378 -437 15987 1083
1247 2718 2380 -410 16007 1088
1247 2721 2380 -418 16024 1063
1247 2719 2380 -457 16031 1018
1246 2719 2379 -474 16023 1001
1245 2718 2379 -477 15983 1012
1247 2718 2378 -484 15941 1040
1243 2717 2374 -472 15934 1068
1242 2711 2368 -446 15959 1046
1240 2709 2363 -444 16020 997
1235 2703 2355 -460 15985 1081
1235 2698 2348 -454 15978 1119
1231 2694 2340 -382 16117 1059
1229 2690 2332 -469 16075 1129
1228 2686 2325 -639 16026 1192
1227 2683 2320 -499 16009 1293
1222 2678 2314 -475 16024 1253
1219 2670 2306 -450 16084 1147
1215 2664 2297 -487 16089 1062
1211 2657 2288 -544 16009 1096
1207 2651 2279 -574 15946 1151
1206 2645 2270 -646 16021 1104
1201 2640 2261 -777 16113 994
1197 2632 2253 -818 16099 852
1195 2626 2249 -643 16060 798
1194 2623 2241 -497 15994 784
1189 2613 2230 -591 15977 689
1185 2606 2218 -630 16028 706
1179 2598 2208 -507 16040 754
1177 2590 2199 -383 16032 694
1173 2583 2187 -349 15962 668
1171 2578 2178 -461 15978 578
1168 2574 2171 -554 16059 489
1164 2567 2162 -404 16019 530
1161 2563 2155 -173 15956 583
1160 2560 2149 -230 15906 551
1158 2555 2144 -405 15872 446
1160 2558 2146 -347 15846 332
1159 2556 2143 -58 15773 314
1157 2555 2140 54 15833 259
1157 2553 2136 -163 16037 28
1153 2550 2136 -234 16180 -85
1155 2550 2133 -36 16090 38
1157 2550 2131 12 15971 166
1152 2549 2128 -157 16061 65
1153 2544 2127 -294 16081 -45
1151 2544 2126 -183 16056 -74
1153 2547 2125 30 15963 -63
1152 2544 2126 219 15828 -141
1152 2551 2129 316 15904 -443
1156 2550 2131 157 15964 -700
1156 2552 2132 -28 15896 -717
1158 2557 2138 148 15920 -627
1160 2562 2144 418 16040 -709
1162 2564 2147 269 16124 -985
1165 2569 2155 -84 15983 -1265
1168 2575 2165 -268 15411 -897
1171 2579 2175 -210 15224 -708
1174 2582 2181 415 15945 -1209
1177 2586 2190 573 16203 -1440
1179 2589 2196 280 16081 -1245
1182 2594 2207 283 16091 -1160
1187 2600 2218 541 16115 -1265
1189 2604 2225 498 16001 -1428
1190 2603 2223 178 15935 -1474
1188 2602 2222 -7 16143 -1490
1190 2605 2224 -43 16286 -1540
1190 2606 2226 71 16173 -1393
1190 2609 2227 70 16079 -1260
1189 2609 2223 -139 16142 -1407
1191 2610 2223 -192 16168 -1593
1190 2615 2224 60 15993 -1555
1191 2611 2222 322 15850 -1457
1188 2613 2221 298 15825 -1435
1185 2609 2214 18 15472 -1258
1181 2601 2201 -143 15178 -1029
1179 2601 2192 23 15598 -1122
1181 2600 2187 190 16107 -1330
1177 2599 2184 200 16268 -1301
1174 2598 2182 170 16219 -1179
1175 2593 2177 153 16111 -1126
1170 2588 2172 184 16066 -1150
1169 2584 2168 274 16085 -1117
1168 2581 2164 381 16060 -1005
1163 2575 2161 416 16036 -1000
1164 2570 2156 91 16250 -1170
1161 2564 2152 10 16265 -1125
1161 2565 2152 46 16219 -1223
1160 2566 2151 163 16174 -1372
1162 2568 2154 182 16071 -1328
1164 2570 2158 110 16029 -1215
1165 2575 2164 80 16049 -1148
1171 2581 2171 165 16036 -1082
1172 2586 2177 189 15989 -1008
1176 2588 2183 -76 15734 -725
1179 2593 2189 -226 15693 -432
1180 2595 2197 80 16142 -708
1182 2599 2205 147 16289 -961
1186 2603 2209 9 16173 -838
1186 2605 2217 73 16147 -762
1187 2606 2219 249 16131 -821
1189 2610 2220 351 16127 -855
1189 2610 2224 192 16065 -782
1190 2612 2224 -21 16048 -780
1190 2612 2223 -50 16070 -832
1190 2615 2222 14 16091 -877
1193 2623 2228 78 16124 -868
1196 2631 2233 107 16061 -754
1199 2638 2232 57 15982 -647
1198 2639 2232 -11 16011 -634
1198 2640 2230 -55 16058 -682
1196 2640 2230 -65 16041 -735
1197 2641 2230 -96 15752 -690
1197 2641 2229 -346 15308 -396
1199 2641 2229 -521 15408 -258
1199 2641 2229 -320 15787 -504
1199 2638 2226 43 15923 -622
1194 2632 2221 200 15971 -615
1193 2631 2219 172 16095 -759
1192 2628 2218 165 16291 -853
1191 2625 2216 155 16286 -650
1189 2619 2209 120 16206 -486
1187 2614 2205 107 16271 -594
1183 2605 2197 80 16276 -670
1181 2601 2190 -16 16287 -680
1180 2600 2187 -56 16237 -616
1181 2601 2188 -104 16104 -571
1181 2603 2193 -49 16050 -615
1181 2604 2193 32 16089 -724
1183 2605 2196 70 16110 -743
1183 2609 2199 45 16148 -737
1184 2611 2204 -27 16125 -755
1186 2611 2207 -299 15674 -506
1188 2612 2210 -507 15381 -266
1188 2616 2214 -137 15852 -507
1189 2614 2214 112 16155 -743
1190 2614 2215 -86 16118 -713
1190 2615 2218 -116 16177 -677
1191 2613 2216 -42 16149 -662
1190 2613 2217 -74 16097 -627
1189 2613 2216 -134 16090 -572
1189 2614 2216 -141 16082 -555
1190 2618 2216 -120 16079 -578
1194 2625 2218 -111 16046 -574
1192 2633 2224 -107 16012 -590
1194 2636 2225 -107 16032 -624
1195 2638 2225 -88 16056 -626
1194 2638 2225 -77 16092 -639
1195 2639 2224 -81 16151 -655
1193 2638 2223 -179 15671 -404
1193 2637 2223 -540 15061 -62
1193 2637 2222 -570 15544 -353
1192 2636 2219 -134 16178 -778
1193 2636 2217 -4 16069 -666
1191 2632 2214 -25 15986 -546
1192 2630 2214 27 16118 -645
1187 2627 2211 -3 16194 -701
1186 2622 2207 -41 16197 -629
1185 2619 2204 -46 16184 -585
1184 2617 2201 -22 16202 -635
1183 2611 2198 1 16193 -618
1182 2605 2191 -95 16124 -571
1177 2598 2186 -158 16124 -545
1174 2592 2180 -34 16202 -547
1174 2593 2177 35 16219 -645
1174 2595 2182 -28 16133 -596
1173 2596 2181 -44 16077 -574
1175 2596 2179 -37 16035 -597
1173 2596 2179 -36 15995 -629
1174 2595 2177 -67 16044 -680
1174 2593 2176 -240 15861 -637
1173 2592 2177 -568 15402 -166
1174 2595 2177 -349 15686 -159
1174 2594 2177 -147 16062 -573
1175 2595 2178 -139 16116 -493
1175 2592 2178 -107 16141 -516
1174 2595 2178 -128 16109 -464
1175 2595 2180 -163 16087 -404
1176 2594 2179 -187 16108 -455
1175 2595 2180 -167 16121 -501
1178 2595 2180 -155 16069 -473
1176 2592 2179 -140 16052 -493
1176 2595 2180 -88 16001 -502
1177 2600 2179 -98 16020 -479
1180 2606 2181 -122 16089 -493
1182 2615 2187 -129 16127 -493
1185 2620 2194 -91 16188 -534
1187 2623 2194 -52 16263 -569
1187 2626 2198 -73 16113 -547
1187 2627 2199 -346 15296 -153
1187 2626 2200 -525 14918 -3
1188 2629 2199 -74 15734 -627
1187 2627 2201 377 16298 -1020
1188 2625 2201 299 16178 -837
1187 2624 2198 171 16082 -736
1184 2621 2198 240 16197 -879
1184 2619 2198 228 16195 -803
1185 2617 2196 59 16099 -630
1184 2614 2195 32 16140 -608
1185 2612 2194 108 16202 -634
1185 2609 2194 110 16155 -598
1180 2601 2187 153 16141 -621
1178 2597 2183 210 16171 -721
1176 2597 2183 195 16132 -715
1180 2600 2183 158 16055 -650
1179 2602 2184 168 16060 -684
1181 2603 2187 235 16128 -777
1181 2604 2189 285 16146 -846
1181 2606 2193 152 15804 -863
1182 2611 2197 -425 15147 -357
1185 2613 2205 -307 15657 -352
1185 2615 2209 236 16282 -829
1188 2617 2215 70 16208 -661
1189 2620 2218 23 16257 -702
1192 2621 2222 -43 16138 -701
1193 2622 2223 46 16028 -687
1193 2623 2228 196 16030 -728
1195 2625 2234 180 16019 -743
1196 2627 2234 48 15924 -710
1196 2628 2238 16 15930 -741
1197 2628 2239 95 16021 -802
1196 2631 2241 147 16024 -836
1197 2628 2241 143 15989 -857
1198 2629 2241 123 16010 -846
1201 2633 2248 117 16053 -829
1201 2635 2250 106 16056 -812
1200 2632 2248 81 16035 -800
1201 2635 2251 62 15954 -821
1201 2636 2251 -4 15621 -658
1202 2636 2250 -55 15599 -533
1201 2636 2252 101 16143 -847
1201 2633 2250 332 16333 -989
1201 2634 2249 353 16113 -818
1200 2633 2248 281 16102 -801
1201 2632 2248 146 16079 -795
1201 2634 2250 11 15978 -708
1202 2634 2247 70 16037 -628
1199 2632 2247 118 16116 -638
1201 2633 2248 102 16122 -663
1201 2632 2250 114 16064 -634
1203 2633 2250 123 16045 -639
1204 2632 2252 130 16063 -667
1202 2633 2252 157 16019 -683
1203 2634 2251 162 16000 -679
1202 2633 2251 113 16033 -657
1204 2632 2251 89 16044 -657
1203 2634 2251 182 16098 -683
1202 2635 2249 224 16105 -704
1201 2635 2252 125 16080 -711
1202 2633 2253 144 16125 -686
1202 2634 2250 199 16136 -670
1203 2634 2253 166 16092 -658
1205 2636 2251 146 16022 -691
1204 2634 2250 132 16046 -708
1200 2634 2252 151 16043 -692
1202 2635 2250 171 16039 -680
1202 2633 2253 155 16047 -685
1201 2635 2252 149 16061 -698
1203 2634 2252 162 16069 -712
1203 2634 2255 152 16078 -705
1203 2634 2253 143 16085 -689
1202 2635 2255 126 16026 -695
1202 2636 2253 119 16047 -695
1203 2637 2256 111 16072 -713
1204 2637 2256 119 16065 -710
1203 2636 2258 113 16062 -695
1205 2639 2260 100 16054 -668
1207 2642 2261 96 16064 -652
1206 2643 2263 80 16074 -666
1206 2642 2265 110 16058 -662
1207 2644 2266 149 16068 -682
1210 2646 2267 197 16088 -733
1207 2643 2268 98 16009 -699
1207 2643 2268 19 16003 -659
1206 2643 2270 111 16097 -658
1206 2643 2270 112 16100 -639
1205 2642 2270 103 16094 -629
1207 2643 2269 106 16095 -632
1206 2642 2270 89 16084 -653
1206 2643 2270 85 16059 -646
1206 2643 2271 98 16040 -626
1206 2643 2272 102 16014 -636
1206 2643 2273 67 16011 -640
1207 2644 2273 49 16029 -610
1207 2644 2274 146 16088 -629
1208 2643 2273 161 16104 -655
1206 2644 2274 63 16070 -633
1208 2645 2277 76 16101 -627
1210 2646 2279 97 16106 -619
1211 2644 2279 92 16081 -595
1210 2646 2282 86 16059 -589
1212 2648 2283 92 16029 -669
1209 2645 2281 94 16045 -635
1209 2644 2281 82 16058 -628
1210 2646 2282 69 16064 -610
1210 2645 2283 65 16074 -593
1209 2645 2284 60 16098 -604
1212 2647 2286 52 16104 -605
1212 2647 2287 42 16104 -589
1212 2648 2287 43 16084 -583
1212 2646 2285 67 16016 -580
1211 2646 2288 62 16048 -583
1212 2644 2287 55 16068 -583
1212 2646 2288 41 16071 -587
1212 2647 2289 27 16064 -598
1213 2645 2288 23 16057 -586
1212 2648 2289 19 16086 -589
1214 2648 2291 5 16114 -594
1213 2649 2293 42 16096 -566
1215 2649 2294 94 16085 -572
1215 2651 2296 136 16095 -616
1215 2649 2293 36 16030 -618
1215 2648 2293 -42 16027 -599
1214 2649 2293 49 16109 -586
1215 2647 2291 71 16126 -557
1215 2650 2293 50 16118 -549
1216 2649 2293 26 16090 -562
1215 2648 2292 11 16079 -567
1214 2648 2292 36 16078 -566
1215 2650 2290 63 16064 -559
1214 2649 2291 50 16035 -555
1214 2647 2290 3 16037 -563
1212 2647 2291 -21 16051 -545
1213 2649 2289 77 16103 -567
1214 2649 2290 102 16123 -611
1212 2647 2291 22 16095 -579
1213 2646 2291 41 16119 -555
1213 2647 2291 47 16113 -559
1213 2649 2288 18 16077 -526
1213 2648 2287 16 16052 -503
1213 2648 2289 39 16006 -541
1212 2648 2286 42 16022 -523
1210 2647 2289 26 16053 -526
1210 2648 2287 20 16079 -520
1212 2647 2287 30 16085 -490
1213 2649 2286 24 16098 -477
1215 2649 2286 10 16111 -477
1216 2648 2286 0 16110 -482
1212 2649 2286 -13 16099 -489
1211 2647 2286 30 16038 -502
1212 2650 2287 37 16046 -507
1213 2649 2286 34 16065 -505
1211 2649 2285 24 16079 -507
1210 2649 2286 10 16080 -500
1213 2649 2286 2 16077 -490
1212 2648 2286 -5 16096 -503
1212 2649 2285 -19 16135 -528
1212 2650 2285 19 16102 -486
1209 2649 2287 71 16076 -499
1212 2650 2286 139 16119 -566
1210 2649 2287 62 16027 -518
1211 2648 2287 -49 15989 -479
1208 2648 2286 39 16083 -491
1209 2648 2286 86 16083 -493
1210 2648 2287 71 16057 -484
1209 2649 2286 79 16049 -479
1212 2651 2286 78 16047 -486
1214 2651 2285 73 16040 -482
1212 2648 2286 70 16038 -478
1210 2648 2288 65 16023 -483
1211 2649 2287 53 16021 -497
1212 2649 2288 43 16039 -478
1211 2649 2287 128 16091 -490
1212 2650 2289 117 16089 -524
1213 2650 2288 24 16063 -509
1213 2650 2287 55 16097 -502
1211 2647 2288 89 16101 -502
1209 2648 2288 60 16069 -485
1211 2647 2290 23 16041 -488
1212 2647 2288 47 16027 -534
1212 2648 2288 47 16048 -536
1211 2646 2289 14 16061 -537
1210 2645 2287 -14 16077 -518
1213 2647 2288 2 16088 -496
1211 2647 2288 22 16105 -501
1213 2649 2289 12 16123 -510
1214 2649 2289 -7 16121 -513
1216 2650 2291 -22 16112 -516
1213 2647 2290 -2 16039 -541
1212 2647 2289 -16 16041 -528
1212 2648 2290 -33 16032 -508
1213 2649 2291 -24 16040 -511
1212 2647 2288 -22 16103 -549
1216 2649 2293 -26 16089 -526
1214 2651 2294 -22 16058 -501
1214 2650 2292 9 16155 -567
1215 2650 2294 -7 16107 -567
1215 2651 2295 -80 16015 -516
1214 2652 2296 18 16060 -505
1215 2652 2296 1 16072 -509
1216 2651 2297 -16 16085 -523
1216 2650 2298 -22 16081 -526
1216 2650 2297 -7 16058 -521
1216 2650 2298 0 16043 -524
1215 2651 2298 -22 16040 -520
1216 2652 2299 -36 16058 -504
1214 2653 2302 21 16080 -533
1216 2654 2302 73 16077 -512
1216 2652 2303 -2 16066 -542
1216 2653 2304 -32 16088 -531
1219 2654 2305 21 16089 -501
1219 2654 2305 19 16072 -504
1218 2653 2304 -10 16050 -508
1217 2655 2307 -35 16054 -545
1217 2655 2308 -30 16055 -555
1219 2654 2307 -4 16044 -544
1216 2654 2306 3 16015 -559
1217 2654 2308 -20 16018 -566
1216 2654 2308 -23 16049 -556
1217 2654 2308 -12 16079 -546
1217 2653 2308 -13 16102 -537
1217 2653 2307 -17 16104 -527
1218 2654 2310 -30 16092 -517
1216 2654 2308 -24 16084 -530
1216 2655 2310 -7 16084 -545
1217 2656 2313 -7 16083 -558
1218 2655 2312 20 16021 -564
1217 2654 2314 14 16025 -536
1217 2654 2316 8 16067 -539
1219 2653 2315 -8 16122 -558
1219 2655 2315 10 16111 -537
1218 2657 2315 41 16115 -541
1220 2656 2317 82 16154 -587
1219 2658 2319 0 16058 -565
1219 2660 2320 -47 16019 -542
1222 2659 2323 -7 16083 -558
1220 2660 2322 20 16021 -564
1222 2659 2325 14 16025 -536
1224 2662 2325 8 16067 -539
1224 2661 2327 -8 16122 -558
1221 2661 2327 10 16111 -537
1221 2660 2326 41 16115 -541
1222 2659 2328 82 16154 -587
1222 2660 2328 0 16058 -565
1224 2659 2329 -47 16019 -542
1221 2658 2329 88 16022 -530
1223 2660 2328 63 16023 -537
1222 2661 2329 54 16039 -559
1223 2661 2329 39 16031 -552
1223 2659 2331 51 16027 -541
1223 2661 2329 57 16037 -538
1224 2660 2330 47 16053 -531
1223 2659 2332 15 16078 -535
1223 2661 2332 -11 16080 -524
1226 2661 2334 99 16112 -555
1224 2662 2332 148 16112 -593
1225 2663 2331 55 16079 -577
1227 2664 2333 69 16101 -559
1229 2665 2332 109 16098 -554
1225 2661 2332 86 16068 -547
1226 2661 2334 65 16055 -560
1226 2661 2333 53 16068 -589
1226 2661 2334 63 16060 -593
1225 2660 2333 66 16048 -583
1226 2662 2334 49 16049 -579
1226 2662 2334 51 16038 -580
1224 2663 2335 71 16043 -562
1226 2662 2334 84 16071 -559
1225 2661 2333 77 16086 -568
1226 2662 2338 59 16084 -569
1226 2664 2336 45 16073 -583
1225 2663 2335 41 16069 -593
1225 2663 2336 46 16064 -576
1227 2664 2338 46 16069 -576
1226 2667 2341 46 16071 -587
1228 2668 2343 70 16032 -603
1231 2669 2345 76 16013 -617
1231 2673 2349 61 16028 -604
1230 2670 2347 58 16053 -606
1229 2670 2345 40 16095 -621
1228 2670 2347 41 16066 -570
1229 2669 2347 79 16050 -552
1228 2669 2348 145 16129 -631
1228 2668 2346 73 16045 -626
1230 2671 2348 -4 15987 -604
1229 2669 2348 128 16014 -587
1228 2669 2348 105 16043 -567
1229 2668 2348 94 16064 -559
1227 2668 2348 86 16054 -561
1229 2668 2349 91 16055 -564
1227 2669 2351 77 16055 -569
1229 2669 2351 54 16049 -568
1227 2668 2349 47 16051 -567
1230 2668 2350 45 16042 -570
1230 2669 2350 169 16043 -583
1228 2669 2354 72 16027 -588
1229 2669 2353 72 16085 -576
1229 2671 2353 114 16083 -550
1230 2672 2355 87 16062 -544
1229 2672 2353 56 16049 -551
1229 2670 2353 25 16060 -587
1229 2668 2352 41 16072 -600
1230 2669 2353 65 16068 -584
1229 2668 2352 66 16060 -584
1230 2667 2351 58 16042 -591
1231 2667 2353 57 16032 -574
1230 2669 2352 65 16057 -566
1230 2670 2351 52 16093 -564
1230 2667 2351 36 16100 -565
1228 2668 2351 34 16088 -577
1231 2667 2350 28 16084 -566
1230 2670 2352 30 16073 -555
1230 2668 2352 37 16078 -561
1231 2669 2352 25 16079 -562
1232 2668 2351 28 16036 -561
1232 2671 2352 39 16024 -562
1230 2670 2353 22 16049 -561
1232 2669 2351 4 16055 -552
1231 2668 2352 8 16089 -563
1231 2669 2350 6 16097 -559
1231 2669 2348 36 16079 -544
1230 2669 2347 76 16097 -566
1230 2668 2347 103 16105 -594
1229 2668 2347 -4 16031 -569
1228 2667 2343 33 16022 -560
1228 2665 2344 42 16052 -536
1227 2666 2340 16 16084 -529
1227 2664 2338 8 16069 -534
1225 2665 2336 16 16051 -540
1224 2664 2329 38 16055 -537
1226 2662 2328 29 16047 -520
1224 2662 2322 -2 16039 -497
1221 2659 2319 -19 16059 -523
1221 2660 2316 78 16089 -546
1219 2657 2314 66 16090 -579
1216 2657 2312 -9 16068 -537
1219 2657 2308 3 16110 -522
1219 2655 2304 -6 16129 -521
1216 2656 2302 -38 16102 -497
1215 2654 2300 -38 16082 -511
1215 2654 2298 -28 16085 -541
1214 2653 2294 -16 16071 -529
1214 2650 2292 10 16009 -525
1212 2651 2291 19 15966 -583
1212 2648 2289 6 16018 -612
1210 2648 2286 8 16073 -599
1210 2648 2285 15 16072 -576
1209 2647 2283 37 16084 -582
1207 2647 2281 52 16070 -606
1212 2648 2281 45 16077 -628
1207 2645 2280 57 16106 -650
1206 2644 2279 58 16085 -637
1207 2644 2280 41 16075 -624
1208 2642 2278 52 16075 -647
1207 2643 2278 82 16083 -663
1208 2645 2279 68 16061 -629
1206 2644 2279 27 16036 -598
1207 2644 2279 22 16066 -612
1207 2642 2278 26 16109 -644
1207 2640 2279 16 16105 -598
1206 2638 2276 16 16071 -591
1206 2637 2276 54 16133 -674
1204 2634 2272 54 16145 -659
1202 2631 2268 43 16020 -619
1201 2627 2265 118 16086 -647
1200 2624 2262 102 16148 -697
1200 2624 2257 84 16128 -679
1200 2624 2259 56 16102 -688
1204 2631 2262 93 16095 -706
1203 2627 2262 82 16042 -681
1204 2631 2267 -33 16016 -716
1206 2634 2273 -62 16055 -758
1207 2637 2276 -123 15846 -586
1209 2640 2281 -279 15637 -383
1211 2644 2288 -6 16045 -639
1215 2648 2295 147 16288 -820
1216 2649 2301 -80 16193 -608
1216 2650 2304 -77 16251 -525
1220 2652 2310 -4 16159 -572
1220 2657 2318 17 16001 -567
1223 2659 2322 -4 16026 -612
1224 2659 2324 11 16129 -714
1223 2661 2323 49 16055 -753
1225 2661 2324 61 15930 -774
1223 2666 2328 42 15947 -795
1226 2666 2327 23 16020 -798
1225 2669 2328 52 16072 -797
1225 2672 2329 68 16039 -861
1227 2674 2331 16 15716 -800
1226 2673 2332 -68 15345 -501
1228 2673 2331 -78 15540 -443
1228 2675 2332 44 15990 -680
1227 2675 2331 163 16149 -842
1226 2672 2329 142 16124 -866
1227 2671 2328 38 16041 -748
1225 2671 2325 13 16013 -643
1224 2668 2323 20 16067 -691
1223 2665 2319 45 16067 -675
1221 2663 2317 129 16117 -664
1220 2661 2314 170 16251 -782
1220 2657 2308 120 16185 -766
1217 2654 2306 24 16103 -704
1214 2649 2301 126 16223 -744
1212 2643 2293 147 16087 -593
1210 2642 2289 34 15951 -539
1212 2641 2291 131 16044 -670
1211 2645 2291 172 16133 -774
1210 2644 2292 83 16135 -798
1213 2645 2295 -4 16108 -833
1214 2646 2298 -18 15998 -821
1214 2648 2301 -123 15626 -569
1217 2651 2308 -231 15562 -460
1218 2656 2317 186 16080 -761
1221 2658 2321 42 16099 -746
1221 2659 2326 49 16205 -782
1224 2660 2331 71 16199 -784
1224 2664 2335 49 16135 -693
1226 2664 2340 29 16140 -700
1228 2666 2343 46 16143 -760
1230 2667 2343 61 16059 -746
1229 2668 2345 34 15997 -708
1230 2674 2352 80 16026 -821
1235 2684 2368 174 16071 -838
1239 2691 2377 168 16096 -854
1239 2696 2380 89 15844 -784
1243 2697 2386 -61 15370 -479
1243 2701 2388 -82 15467 -431
1243 2701 2389 154 16026 -863
1242 2700 2388 280 16188 -959
1241 2700 2387 156 16118 -744
1242 2696 2385 71 16081 -751
1241 2696 2382 217 16026 -857
1240 2693 2381 317 16076 -902
1238 2688 2379 246 16137 -879
1238 2688 2376 252 16156 -911
1236 2685 2371 344 16188 -1008
1237 2682 2368 333 16103 -1001
1237 2680 2363 181 15993 -935
1233 2675 2357 194 16063 -887
1232 2670 2354 291 16162 -890
1229 2668 2350 284 16151 -902
1230 2667 2349 323 16083 -905
1230 2667 2354 312 16101 -944
1233 2672 2358 209 16039 -954
1235 2674 2363 131 15963 -945
1237 2675 2374 49 15800 -777
1239 2681 2380 111 15912 -826
1241 2683 2389 337 16199 -1040
1244 2689 2397 386 16182 -995
1249 2692 2409 274 16091 -1015
1251 2698 2420 228 15970 -1043
1256 2705 2430 322 15921 -1027
1259 2709 2443 401 16002 -1038
1263 2717 2455 369 16033 -1040
1267 2720 2465 294 15962 -1049
1265 2721 2468 315 15932 -1068
1268 2723 2475 383 15982 -1108
1270 2726 2481 411 15979 -1139
1271 2730 2487 403 15945 -1137
1274 2731 2493 390 15965 -1129
1274 2734 2499 344 15889 -1106
1275 2734 2498 367 15867 -1030
1275 2734 2499 415 15960 -1056
1275 2734 2497 339 15946 -1078
1275 2734 2498 350 15901 -1005
1276 2735 2499 453 15949 -978
1275 2737 2502 471 16009 -991
1277 2737 2503 421 16023 -976
1277 2739 2502 371 16046 -964
1279 2738 2506 347 16053 -941
1279 2742 2512 367 16050 -933
1281 2745 2518 363 16033 -892
1282 2748 2523 375 16023 -865
1283 2751 2526 403 16066 -890
1284 2750 2527 416 16080 -893
1283 2744 2520 302 16050 -875
1281 2745 2520 264 16057 -845
1281 2743 2515 408 16084 -826
1278 2743 2514 431 16069 -807
1280 2741 2513 429 16068 -809
1278 2745 2514 510 16056 -849
1280 2741 2512 549 16035 -871
1278 2738 2509 482 16030 -863
1275 2736 2503 405 16008 -851
1275 2734 2500 350 15999 -831
1272 2729 2496 367 16078 -879
1272 2726 2490 467 16132 -890
1268 2722 2479 527 16092 -911
1265 2717 2470 419 16080 -1020
1264 2714 2464 412 16101 -988
1265 2715 2464 563 16127 -981
1263 2714 2464 528 16138 -1060
1263 2713 2460 435 16011 -1060
1263 2712 2463 224 15540 -796
1262 2712 2460 191 15577 -792
1263 2715 2457 474 16041 -1072
1262 2710 2456 503 16033 -1024
1261 2710 2455 396 15983 -960
1261 2709 2454 351 16000 -966
1261 2710 2451 303 15984 -938
1262 2709 2450 343 16038 -921
1260 2709 2452 346 16070 -954
1261 2711 2451 315 16081 -951
1262 2710 2451 307 16080 -934
1261 2711 2452 306 16067 -929
1261 2709 2452 300 16075 -922
1264 2711 2451 277 16108 -927
1261 2711 2451 242 16120 -928
1262 2712 2451 226 16081 -893
1263 2713 2452 241 16023 -872
1263 2715 2451 250 16050 -930
1261 2714 2452 233 16043 -918
1265 2714 2450 241 15862 -802
1264 2715 2448 199 15794 -773
1261 2714 2444 143 15881 -823
1260 2712 2441 111 15948 -839
1259 2712 2440 217 16052 -809
1259 2713 2437 354 16122 -776
1261 2715 2439 270 16132 -750
1260 2716 2438 171 16123 -709
1260 2716 2439 219 16066 -666
1259 2719 2442 181 16103 -655
1263 2723 2444 142 16101 -619
1265 2725 2453 98 16087 -576
1266 2728 2454 94 16091 -570
1267 2732 2458 167 16068 -518
1270 2734 2462 234 16014 -501
1267 2729 2460 187 15946 -569
1266 2728 2458 204 15987 -594
1264 2726 2456 391 16093 -685
1264 2723 2452 359 16128 -721
1261 2718 2447 227 16052 -700
1261 2714 2439 177 16050 -709
1257 2708 2428 315 16191 -806
1251 2702 2415 403 16211 -780
1248 2692 2401 344 16092 -665
1240 2683 2388 258 16060 -659
1238 2675 2375 243 16182 -798
1234 2672 2367 302 16152 -934
1233 2671 2365 -63 15477 -632
1233 2670 2364 -242 15262 -439
1234 2671 2364 250 15972 -743
1236 2671 2364 383 16136 -878
1235 2670 2365 141 15946 -766
1236 2674 2367 149 16037 -786
1238 2675 2373 187 16100 -839
1237 2674 2371 177 16111 -808
1237 2677 2377 199 16087 -782
1238 2680 2381 229 16114 -832
1241 2683 2386 286 16162 -855
1242 2685 2391 204 16082 -782
1245 2690 2400 109 16008 -735
1248 2692 2406 222 16021 -742
1249 2691 2409 294 16010 -769
1249 2693 2412 268 15982 -774
1249 2693 2415 260 15947 -763
1250 2695 2415 277 15902 -749
1250 2695 2415 281 15850 -730
1250 2695 2415 243 15849 -726
1250 2693 2415 220 15942 -726
1250 2693 2416 240 16039 -761
1250 2695 2416 292 16104 -764
1250 2694 2415 361 16119 -738
1249 2696 2415 303 16124 -776
1250 2695 2418 236 16135 -755
1249 2695 2414 274 16106 -694
1250 2694 2414 277 16062 -684
1250 2694 2413 218 15951 -672
1249 2696 2413 241 16000 -671
1251 2694 2413 274 16068 -714
1251 2694 2415 260 16038 -713
1253 2696 2415 227 16017 -697
1251 2697 2416 237 16045 -688
1253 2696 2415 254 16084 -699
1253 2697 2416 228 16129 -721
1252 2698 2417 220 16127 -701
1254 2697 2416 260 16043 -707
1252 2698 2417 247 16051 -727
1254 2697 2415 246 16063 -735
1253 2698 2417 225 16052 -721
1252 2699 2416 204 16028 -709
1252 2697 2416 224 16034 -707
1252 2698 2418 241 16083 -730
1252 2698 2419 240 16059 -697
1252 2698 2422 258 16033 -700
1253 2698 2418 305 16075 -788
1254 2700 2418 168 15973 -733
1253 2702 2422 183 16027 -701
1252 2702 2423 273 16053 -689
1254 2702 2425 264 16049 -696
1253 2704 2426 259 16036 -699
1254 2702 2426 264 16013 -707
1254 2704 2427 286 16008 -711
1255 2703 2426 290 16010 -721
1257 2703 2428 271 16010 -731
1254 2703 2427 261 16004 -740
1255 2702 2428 238 16000 -760
1254 2702 2427 279 16062 -758
1256 2703 2429 323 16065 -747
1255 2705 2428 237 16056 -787
1255 2705 2428 241 16088 -769
1255 2705 2429 312 16069 -736
1255 2704 2429 294 16054 -737
1255 2704 2429 259 16043 -716
1254 2705 2429 239 16045 -744
1254 2707 2429 254 16034 -774
1255 2706 2429 279 16021 -759
1252 2703 2429 278 16035 -758
1254 2703 2428 256 16046 -756
1253 2703 2428 243 16045 -727
1254 2705 2428 245 16057 -716
1254 2702 2430 258 16078 -718
1252 2704 2428 270 16073 -722
1256 2704 2427 259 16068 -728
1255 2703 2429 229 16075 -729
1254 2701 2426 254 16034 -774
1252 2702 2429 279 16021 -759
1253 2702 2429 278 16035 -758
1253 2702 2430 256 16046 -756
1254 2702 2429 243 16045 -727
1255 2703 2430 245 16057 -716
1254 2702 2431 258 16078 -718
1253 2703 2429 270 16073 -722
1254 2702 2432 259 16068 -728
1254 2704 2432 229 16075 -729
1255 2702 2431 249 16011 -759
1254 2703 2435 252 16037 -748
1256 2703 2434 241 16051 -730
1256 2703 2436 230 16042 -718
1255 2703 2435 218 16068 -731
1255 2702 2434 205 16101 -743
1255 2701 2435 245 16079 -716
1256 2703 2436 291 16068 -718
1255 2702 2436 345 16118 -783
1258 2705 2436 251 16043 -786
1259 2705 2439 159 15999 -757
1257 2704 2437 260 16067 -731
1256 2703 2435 294 16050 -690
1257 2703 2437 274 16047 -686
1258 2704 2436 272 16055 -696
1257 2702 2437 282 16049 -705
1258 2706 2438 301 16030 -708
1259 2702 2436 302 16009 -707
1258 2704 2436 279 16027 -699
1257 2702 2436 253 16045 -700
1256 2703 2435 266 16020 -704
1258 2704 2436 368 16069 -739
1257 2704 2436 351 16080 -759
1256 2704 2436 245 16045 -740
1256 2702 2435 289 16084 -739
1257 2701 2436 327 16090 -736
1257 2704 2435 288 16068 -722
1256 2704 2435 248 16045 -715
1256 2705 2436 238 16048 -734
1256 2704 2435 270 16060 -745
1256 2707 2437 302 16037 -762
1257 2709 2437 298 16021 -780
1257 2705 2435 275 16031 -764
1257 2705 2436 283 16037 -741
1258 2704 2436 292 16052 -731
1258 2707 2438 284 16066 -725
1258 2705 2436 280 16056 -724
1257 2707 2439 267 16041 -736
1258 2708 2440 259 16037 -750
1259 2708 2441 269 16041 -750
1259 2708 2442 272 16029 -764
1259 2709 2444 267 16022 -770
1260 2708 2444 253 16033 -754
1258 2707 2445 252 16038 -742
1260 2706 2445 265 16068 -745
1258 2708 2443 252 16058 -726
1256 2708 2443 273 16041 -722
1257 2707 2444 311 16074 -756
1256 2706 2444 339 16073 -773
1258 2706 2444 230 16026 -768
1257 2708 2446 285 16033 -739
1255 2705 2444 299 16026 -718
1258 2704 2442 284 16035 -719
1258 2706 2442 272 16037 -715
1257 2705 2442 275 16024 -688
1257 2707 2441 286 16023 -684
1256 2707 2442 262 16030 -683
1256 2706 2442 239 16042 -671
1257 2705 2441 225 16062 -692
1258 2706 2442 251 16056 -672
1258 2705 2439 354 16039 -688
1260 2706 2439 312 16047 -780
1254 2705 2438 233 16048 -738
1256 2704 2436 298 16065 -663
1256 2703 2435 322 16069 -652
1253 2704 2433 263 16049 -645
1253 2703 2433 188 16052 -663
1255 2702 2430 169 16064 -697
1254 2701 2430 203 16068 -708
1253 2700 2428 219 16058 -709
1253 2700 2425 221 16031 -719
1253 2700 2426 220 16008 -705
1252 2698 2425 214 16028 -691
1251 2700 2423 223 16069 -703
1252 2700 2422 213 16084 -710
1250 2697 2421 192 16075 -707
1252 2698 2421 188 16063 -708
1251 2699 2419 205 16068 -710
1253 2700 2419 212 16082 -714
1253 2701 2419 193 16086 -717
1254 2702 2419 180 16017 -725
1253 2699 2420 181 16015 -703
1253 2700 2420 211 16051 -719
1252 2699 2419 206 16072 -725
1252 2699 2420 207 16061 -705
1253 2700 2419 221 16078 -743
1255 2701 2419 266 16081 -768
1251 2700 2419 188 16010 -714
1252 2700 2418 115 16013 -678
1250 2699 2418 215 16082 -687
1253 2699 2415 256 16059 -695
1252 2699 2415 260 16038 -698
1251 2700 2416 278 16038 -701
1252 2699 2413 276 16016 -705
1250 2698 2413 257 16004 -682
1250 2699 2412 223 16000 -661
1251 2699 2413 194 16015 -652
1253 2702 2413 181 16050 -676
1252 2699 2409 206 16073 -672
1249 2699 2410 298 16071 -676
1251 2698 2409 195 16022 -717
1249 2699 2408 259 16053 -673
1250 2698 2408 271 16066 -687
1251 2699 2409 213 16044 -682
1250 2700 2408 161 16037 -697
1250 2699 2407 169 16056 -719
1250 2699 2409 208 16052 -711
1249 2700 2406 213 16028 -711
1250 2699 2408 190 16031 -725
1250 2701 2408 209 16014 -734
1251 2699 2409 204 16046 -730
1250 2700 2409 188 16074 -722
1251 2700 2409 182 16063 -708
1251 2700 2409 183 16050 -696
1249 2702 2410 178 16044 -692
1251 2703 2412 182 16046 -699
1251 2704 2412 188 16054 -703
1249 2701 2410 194 16046 -696
1250 2700 2410 203 16037 -709
1250 2700 2410 208 16076 -755
1251 2701 2411 214 16067 -716
1249 2699 2410 231 16050 -707
1249 2702 2412 273 16137 -777
1250 2701 2412 262 16096 -758
1249 2702 2411 146 16007 -717
1249 2698 2412 175 16054 -706
1248 2700 2411 281 16082 -700
1250 2699 2412 261 16067 -695
1250 2700 2413 251 16050 -709
1249 2700 2413 270 16005 -725
1250 2700 2415 288 15980 -722
1250 2702 2413 283 15995 -715
1251 2701 2415 253 16022 -713
1250 2700 2415 230 16041 -704
1251 2702 2415 221 16040 -704
1250 2700 2417 289 16098 -742
1251 2700 2416 318 16083 -749
1252 2701 2416 233 16055 -756
1251 2702 2414 237 16086 -745
1251 2700 2415 304 16001 -734
1252 2699 2415 238 15996 -718
1250 2701 2414 214 16010 -732
1251 2699 2416 249 16019 -740
1251 2699 2417 278 16023 -736
1252 2699 2415 257 16040 -730
1250 2700 2415 217 16048 -729
1253 2699 2415 205 16047 -715
1253 2700 2415 231 16062 -713
1249 2699 2416 260 16034 -730
1251 2701 2416 236 16034 -725
1250 2697 2416 217 16044 -725
1250 2700 2416 218 16052 -720
1253 2701 2418 215 16055 -727
1253 2700 2418 201 16054 -739
1253 2702 2419 195 16050 -734
1252 2702 2422 222 16066 -748
1254 2702 2423 221 16097 -771
1254 2702 2423 276 16020 -741
1253 2702 2425 324 16084 -809
1253 2702 2424 233 16024 -790
1253 2702 2425 147 15986 -759
1255 2702 2423 245 16061 -739
1253 2702 2425 282 16049 -713
1256 2704 2426 264 16046 -719
1257 2704 2425 255 16035 -732
1253 2702 2426 258 16022 -736
1256 2701 2426 260 16017 -722
1254 2702 2428 250 15984 -713
1254 2702 2427 233 15975 -705
1255 2702 2428 188 16007 -693
1255 2703 2428 173 16025 -678
1255 2703 2428 288 16098 -708
1255 2701 2430 323 16096 -746
1254 2703 2427 219 16045 -740
1255 2703 2430 241 16088 -723
1255 2704 2430 299 16093 -698
1254 2702 2428 267 16065 -678
1254 2703 2429 225 16004 -714
1255 2704 2428 248 16019 -714
1255 2703 2429 254 16024 -696
1256 2706 2432 243 16044 -698
1257 2703 2430 236 16061 -703
1255 2703 2428 223 16062 -685
1256 2706 2431 217 16061 -673
1256 2705 2431 209 16063 -668
1254 2704 2432 191 16064 -667
1257 2705 2432 208 16005 -707
1257 2706 2432 208 16020 -705
1257 2706 2432 201 16040 -694
1254 2705 2431 194 16058 -678
1255 2703 2430 174 16057 -664
1256 2704 2432 163 16056 -653
1255 2704 2431 178 16085 -653
1254 2704 2430 165 16087 -646
1255 2705 2430 166 16080 -651
1254 2703 2427 197 16076 -681
1254 2703 2428 251 16057 -717
1252 2704 2426 162 16011 -727
1253 2703 2426 96 16019 -710
1253 2704 2426 198 16073 -699
1250 2704 2426 217 16069 -691
1251 2702 2421 204 16067 -688
1250 2701 2419 209 16048 -690
1250 2701 2418 224 16031 -708
1252 2699 2416 223 16026 -709
1250 2699 2413 204 16005 -697
1249 2700 2413 197 15973 -700
1248 2702 2409 184 15980 -708
1248 2703 2407 203 16019 -689
1248 2701 2404 292 16069 -713
1249 2705 2406 269 16094 -740
1248 2703 2408 182 16062 -670
1251 2706 2408 180 16006 -630
1251 2706 2409 115 15913 -608
1249 2706 2408 16 15811 -564
1249 2706 2406 31 15835 -619
1249 2705 2407 280 16063 -784
1250 2705 2406 243 16091 -750
1248 2703 2406 179 16080 -691
1249 2702 2405 132 16110 -680
1249 2702 2406 96 16125 -684
1248 2701 2401 109 16114 -672
1247 2698 2397 109 16145 -673
1245 2694 2392 56 16169 -671
1244 2690 2384 56 16142 -642
1239 2685 2376 115 16026 -648
1236 2679 2369 123 16042 -662
1232 2672 2356 128 16132 -704
1231 2667 2346 105 16178 -700
1226 2659 2336 89 16178 -700
1226 2654 2326 109 16216 -751
1221 2647 2320 84 16164 -742
1220 2651 2317 16 16061 -733
1220 2652 2319 16 16140 -844
1221 2651 2322 -644 15207 -384
1221 2652 2321 -476 15524 -481
1223 2655 2326 207 16137 -807
1225 2657 2329 135 16061 -705
1226 2658 2333 14 16133 -698
1226 2661 2337 41 16181 -760
1229 2663 2342 33 16121 -694
1227 2665 2348 30 16118 -607
1232 2668 2351 45 16171 -631
1234 2672 2358 24 16166 -676
1234 2673 2365 1 16107 -730
1238 2678 2372 39 16105 -760
1240 2680 2379 128 16111 -770
1242 2682 2380 96 16039 -831
1241 2682 2383 31 15977 -869
1240 2683 2384 95 15967 -909
1242 2688 2387 82 15845 -876
1245 2690 2394 -4 15667 -754
1245 2694 2397 -58 15567 -613
1248 2697 2401 -22 15698 -581
1248 2700 2404 113 15949 -720
1252 2705 2413 140 16015 -770
1255 2712 2423 101 16086 -787
1257 2715 2432 90 16113 -765
1259 2721 2439 40 16035 -659
1261 2722 2442 20 16072 -645
1261 2723 2444 49 16165 -647
1263 2725 2449 52 16114 -585
1263 2722 2449 52 16090 -608
1264 2721 2449 97 16141 -666
1263 2722 2447 107 16098 -682
1259 2712 2441 87 16066 -686
1255 2709 2436 111 16102 -675
1255 2705 2429 142 16171 -694
1250 2700 2418 186 16226 -712
1249 2695 2408 214 16225 -727
1242 2687 2393 272 16262 -777
1238 2678 2381 297 16245 -779
1238 2674 2373 202 16167 -775
1234 2673 2372 106 16156 -817
1236 2675 2375 -297 15462 -593
1236 2676 2376 -380 15417 -491
1237 2675 2375 201 16045 -827
1238 2677 2380 401 16025 -794
1239 2679 2383 162 15939 -749
1240 2684 2391 98 16085 -836
1243 2688 2398 125 16093 -813
1246 2689 2403 133 16072 -732
1247 2695 2411 188 16149 -737
1249 2695 2412 230 16153 -779
1249 2696 2419 136 16073 -796
1252 2697 2421 120 16108 -807
1253 2700 2426 189 16155 -796
1252 2698 2430 192 16089 -749
1253 2700 2430 154 16020 -756
1253 2701 2430 128 15992 -820
1255 2701 2433 158 16028 -871
1255 2707 2436 147 15905 -820
1259 2712 2445 29 15579 -625
1261 2720 2455 -17 15617 -571
1267 2724 2466 84 15903 -672
1269 2730 2479 194 16028 -717
1274 2739 2493 244 16103 -745
1278 2745 2509 253 16184 -769
1283 2753 2524 244 16180 -744
1285 2755 2531 239 16126 -698
1287 2756 2540 245 16152 -698
1290 2757 2544 267 16227 -754
1290 2757 2546 214 16213 -789
1290 2757 2545 134 16098 -745
1289 2754 2543 168 15948 -677
1287 2750 2536 353 15984 -666
1286 2745 2530 471 16140 -781
1282 2743 2524 443 16177 -818
1282 2739 2514 256 16091 -797
1278 2732 2503 99 16031 -780
1276 2728 2493 165 16063 -806
1273 2721 2480 272 16154 -882
1269 2718 2475 305 16139 -913
1269 2716 2474 240 15947 -860
1267 2716 2471 175 15828 -808
1266 2716 2470 165 15849 -805
1269 2717 2469 211 15870 -809
1266 2716 2471 166 15862 -760
1268 2717 2469 154 15973 -835
1268 2716 2470 290 16099 -887
1266 2716 2471 366 16112 -842
1267 2717 2469 290 16152 -912
1267 2716 2469 239 16132 -879
1268 2716 2466 279 16073 -827
1265 2716 2468 272 16063 -856
1267 2716 2467 252 16083 -855
1267 2718 2467 244 16097 -854
1268 2718 2466 239 16112 -872
1269 2721 2465 209 16083 -851
1268 2720 2468 203 16004 -818
1267 2722 2469 164 15829 -727
1269 2723 2475 105 15834 -728
1270 2727 2481 105 15955 -807
1272 2729 2486 114 15890 -737
1275 2734 2489 176 15903 -702
1276 2735 2493 265 16020 -762
1276 2736 2496 284 16101 -794
1277 2738 2500 238 16109 -758
1278 2739 2503 190 16098 -713
1279 2740 2505 170 16111 -690
1277 2743 2507 160 16084 -662
1279 2742 2509 155 16055 -626
1280 2744 2511 143 16094 -609
1280 2744 2514 179 16124 -608
1279 2745 2518 250 16128 -650
1281 2748 2520 176 16077 -627
1285 2747 2521 63 15993 -594
1281 2749 2521 142 16042 -577
1279 2742 2514 211 16106 -599
1276 2740 2510 177 16124 -639
1276 2736 2504 142 16090 -605
1274 2729 2495 148 16118 -631
1269 2723 2481 225 16233 -745
1266 2717 2470 337 16299 -777
1261 2709 2455 389 16246 -669
1257 2703 2444 287 16118 -611
1257 2700 2439 160 16060 -689
1255 2700 2435 111 15840 -728
1256 2703 2436 -254 15355 -520
1255 2700 2430 -217 15676 -595
1254 2699 2428 264 16161 -832
1252 2698 2428 239 15987 -719
1253 2696 2424 124 15993 -710
1252 2696 2424 107 16053 -802
1251 2697 2421 100 16009 -798
1251 2696 2420 139 16012 -747
1252 2694 2417 136 16046 -740
1251 2697 2418 86 16058 -735
1251 2693 2413 58 16082 -719
1249 2692 2412 60 16123 -727
1251 2692 2410 73 16117 -717
1250 2691 2405 87 16113 -700
1248 2689 2403 100 16135 -707
1247 2691 2402 99 16124 -709
1249 2693 2401 116 16076 -697
1250 2694 2403 100 16046 -705
1250 2699 2404 11 15873 -635
1253 2702 2409 -84 15676 -504
1254 2703 2412 -54 15810 -505
1256 2707 2418 85 16026 -568
1258 2714 2424 124 16081 -607
1257 2716 2431 138 16126 -670
1260 2720 2433 190 16210 -766
1262 2720 2439 214 16206 -736
1263 2720 2443 91 16077 -639
1263 2721 2448 138 16152 -616
1263 2721 2452 143 16116 -546
1265 2722 2449 156 16070 -513
1264 2722 2451 173 16081 -515
1265 2721 2450 163 16068 -479
1264 2720 2450 137 16021 -454
1261 2717 2444 121 16031 -483
1260 2715 2443 148 16123 -528
1260 2714 2441 294 16185 -622
1261 2713 2439 203 16146 -598
1259 2711 2436 74 16116 -667
1259 2708 2429 137 16112 -653
1258 2702 2423 261 16128 -646
1252 2700 2417 258 16183 -748
1252 2697 2413 194 15939 -757
1252 2700 2416 -114 15370 -484
1253 2700 2414 -59 15587 -545
1252 2700 2415 321 16069 -828
1252 2701 2416 275 15962 -754
1253 2700 2415 166 15982 -737
1253 2702 2415 176 16078 -801
1251 2701 2416 175 16082 -772
1253 2701 2416 172 16084 -706
1251 2698 2414 187 16134 -711
1252 2701 2417 164 16154 -715
1249 2701 2416 123 16113 -695
1251 2700 2417 129 16104 -709
1251 2702 2417 128 16072 -707
1249 2699 2417 135 16018 -704
1252 2701 2418 151 16015 -718
1253 2700 2419 125 16080 -753
1252 2701 2418 117 16129 -736
1255 2703 2420 171 16176 -765
1256 2707 2420 227 16228 -836
1254 2707 2424 165 16099 -764
1257 2713 2434 -23 15705 -536
1263 2722 2451 -125 15446 -335
1267 2729 2465 -31 15713 -478
1269 2735 2475 354 16103 -671
1275 2742 2489 294 16052 -593
1277 2747 2498 253 16074 -581
1280 2751 2509 214 16059 -538
1284 2754 2520 182 16076 -502
1286 2757 2528 194 16126 -476
1287 2759 2536 178 16130 -439
1288 2761 2539 261 16185 -466
1292 2761 2544 319 16207 -496
1290 2760 2545 264 16155 -476
1289 2759 2545 318 16172 -478
1290 2757 2544 408 16232 -522
1289 2756 2541 383 16208 -541
1288 2754 2538 277 16074 -547
1287 2752 2535 164 16006 -607
1289 2751 2531 85 15982 -641
1284 2746 2523 125 15964 -643
1281 2740 2513 300 16023 -666
1280 2733 2503 414 16092 -713
1274 2729 2495 242 16085 -867
1271 2722 2485 230 15869 -804
1268 2719 2479 23 15455 -572
1271 2720 2476 41 15641 -629
1270 2720 2479 372 16108 -900
1269 2719 2476 319 16047 -864
1270 2719 2473 171 16013 -830
1268 2719 2474 193 16058 -873
1270 2718 2471 208 16022 -847
1268 2719 2474 210 16062 -884
1269 2719 2471 210 16080 -856
1269 2717 2469 246 16088 -832
1268 2719 2472 355 16179 -907
1268 2719 2470 302 16129 -896
1269 2722 2472 160 16031 -844
1269 2722 2472 210 15883 -783
1270 2724 2473 173 15682 -665
1271 2728 2476 80 15762 -681
1273 2726 2479 222 15942 -745
1273 2730 2485 500 16150 -848
1274 2730 2486 586 16258 -970
1275 2730 2484 408 16063 -875
1272 2730 2482 267 15960 -767
1272 2730 2483 284 16049 -783
1272 2729 2482 301 16077 -782
1270 2728 2480 361 16128 -810
1270 2727 2481 367 16128 -841
1269 2725 2479 291 16057 -808
1271 2725 2477 335 16057 -783
1272 2725 2478 325 16017 -822
1267 2725 2477 309 15988 -803
1268 2723 2477 219 15921 -782
1267 2724 2473 203 15975 -833
1268 2724 2475 284 16040 -879
1268 2725 2475 298 16028 -866
1267 2722 2476 314 16067 -857
1268 2723 2476 323 16084 -854
1268 2724 2478 309 16078 -849
1269 2724 2476 306 16037 -835
1269 2725 2474 279 16035 -834
1269 2724 2475 295 16050 -846
1269 2724 2475 311 16057 -854
1269 2725 2474 300 16049 -846
1268 2725 2475 293 16043 -836
1267 2724 2474 282 16046 -842
1270 2722 2475 274 16034 -856
1269 2724 2474 281 16044 -869
1271 2722 2473 278 16068 -875
1271 2723 2474 302 16052 -871
1267 2724 2473 317 16034 -871
1269 2723 2473 349 16071 -906
1268 2722 2474 273 16040 -913
1268 2724 2474 181 16027 -891
1270 2724 2473 277 16077 -877
1271 2724 2476 311 16054 -858
1271 2722 2474 293 16057 -861
1270 2724 2476 304 16068 -871
1270 2724 2475 299 16047 -877
1269 2724 2477 302 16018 -881
1270 2723 2476 313 16007 -869
1270 2725 2477 302 16029 -849
1270 2723 2477 265 16049 -850
1269 2723 2476 244 16049 -851
1271 2723 2478 329 16089 -886
1272 2724 2480 342 16090 -928
1272 2724 2481 251 16047 -909
1273 2726 2483 276 16071 -901
1274 2728 2484 323 16072 -882
1271 2725 2488 302 16018 -881
1274 2727 2485 313 16007 -869
1272 2726 2487 302 16029 -849
1271 2727 2486 265 16049 -850
1271 2725 2486 244 16049 -851
1272 2728 2486 329 16089 -886
1272 2726 2484 342 16090 -928
1272 2726 2485 251 16047 -909
1271 2726 2482 276 16071 -901
1272 2723 2480 323 16072 -882
1270 2725 2477 269 15939 -848
1270 2723 2476 244 15913 -837
1269 2724 2471 270 15946 -833
1267 2721 2468 296 16004 -843
1268 2721 2466 272 16040 -851
1268 2722 2463 219 16031 -819
1268 2720 2461 200 16017 -772
1269 2721 2460 211 16036 -757
1266 2720 2457 193 16071 -752
1263 2716 2450 164 16087 -751
1261 2716 2448 140 16093 -746
1262 2715 2445 113 16103 -738
1260 2715 2442 91 16092 -734
1258 2712 2439 95 16086 -728
1260 2713 2440 108 16092 -731
1259 2715 2440 109 16096 -734
1261 2715 2437 94 16098 -725
1259 2713 2434 57 16071 -710
1258 2712 2435 30 16057 -708
1257 2713 2434 49 16099 -749
1258 2711 2432 89 16051 -723
1257 2712 2430 135 16016 -705
1257 2713 2431 170 16106 -770
1257 2711 2429 142 16067 -752
1258 2711 2426 26 16012 -722
1256 2709 2425 38 16071 -716
1257 2710 2426 139 16099 -707
1256 2710 2425 140 16083 -696
1256 2711 2425 135 16066 -698
1255 2710 2425 131 16030 -721
1255 2713 2425 145 15979 -739
1257 2707 2422 162 15987 -739
1253 2709 2418 147 16019 -710
1255 2707 2418 114 16029 -667
1253 2706 2416 86 16058 -690
1255 2706 2415 137 16121 -721
1252 2706 2413 202 16089 -698
1253 2707 2413 125 16049 -731
1254 2708 2413 106 16079 -721
1253 2707 2411 173 16085 -692
1254 2704 2409 189 16044 -699
1251 2703 2409 165 15995 -694
1252 2705 2408 109 16016 -708
1253 2705 2408 113 16050 -709
1251 2705 2407 135 16050 -688
1254 2705 2406 125 16034 -678
1252 2705 2406 103 16041 -685
1253 2706 2404 108 16062 -688
1253 2707 2407 128 16078 -691
1252 2705 2407 128 16088 -697
1252 2706 2407 135 16040 -734
1252 2706 2408 126 16041 -744
1253 2706 2408 119 16045 -733
1252 2708 2406 111 16040 -737
1254 2708 2405 100 16035 -743
1254 2708 2407 97 16042 -752
1252 2708 2408 113 16087 -786
1251 2707 2407 143 16063 -754
1251 2709 2409 156 16028 -750
1252 2708 2407 205 16120 -825
1253 2707 2409 213 16084 -829
1254 2709 2406 87 15991 -774
1255 2708 2406 106 16043 -730
1256 2709 2409 207 16083 -728
1252 2710 2408 196 16071 -738
1253 2709 2409 191 16048 -746
1252 2710 2410 191 16036 -745
1253 2709 2409 185 16022 -728
1254 2710 2410 173 16016 -719
1254 2710 2409 149 16029 -727
1253 2710 2409 150 16023 -746
1251 2710 2410 155 16023 -737
1253 2708 2410 226 16104 -764
1252 2712 2410 216 16097 -781
1253 2711 2410 122 16047 -754
1253 2710 2409 149 16073 -731
1251 2710 2410 200 16057 -712
1254 2710 2410 177 16031 -700
1252 2711 2410 130 16023 -701
1254 2712 2412 137 16042 -726
1257 2712 2413 165 16011 -736
1252 2711 2412 121 16041 -727
1251 2708 2412 106 16067 -713
1252 2709 2413 138 16080 -687
1250 2709 2413 155 16075 -682
1253 2709 2413 142 16087 -695
1252 2710 2413 117 16102 -707
1254 2711 2414 105 16095 -720
1253 2711 2415 111 16070 -712
1253 2711 2416 127 15986 -705
1253 2713 2419 117 16029 -710
1254 2713 2418 102 16073 -713
1254 2713 2420 129 16051 -683
1255 2710 2419 156 16071 -697
1254 2712 2420 205 16115 -752
1254 2712 2420 124 16036 -733
1254 2714 2422 43 16024 -697
1256 2714 2423 163 16093 -678
1256 2713 2421 200 16030 -692
1255 2712 2421 186 16017 -704
1254 2711 2421 180 16016 -693
1255 2712 2421 197 16024 -681
1253 2710 2422 183 16023 -679
1257 2714 2424 152 16027 -675
1256 2713 2424 128 16058 -704
1255 2711 2424 140 16086 -694
1257 2712 2425 257 16095 -695
1256 2712 2424 228 16082 -760
1256 2711 2423 208 16061 -712
1256 2713 2425 249 16065 -708
1256 2712 2426 200 16038 -680
1258 2710 2423 155 16026 -699
1256 2711 2426 165 16034 -721
1257 2712 2426 177 16046 -709
1258 2713 2427 156 16055 -707
1258 2715 2430 138 16069 -712
1259 2713 2428 151 16065 -686
1259 2712 2428 206 16052 -715
1259 2711 2428 189 16058 -713
1260 2712 2429 172 16065 -713
1259 2713 2429 173 16060 -716
1260 2713 2431 177 16060 -708
1257 2713 2430 177 16056 -705
1259 2712 2430 163 16046 -711
1260 2713 2432 179 16036 -714
1261 2714 2433 197 16074 -742
1261 2717 2435 187 16055 -717
1261 2717 2436 223 16022 -730
1260 2716 2436 269 16099 -789
1261 2717 2437 269 16084 -770
1260 2718 2438 152 16005 -758
1261 2716 2438 141 16029 -749
1260 2716 2439 258 16069 -724
1261 2716 2441 254 16065 -703
1261 2717 2439 232 16069 -699
1261 2718 2438 238 16057 -694
1262 2717 2439 259 16032 -687
1261 2718 2438 265 15999 -697
1262 2717 2437 240 16003 -702
1260 2717 2440 212 16042 -688
1259 2718 2440 190 16066 -710
1262 2717 2441 232 16091 -707
1261 2718 2439 314 16087 -704
1262 2717 2438 238 16085 -758
1262 2719 2440 184 16096 -732
1264 2718 2438 250 16101 -701
1261 2717 2439 256 16093 -705
1260 2718 2439 201 15997 -729
1260 2717 2440 214 16025 -746
1260 2717 2439 232 16048 -743
1258 2716 2439 224 16051 -742
1260 2718 2438 202 16052 -734
1258 2717 2439 187 16056 -720
1260 2717 2439 197 16070 -716
1259 2717 2438 207 16080 -727
1258 2716 2438 206 16077 -738
1259 2717 2440 215 16043 -747
1259 2717 2439 215 16004 -761
1260 2717 2441 198 16012 -765
1258 2717 2439 185 16030 -758
1258 2714 2440 185 16029 -749
1258 2715 2439 176 16018 -748
1260 2716 2440 164 16008 -739
1261 2717 2442 166 16023 -735
1260 2718 2442 166 16075 -767
1261 2720 2443 182 16070 -741
1264 2721 2441 211 16028 -731
1260 2717 2440 273 16076 -830
1259 2716 2440 221 16032 -841
1259 2717 2439 113 15992 -814
1259 2717 2441 179 16054 -791
1257 2714 2441 238 16058 -741
1261 2715 2439 216 16060 -734
1260 2716 2438 204 16067 -735
1259 2715 2437 192 16057 -728
1257 2713 2436 193 16046 -713
1257 2713 2434 198 16024 -698
1256 2713 2432 199 15997 -704
1258 2712 2429 180 16012 -714
1257 2714 2428 156 16038 -705
1257 2714 2426 228 16096 -735
1257 2714 2426 240 16085 -791
1257 2717 2426 148 16031 -787
1256 2718 2430 191 16073 -736
1260 2722 2429 233 16040 -675
1260 2724 2431 139 15962 -636
1260 2725 2434 62 15973 -653
1262 2732 2435 156 15923 -660
1262 2729 2436 129 15901 -610
1261 2730 2432 73 15946 -595
1261 2731 2434 62 16037 -579
1261 2731 2431 123 16106 -570
1262 2729 2433 190 16171 -568
1261 2731 2433 194 16168 -552
1261 2731 2431 175 16133 -557
1260 2727 2430 171 16149 -591
1259 2724 2426 126 16068 -559
1258 2721 2424 147 16087 -591
1255 2717 2418 143 16115 -616
1253 2710 2406 128 16140 -645
1247 2703 2394 199 16194 -706
1244 2696 2378 280 16194 -694
1241 2692 2369 295 16136 -638
1238 2686 2360 320 16119 -609
1235 2681 2351 274 16092 -598
1232 2677 2346 57 15988 -643
1232 2678 2345 -63 15906 -645
1232 2680 2349 -139 15873 -580
1231 2681 2350 -242 15900 -529
1232 2676 2346 -301 15832 -350
1233 2678 2346 -341 15815 -260
1234 2680 2347 -15 15982 -354
1234 2679 2350 264 16068 -362
1233 2681 2352 112 16154 -400
1234 2682 2357 -25 16249 -477
1234 2683 2357 -16 16196 -411
1235 2686 2361 18 16103 -343
1238 2687 2366 -11 16098 -434
1238 2690 2370 -19 16129 -521
1242 2691 2376 84 16148 -539
1242 2693 2380 106 16178 -655
1241 2695 2383 38 16145 -724
1245 2697 2387 85 16051 -697
1244 2700 2388 150 15978 -713
1246 2701 2393 128 15911 -745
1247 2702 2394 35 15775 -771
1247 2706 2398 -80 15537 -686
1251 2707 2402 40 15575 -594
1250 2710 2405 224 15850 -622
1252 2714 2407 147 15965 -677
1254 2719 2414 35 16011 -683
1256 2723 2421 84 16130 -695
1256 2723 2423 150 16199 -689
1256 2726 2427 106 16147 -584
1257 2726 2427 70 16129 -535
1257 2726 2426 95 16182 -595
1257 2723 2425 84 16044 -478
1254 2721 2423 56 15975 -463
1256 2718 2418 109 16040 -525
1255 2714 2417 164 16167 -584
1255 2712 2411 154 16211 -573
1251 2708 2405 208 16216 -596
1247 2705 2402 319 16294 -693
1246 2701 2394 289 16278 -683
1243 2695 2385 50 16085 -593
1241 2692 2379 -26 16022 -587
1241 2689 2379 176 16145 -679
1242 2691 2381 271 16171 -711
1244 2692 2382 155 15920 -673
1244 2693 2383 -220 15390 -432
1245 2696 2386 -207 15550 -428
1247 2695 2390 335 16091 -681
1247 2696 2393 376 16049 -658
1248 2699 2397 113 16016 -647
1249 2702 2402 71 16119 -735
1251 2704 2405 133 16119 -717
1253 2704 2410 223 16081 -656
1253 2704 2414 183 16123 -717
1254 2705 2417 107 16140 -708
1256 2710 2422 169 16105 -662
1257 2708 2425 209 16083 -703
1259 2712 2431 162 16020 -728
1259 2715 2430 141 15971 -729
1256 2710 2430 183 15994 -758
1257 2712 2433 234 16041 -791
1258 2713 2431 225 16053 -796
1259 2715 2434 201 15995 -793
1259 2716 2435 174 15844 -726
1261 2718 2437 92 15674 -592
1264 2724 2442 71 15725 -558
1265 2729 2452 184 15983 -677
1271 2738 2467 305 16150 -758
1276 2748 2487 315 16157 -718
1283 2758 2512 216 16102 -652
1288 2768 2527 133 16051 -585
1292 2771 2539 106 16027 -536
1294 2777 2548 293 16119 -614
1294 2778 2552 402 16206 -735
1294 2776 2551 415 16150 -709
1291 2774 2548 381 16045 -667
1292 2768 2541 459 16098 -765
1289 2766 2535 469 16122 -791
1289 2766 2535 388 16138 -794
1288 2761 2529 384 16202 -810
1283 2756 2520 282 16115 -748
1282 2751 2513 353 16015 -711
1278 2747 2506 446 16005 -722
1276 2744 2500 431 15996 -741
1277 2744 2498 366 15949 -740
1277 2745 2497 256 15845 -686
1275 2742 2496 190 15847 -668
1275 2742 2495 226 15947 -722
1276 2742 2492 372 16070 -774
1275 2741 2492 412 16074 -786
1273 2738 2489 309 16048 -806
1273 2737 2486 409 16164 -887
1273 2739 2487 525 16201 -935
1275 2738 2486 351 15883 -770
1274 2737 2486 178 15728 -683
1275 2739 2486 258 15942 -827
1273 2737 2488 378 16014 -845
1274 2738 2487 379 16029 -820
1275 2738 2486 344 16048 -865
1274 2738 2488 325 16028 -865
1274 2741 2490 352 16028 -826
1275 2739 2488 380 16009 -813
1275 2737 2487 392 16025 -818
1275 2737 2488 387 16078 -809
1274 2736 2488 383 16081 -808
1275 2738 2486 389 16049 -791
1275 2739 2489 397 16025 -778
1274 2740 2487 404 16025 -792
1277 2741 2489 386 16042 -798
1276 2741 2488 333 16069 -796
1277 2744 2491 309 16076 -814
1277 2748 2493 451 16145 -945
1283 2756 2508 439 16010 -887
1290 2770 2535 289 15592 -674
1299 2784 2567 223 15570 -637
1312 2803 2611 288 15880 -756
1326 2828 2662 380 16050 -755
1339 2849 2705 533 16187 -713
1349 2862 2733 606 16289 -780
1350 2867 2743 640 16335 -894
1352 2867 2747 661 16043 -919
1350 2864 2740 600 15960 -898
1346 2858 2727 525 15848 -864
1345 2851 2717 410 15678 -770
1339 2842 2701 371 15739 -733
1334 2833 2681 440 15974 -780
1328 2823 2665 568 16161 -889
1323 2814 2643 583 16174 -919
1319 2804 2628 461 16109 -813
1314 2797 2613 507 16077 -749
1312 2788 2596 606 16038 -737
1309 2783 2582 579 16048 -736
1304 2776 2571 519 16065 -750
1299 2771 2559 468 16076 -800
1297 2766 2549 448 16069 -824
1293 2759 2538 457 16066 -817
1290 2755 2532 464 16062 -823
1290 2753 2525 423 15985 -816
1290 2751 2524 257 15770 -676
1289 2751 2521 225 15822 -709
1287 2751 2519 367 16024 -871
1287 2750 2517 396 16007 -838
1286 2749 2515 377 16057 -842
1286 2749 2513 378 16087 -863
1286 2749 2511 374 16030 -826
1286 2748 2510 360 16019 -798
1284 2746 2506 344 16041 -794
1282 2744 2505 344 16039 -781
1284 2745 2502 336 16022 -768
1282 2746 2498 313 16029 -787
1281 2743 2496 321 16027 -809
1282 2745 2493 319 16057 -830
1283 2745 2493 303 16077 -793
1279 2742 2490 328 16059 -778
1277 2741 2489 367 16098 -823
1279 2739 2490 366 16051 -815
1276 2740 2486 262 16010 -800
1276 2739 2484 271 16064 -779
1277 2739 2480 384 16115 -784
1275 2735 2476 384 16126 -794
1274 2737 2473 353 15987 -808
1273 2737 2473 308 15767 -676
1274 2739 2474 239 15682 -576
1273 2740 2473 260 15867 -645
1276 2743 2476 339 16044 -701
1276 2743 2477 404 16112 -735
1276 2743 2475 449 16141 -742
1276 2742 2478 482 16109 -720
1276 2747 2476 394 16090 -737
1275 2745 2477 368 16100 -690
1276 2745 2475 449 16088 -654
1277 2748 2475 444 16078 -646
1277 2744 2472 399 16068 -633
1274 2742 2470 363 16074 -649
1273 2742 2469 360 16076 -645
1273 2740 2466 368 16071 -630
1273 2740 2467 367 16065 -634
1273 2739 2468 349 16099 -676
1272 2741 2469 350 16145 -694
1275 2739 2466 381 16185 -712
1273 2738 2465 361 16150 -752
1274 2737 2465 295 16014 -730
1272 2734 2464 296 15876 -662
1272 2733 2460 357 15821 -643
1270 2731 2457 394 15878 -684
1271 2730 2456 356 16000 -753
1269 2728 2449 292 16113 -841
1267 2723 2447 303 16130 -845
1269 2724 2442 321 16068 -780
1268 2721 2442 306 16061 -776
1265 2722 2441 296 15956 -762
1266 2724 2440 258 15888 -718
1266 2724 2441 268 15997 -820
1267 2722 2441 221 16009 -842
1268 2724 2443 203 16005 -811
1267 2726 2444 316 16073 -794
1266 2723 2440 365 16072 -801
1269 2723 2441 330 16045 -809
1267 2725 2442 308 16030 -799
1267 2723 2442 355 15978 -783
1267 2723 2441 343 16001 -770
1267 2725 2443 303 16016 -750
1266 2726 2442 287 16035 -754
1267 2726 2441 326 16063 -735
1267 2726 2443 425 16078 -720
1268 2727 2442 360 16062 -766
1267 2727 2443 268 16054 -754
1268 2730 2446 337 16077 -723
1270 2727 2443 367 16019 -722
1268 2728 2445 345 16016 -716
1267 2728 2445 362 16030 -726
1269 2727 2445 373 16045 -731
1268 2729 2447 365 16065 -741
1269 2728 2449 331 16069 -733
1267 2730 2448 337 16075 -711
1268 2730 2447 361 16069 -702
1270 2728 2446 367 16042 -682
1268 2729 2446 376 16036 -676
1267 2729 2447 384 16025 -691
1267 2729 2448 365 16036 -706
1266 2729 2446 336 16047 -717
1268 2730 2446 371 16026 -718
1267 2729 2447 398 16019 -732
1269 2730 2448 371 16025 -747
1269 2729 2448 358 16027 -744
1265 2729 2448 381 16047 -746
1268 2730 2450 394 16066 -740
1268 2729 2451 412 16059 -727
1268 2728 2451 437 16056 -766
1268 2731 2453 476 16074 -811
1269 2731 2454 358 16015 -775
1269 2733 2456 267 15999 -737
1269 2733 2458 368 16067 -731
1270 2732 2459 383 16055 -719
1269 2732 2460 381 16042 -725
1270 2733 2461 408 16024 -740
1270 2733 2461 420 16005 -753
1269 2733 2461 416 16009 -747
1268 2733 2461 411 15979 -767
1271 2733 2460 393 16009 -764
1272 2731 2463 395 16034 -730
1270 2733 2462 484 16078 -734
1273 2734 2462 422 16084 -794
1272 2731 2461 318 16050 -767
1270 2732 2462 391 16069 -752
1271 2731 2462 434 16063 -766
1269 2731 2463 404 16035 -745
1270 2732 2464 383 16008 -792
1272 2733 2463 410 16019 -786
1271 2733 2464 411 16032 -773
1271 2731 2463 378 16037 -767
1270 2731 2464 343 16032 -736
1270 2731 2464 355 16043 -731
1271 2731 2464 364 16069 -744
1272 2732 2464 370 16075 -741
1272 2731 2463 374 16063 -745
1271 2731 2463 361 16045 -758
1275 2733 2463 364 16018 -777
1272 2732 2466 359 16008 -786
1275 2733 2465 339 16020 -788
1276 2736 2466 341 16038 -793
1273 2733 2462 353 16039 -777
1272 2731 2463 362 16028 -760
1272 2732 2464 371 16061 -772
1272 2732 2463 344 16065 -754
1273 2731 2462 364 16051 -760
1272 2732 2463 416 16074 -785
1274 2733 2464 457 16057 -800
1273 2735 2464 348 15994 -797
1274 2735 2465 289 16007 -768
1274 2734 2466 394 16041 -758
1271 2736 2467 398 16023 -743
1274 2737 2468 398 16040 -730
1272 2736 2471 413 16034 -722
1275 2735 2469 408 16023 -724
1274 2734 2469 406 16019 -712
1275 2737 2469 410 16011 -688
1275 2738 2471 421 16001 -692
1276 2736 2471 397 16016 -731
1275 2738 2474 383 16038 -701
1275 2740 2472 464 16065 -709
1273 2736 2471 415 16082 -786
1275 2736 2472 341 16060 -739
1275 2738 2472 398 16081 -709
1275 2735 2472 417 16089 -725
1275 2736 2472 392 16056 -702
1272 2737 2472 354 16053 -718
1275 2737 2471 396 16039 -768
1273 2737 2470 416 16026 -748
1274 2736 2472 398 16034 -736
1273 2738 2472 373 16044 -729
1273 2737 2472 379 16050 -721
1275 2736 2473 399 16066 -719
1273 2737 2471 403 16079 -709
1275 2737 2471 383 16072 -690
1274 2738 2472 361 16069 -698
1274 2737 2473 352 16043 -725
1275 2738 2472 361 16006 -732
1271 2738 2477 371 16019 -738
1273 2737 2476 353 16042 -740
1274 2738 2472 346 16050 -736
1274 2739 2475 353 16061 -726
1275 2736 2473 354 16061 -711
1275 2739 2473 355 16060 -720
1273 2738 2475 332 16079 -746
1273 2738 2475 336 16070 -715
1274 2736 2474 373 16032 -696
1275 2737 2476 444 16063 -773
1278 2738 2474 380 16012 -784
1277 2735 2475 262 15985 -757
1275 2737 2476 327 16059 -743
1274 2736 2477 368 16049 -701
1272 2737 2477 356 16061 -685
1273 2735 2475 369 16085 -695
1273 2734 2476 372 16071 -698
1274 2736 2475 367 16055 -700
1275 2735 2474 348 16047 -713
1274 2736 2474 330 16018 -720
1274 2736 2474 315 16016 -714
1274 2736 2473 318 16037 -694
1274 2737 2473 410 16099 -727
1276 2737 2473 421 16096 -743
1274 2737 2472 312 16057 -718
1275 2737 2470 319 16097 -709
1273 2735 2470 364 16097 -702
1274 2735 2469 348 16065 -694
1275 2736 2468 305 16044 -698
1275 2735 2468 329 16013 -752
1275 2737 2464 365 16009 -724
1275 2736 2464 366 16021 -723
1272 2734 2464 328 16031 -719
1272 2731 2463 297 16048 -695
1270 2732 2460 296 16070 -686
1269 2731 2458 299 16078 -687
1270 2730 2457 310 16073 -693
1271 2734 2453 298 16063 -713
1270 2732 2454 276 16040 -739
1269 2732 2452 280 16011 -757
1269 2732 2449 300 16022 -757
1268 2730 2449 314 16042 -750
1268 2729 2447 312 16056 -756
1270 2731 2448 314 16067 -755
1267 2730 2447 308 16056 -736
1268 2730 2445 297 16060 -729
1267 2730 2443 294 16108 -744
1267 2730 2442 289 16107 -725
1267 2731 2443 328 16063 -718
1267 2731 2439 357 16075 -792
1269 2734 2442 358 16058 -807
1269 2735 2444 244 15995 -738
1267 2730 2439 213 16026 -694
1267 2731 2441 333 16081 -680
1265 2730 2441 326 16064 -672
1265 2730 2441 308 16052 -678
1264 2729 2441 319 16047 -686
1267 2733 2442 317 16035 -681
1264 2731 2440 304 16021 -679
1264 2729 2439 283 15989 -686
1265 2730 2441 267 16024 -688
1264 2729 2438 303 16087 -697
1265 2732 2439 369 16088 -686
1264 2730 2439 294 16069 -722
1264 2730 2440 246 16091 -707
1264 2729 2439 305 16099 -683
1266 2730 2438 302 16082 -687
1264 2731 2440 272 16042 -675
1264 2731 2440 304 16021 -679
1265 2733 2441 283 15989 -686
1265 2733 2443 267 16024 -688
1267 2734 2441 303 16087 -697
1265 2729 2440 369 16088 -686
1265 2731 2438 294 16069 -722
1265 2730 2439 246 16091 -707
1265 2729 2438 305 16099 -683
1266 2729 2438 302 16082 -687
1267 2728 2439 272 16042 -675
1264 2730 2440 298 16007 -722
1266 2730 2438 297 16010 -708
1265 2730 2439 256 16027 -699
1267 2730 2438 238 16055 -695
1265 2730 2439 263 16068 -673
1267 2728 2439 279 16075 -664
1266 2730 2440 262 16091 -678
1266 2731 2441 247 16098 -682
1267 2729 2440 251 16081 -691
1267 2731 2440 249 16063 -695
1268 2731 2440 244 16065 -697
1268 2732 2442 247 16069 -696
1267 2731 2442 237 16062 -696
1268 2731 2443 236 16049 -697
1268 2733 2445 258 16063 -711
1268 2732 2445 258 16092 -738
1268 2732 2444 282 16068 -706
1268 2732 2445 305 16071 -728
1268 2732 2442 306 16054 -787
1268 2733 2444 186 16008 -743
1267 2733 2445 275 16070 -724
1268 2733 2446 332 16065 -716
1267 2734 2446 325 16060 -719
1268 2734 2444 330 16041 -717
1270 2733 2446 331 16019 -716
1271 2732 2445 327 16016 -712
1273 2735 2446 300 16012 -707
1269 2735 2448 270 16020 -737
1268 2735 2449 303 16035 -704
1269 2735 2449 413 16076 -719
1270 2734 2451 370 16077 -782
1269 2737 2452 247 16054 -773
1271 2737 2451 297 16087 -742
1270 2736 2453 351 16088 -740
1270 2737 2454 325 16053 -724
1271 2738 2454 286 16036 -719
1270 2736 2455 296 16020 -765
1270 2737 2455 293 16016 -769
1271 2737 2455 270 16030 -779
1270 2738 2457 274 16041 -774
1270 2734 2458 279 16050 -756
1270 2737 2457 284 16065 -764
1270 2737 2458 297 16080 -775
1269 2737 2459 295 16059 -762
1270 2739 2458 291 16036 -756
1274 2740 2459 301 16028 -772
1270 2737 2460 314 16006 -787
1270 2736 2460 298 16006 -794
1272 2738 2463 264 16018 -797
1271 2737 2463 256 16017 -785
1270 2738 2464 277 16062 -789
1272 2741 2468 283 16076 -787
1274 2742 2471 305 16058 -797
1273 2740 2471 321 16085 -838
1272 2741 2471 364 16093 -869
1273 2740 2473 279 16006 -855
1272 2739 2471 227 15981 -840
1273 2740 2473 338 16035 -820
1273 2739 2473 353 16035 -781
1274 2740 2472 340 16052 -793
1273 2739 2473 345 16056 -798
1272 2739 2472 348 16034 -781
1272 2740 2473 348 16021 -763
1273 2739 2472 327 16010 -761
1273 2740 2473 297 16015 -755
1275 2740 2474 296 16031 -751
1277 2741 2475 435 16044 -777
1276 2738 2473 396 16061 -843
1274 2737 2472 295 16054 -811
1273 2739 2472 343 16077 -785
1273 2737 2472 383 16065 -782
1273 2737 2471 357 16042 -760
1276 2739 2472 304 16040 -776
1274 2739 2472 293 16044 -795
1275 2739 2473 327 16039 -792
1274 2738 2471 341 16018 -794
1275 2738 2470 324 16014 -821
1275 2738 2471 306 16030 -815
1273 2737 2470 307 16049 -795
1275 2738 2470 308 16063 -794
1274 2739 2470 302 16069 -790
1276 2737 2469 294 16056 -784
1273 2738 2470 286 16040 -789
1274 2739 2470 285 16039 -800
1275 2739 2470 289 16046 -796
1274 2740 2470 290 16049 -800
1274 2741 2472 295 16025 -818
1274 2740 2470 293 16015 -827
1274 2739 2468 275 16022 -810
1275 2739 2469 266 16027 -799
1273 2741 2472 272 16076 -835
1275 2740 2469 301 16059 -800
1275 2740 2474 340 16023 -784
1276 2742 2472 378 16107 -867
1275 2741 2471 321 16050 -845
1274 2743 2471 190 15979 -803
1274 2740 2470 255 16015 -809
1275 2743 2471 360 16009 -794
1276 2742 2471 329 16023 -786
1275 2742 2472 326 16026 -785
1274 2744 2472 347 16006 -791
1275 2745 2470 347 16002 -793
1275 2743 2469 334 16006 -786
1273 2744 2471 334 16007 -765
1275 2745 2470 325 15990 -715
1273 2747 2468 289 15981 -702
1272 2748 2471 354 15976 -614
1273 2745 2468 275 15929 -599
1272 2743 2467 253 15915 -644
1271 2743 2465 301 15841 -726
1271 2742 2463 361 15903 -828
1270 2739 2459 409 16062 -886
1267 2734 2453 409 16154 -928
1264 2727 2444 323 16155 -930
1259 2721 2436 241 16146 -914
1257 2714 2421 293 16164 -928
1252 2703 2409 340 16198 -976
1247 2695 2394 346 16223 -967
1247 2692 2386 326 16188 -885
1248 2690 2385 265 16159 -848
1247 2691 2384 264 16178 -862
1245 2693 2388 228 16119 -878
1248 2694 2390 48 15968 -904
1249 2698 2397 -239 15579 -721
1250 2702 2404 -359 15416 -519
1253 2705 2409 94 15924 -737
1256 2708 2419 342 16118 -862
1259 2712 2425 120 16040 -758
1261 2716 2433 83 16188 -773
1262 2718 2439 128 16173 -742
1266 2723 2449 94 16094 -631
1266 2726 2456 43 16129 -601
1270 2732 2463 51 16229 -691
1270 2733 2466 114 16231 -709
1270 2733 2468 188 16137 -700
1272 2736 2469 189 16069 -767
1271 2736 2474 199 15958 -798
1273 2738 2471 135 15883 -830
1273 2737 2472 85 15784 -840
1272 2738 2471 84 15509 -681
1275 2743 2470 35 15538 -589
1276 2741 2471 133 15879 -719
1276 2743 2470 270 15957 -736
1274 2741 2469 288 15962 -684
1272 2741 2467 227 16082 -698
1272 2741 2464 159 16099 -656
1271 2739 2461 152 15944 -601
1270 2736 2456 105 15930 -520
1270 2735 2450 199 16037 -495
1268 2733 2444 236 16235 -694
1265 2729 2437 121 16151 -651
1262 2722 2430 92 16066 -499
1258 2717 2419 121 16220 -573
1256 2712 2412 61 16286 -640
1253 2704 2401 78 16275 -604
1251 2699 2392 241 16253 -551
1247 2696 2384 212 16120 -508
1244 2694 2379 27 16010 -536
1245 2696 2380 11 16093 -654
1245 2696 2375 118 16228 -753
1244 2695 2375 5 15879 -630
1244 2696 2376 -421 15224 -280
1248 2699 2377 -237 15567 -379
1246 2701 2378 155 16026 -617
1245 2699 2376 27 15963 -526
1247 2698 2378 -16 16087 -544
1246 2701 2379 22 16125 -603
1245 2699 2381 17 16101 -537
1246 2703 2383 -13 16108 -463
1248 2704 2385 -24 16162 -499
1247 2705 2386 -65 16140 -492
1247 2705 2387 -102 16102 -458
1248 2705 2383 -79 16141 -475
1246 2706 2384 -51 16167 -500
1248 2711 2386 -34 16090 -461
1250 2713 2390 -17 15986 -511
1249 2717 2390 52 16036 -650
1252 2718 2391 43 15866 -616
1252 2717 2393 -135 15425 -360
1253 2722 2396 -195 15477 -231
1253 2725 2399 -42 16006 -527
1253 2724 2401 157 16256 -714
1255 2726 2405 201 16096 -534
1254 2728 2404 102 16009 -454
1254 2723 2402 58 16074 -489
1254 2720 2401 61 16074 -446
1253 2718 2397 100 16125 -510
1252 2716 2395 95 16154 -521
1250 2712 2389 174 16201 -542
1249 2709 2385 220 16240 -584
1247 2705 2378 165 16243 -587
1245 2702 2374 175 16196 -505
1241 2698 2370 178 16106 -453
1243 2699 2366 99 16074 -508
1242 2697 2364 57 16052 -552
1241 2698 2365 90 16002 -577
1242 2698 2366 99 15988 -634
1243 2698 2367 19 15838 -593
1243 2699 2367 -139 15590 -461
1244 2700 2370 -36 15794 -585
1244 2703 2374 197 16059 -693
1247 2706 2379 166 16101 -641
1249 2707 2386 107 16184 -683
1252 2711 2392 95 16175 -686
1253 2714 2396 51 16134 -643
1255 2717 2400 40 16026 -610
1257 2721 2404 60 16045 -669
1258 2723 2409 75 16072 -684
1259 2723 2412 106 16061 -682
1259 2727 2418 138 16066 -685
1260 2729 2418 136 16078 -724
1262 2729 2420 151 15990 -732
1261 2730 2423 189 15947 -797
1263 2731 2423 251 16046 -882
1265 2734 2425 199 15905 -798
1262 2735 2425 11 15548 -581
1263 2735 2426 -26 15551 -505
1263 2739 2429 150 15910 -667
1263 2741 2432 367 16133 -731
1266 2744 2438 448 16129 -639
1270 2747 2442 339 16089 -578
1269 2747 2442 176 16142 -623
1268 2747 2443 166 16233 -663
1268 2745 2442 212 16178 -583
1267 2744 2439 159 15995 -490
1265 2743 2435 260 16023 -517
1264 2739 2434 244 16018 -576
1263 2734 2431 53 15891 -520
1261 2728 2425 87 15949 -487
1259 2724 2416 137 16148 -603
1255 2718 2409 187 16305 -686
1254 2714 2403 522 16415 -656
1253 2714 2396 642 16379 -593
1253 2710 2396 274 16066 -500
1249 2709 2395 32 15899 -587
1250 2709 2395 -138 15637 -434
1250 2710 2396 -298 15576 -354
1249 2711 2397 53 16071 -608
1253 2712 2401 208 16116 -626
1253 2715 2404 75 16029 -574
1258 2718 2410 57 16142 -666
1257 2720 2419 84 16120 -702
1259 2723 2425 98 16093 -661
1260 2726 2431 102 16095 -712
1263 2729 2436 68 16018 -687
1262 2730 2440 85 16051 -700
1264 2732 2445 137 16066 -694
1266 2734 2449 169 15991 -680
1266 2738 2454 223 16045 -760
1269 2738 2458 233 16037 -794
1272 2741 2460 109 15935 -767
1272 2740 2461 121 15954 -740
1270 2738 2456 254 16017 -751
1268 2739 2457 279 16012 -746
1269 2741 2457 275 15926 -694
1272 2744 2467 148 15578 -507
1274 2749 2473 21 15480 -409
1276 2751 2475 155 15889 -607
1277 2754 2484 334 16083 -679
1279 2758 2490 281 16056 -577
1281 2761 2498 139 16050 -555
1280 2761 2502 159 16108 -568
1281 2761 2498 270 16141 -584
1280 2756 2494 239 16093 -576
1279 2755 2490 238 16118 -521
1277 2753 2485 327 16149 -531
1275 2749 2483 254 16151 -557
1275 2749 2479 145 16190 -550
1271 2744 2474 118 16189 -541
1270 2739 2464 148 16142 -496
1271 2735 2458 187 16130 -476
1266 2731 2454 152 16147 -511
1267 2729 2446 77 16115 -501
1263 2725 2443 50 16072 -554
1263 2722 2433 148 16118 -570
1261 2717 2428 204 16133 -567
1258 2715 2421 132 16120 -592
1258 2713 2416 57 16133 -671
1257 2711 2415 31 16080 -732
1258 2713 2417 -101 15631 -576
1259 2714 2417 -136 15461 -470
1257 2715 2417 169 15927 -700
1258 2717 2418 143 16032 -728
1259 2718 2425 128 16174 -757
1262 2721 2429 199 16159 -767
1264 2725 2436 209 16090 -745
1266 2729 2447 233 16129 -752
1267 2733 2454 153 16100 -751
1269 2736 2459 53 16011 -680
1271 2737 2459 162 16043 -665
1272 2735 2464 232 16058 -679
1273 2739 2466 208 16004 -679
1272 2739 2467 206 15979 -706
1272 2739 2465 200 15958 -735
1272 2741 2470 120 15752 -666
1274 2744 2475 38 15536 -493
1277 2749 2479 101 15716 -496
1278 2749 2481 228 16044 -698
1279 2752 2485 289 16150 -709
1279 2752 2488 331 16100 -620
1283 2756 2492 248 16046 -586
1284 2759 2497 173 16032 -515
1281 2761 2501 205 16038 -464
1282 2762 2502 212 16122 -497
1283 2759 2500 237 16174 -554
1280 2759 2499 242 16108 -574
1280 2758 2498 234 16066 -583
1281 2756 2495 209 16089 -585
1278 2755 2491 142 16102 -593
1278 2748 2488 142 16106 -605
1276 2747 2479 214 16169 -623
1272 2744 2473 211 16203 -604
1272 2741 2467 89 16033 -545
1268 2735 2461 70 16054 -529
1267 2732 2454 134 16128 -536
1263 2727 2445 99 16145 -557
1259 2723 2439 5 16068 -538
1259 2717 2430 -5 16037 -523
1255 2715 2420 -8 16098 -567
1253 2709 2411 -43 16117 -588
1249 2703 2404 -8 16110 -566
1248 2701 2397 -252 15701 -245
1248 2702 2393 -297 15786 -164
1250 2704 2395 46 16214 -469
1248 2702 2397 43 16099 -399
1247 2704 2395 -157 16010 -306
1248 2705 2397 -137 16066 -317
1249 2705 2397 -38 16033 -299
1248 2705 2395 -15 16001 -263
1247 2706 2395 -16 16036 -302
1250 2707 2392 -51 16053 -347
1247 2705 2390 -79 16030 -319
1248 2704 2390 -20 16070 -304
1246 2705 2389 6 16091 -285
1247 2703 2387 -56 16090 -251
1245 2703 2385 -101 16132 -271
1247 2704 2387 -36 16194 -296
1248 2703 2386 23 16194 -302
1248 2705 2387 -53 16167 -320
1248 2703 2387 -69 16189 -303
1246 2705 2387 -17 16178 -298
1248 2705 2389 36 16086 -325
1248 2706 2390 30 15978 -338
1251 2708 2393 -33 15950 -386
1251 2711 2393 -32 15979 -425
1249 2709 2388 -14 15982 -395
1250 2707 2389 -20 15970 -381
1249 2708 2388 -23 16012 -409
1249 2707 2385 -9 16100 -408
1249 2707 2389 0 16143 -389
1251 2708 2390 -9 16093 -364
1247 2708 2387 -9 16037 -388
1249 2710 2386 18 16128 -439
1249 2708 2385 58 16126 -416
1248 2709 2386 52 16090 -394
1249 2709 2385 14 16092 -416
1249 2709 2386 11 16092 -424
1249 2709 2386 29 16115 -424
1248 2709 2384 40 16114 -399
1249 2710 2388 55 16073 -387
1251 2710 2388 122 16122 -462
1249 2712 2389 18 16029 -398
1250 2715 2391 -24 16033 -351
1250 2714 2391 63 16092 -356
1250 2713 2390 58 16075 -364
1251 2713 2390 45 16061 -351
1251 2714 2391 59 16061 -357
1252 2716 2390 63 16043 -371
1253 2714 2391 54 16037 -368
1252 2718 2394 38 16030 -366
1252 2716 2393 30 16033 -382
1253 2719 2394 26 16058 -402
1253 2717 2394 83 16127 -397
1254 2718 2393 134 16129 -377
1254 2719 2395 73 16085 -389
1253 2718 2396 51 16102 -382
1253 2719 2397 96 16114 -362
1252 2721 2397 96 16090 -347
1252 2718 2397 63 16062 -338
1251 2720 2398 60 16053 -374
1254 2720 2400 110 16029 -417
1253 2721 2401 130 16034 -422
1253 2720 2403 98 16065 -415
1253 2721 2404 76 16094 -417
1252 2721 2403 89 16110 -403
1254 2721 2403 116 16113 -395
1252 2723 2403 119 16112 -401
1253 2722 2404 102 16111 -412
1254 2723 2405 98 16106 -432
1253 2723 2408 107 16099 -445
1255 2725 2408 110 16029 -417
1255 2724 2409 130 16034 -422
1256 2724 2410 98 16065 -415
1259 2724 2411 76 16094 -417
1258 2726 2410 89 16110 -403
1257 2726 2415 116 16113 -395
1256 2726 2416 119 16112 -401
1258 2726 2418 102 16111 -412
1259 2728 2422 98 16106 -432
1259 2730 2424 107 16099 -445
1261 2730 2430 141 16030 -480
1262 2732 2430 133 16038 -469
1263 2732 2435 142 16052 -473
1264 2732 2436 134 16110 -512
1262 2734 2436 139 16090 -481
1264 2733 2438 176 16037 -472
1264 2736 2440 244 16115 -556
1264 2734 2441 239 16093 -562
1265 2731 2441 105 16020 -534
1266 2734 2442 139 16041 -539
1265 2732 2443 263 16041 -537
1264 2735 2443 253 16040 -537
1265 2734 2445 239 16056 -555
1267 2735 2445 231 16044 -563
1269 2740 2447 242 16034 -563
1269 2737 2447 270 16036 -551
1266 2734 2447 267 16033 -530
1268 2735 2447 215 16049 -538
1267 2737 2450 179 16068 -577
1267 2735 2448 270 16109 -583
1269 2738 2449 356 16086 -571
1269 2736 2448 260 16063 -623
1269 2737 2449 215 16097 -614
1268 2735 2448 276 16097 -575
1266 2735 2448 284 16083 -578
1267 2735 2448 266 16064 -570
1266 2735 2447 244 16071 -574
1266 2736 2450 251 16080 -571
1267 2736 2447 255 16073 -560
1266 2735 2448 238 16059 -570
1268 2735 2448 239 16046 -581
1269 2735 2448 266 16051 -564
1269 2735 2452 274 16064 -548
1270 2738 2453 250 16071 -544
1270 2738 2453 233 16072 -547
1268 2738 2452 230 16065 -547
1268 2737 2452 236 16060 -542
1269 2739 2453 239 16060 -540
1268 2739 2455 236 16071 -547
1271 2740 2458 221 16079 -553
1269 2742 2459 243 16037 -587
1270 2739 2461 242 16086 -605
1271 2741 2459 226 16066 -564
1269 2740 2460 256 16043 -557
1269 2740 2460 339 16128 -643
1270 2740 2461 286 16066 -633
1270 2739 2460 153 15996 -609
1269 2740 2460 203 16073 -600
1270 2738 2458 263 16074 -561
1270 2740 2462 268 16037 -583
1269 2741 2462 256 16031 -567
1269 2743 2463 255 16027 -555
1269 2743 2467 266 16041 -556
1269 2742 2463 251 16043 -548
1271 2739 2463 223 16050 -548
1269 2740 2464 218 16059 -559
1269 2740 2465 300 16114 -581
1270 2741 2464 315 16106 -583
1270 2741 2466 262 16081 -607
1271 2742 2467 308 16073 -584
1271 2741 2466 286 16052 -569
1271 2740 2468 274 16051 -578
1271 2740 2465 264 16075 -605
1271 2740 2467 273 16077 -609
1271 2740 2467 276 16054 -586
1271 2741 2466 279 16052 -588
1271 2740 2469 280 16061 -590
1270 2741 2468 273 16061 -586
1271 2741 2469 290 16059 -592
1270 2741 2468 305 16069 -591
1272 2740 2468 298 16078 -590
1271 2741 2471 292 16072 -587
1272 2742 2471 290 16059 -584
1273 2740 2469 293 16054 -590
1271 2739 2469 282 16058 -597
1273 2741 2468 279 16061 -603
1272 2740 2470 280 16062 -606
1270 2742 2469 268 16058 -603
1273 2741 2470 282 16033 -619
1273 2739 2470 295 16056 -648
1275 2742 2469 284 16049 -606
1273 2740 2469 320 16029 -609
1275 2740 2468 353 16077 -672
1273 2741 2469 352 16057 -673
1272 2740 2468 239 16009 -661
1273 2741 2466 214 16027 -635
1271 2740 2466 339 16057 -609
1273 2740 2465 347 16061 -593
1273 2740 2464 327 16044 -608
1272 2740 2463 310 16021 -627
1271 2740 2461 285 16023 -609
1270 2739 2461 261 16024 -589
1271 2739 2459 226 16038 -583
1270 2740 2457 208 16056 -574
1271 2739 2456 219 16074 -586
1270 2738 2455 279 16117 -575
1268 2737 2455 345 16106 -570
1270 2738 2451 258 16082 -620
1268 2737 2450 253 16052 -555
1271 2740 2449 267 16061 -561
1269 2737 2446 238 16058 -537
1266 2736 2446 201 16047 -534
1266 2736 2442 200 16055 -531
1265 2734 2443 209 16080 -518
1264 2735 2441 187 16078 -518
1266 2734 2438 153 16078 -524
1264 2734 2438 140 16083 -513
1264 2734 2436 165 16067 -502
1265 2734 2435 196 16058 -519
1263 2734 2434 184 16083 -539
1263 2733 2434 158 16097 -538
1263 2735 2432 145 16078 -534
1263 2733 2429 145 16072 -525
1263 2733 2431 154 16066 -522
1264 2734 2428 144 16060 -525
1264 2736 2431 135 16067 -518
1267 2739 2433 140 16077 -516
1264 2735 2431 138 16068 -519
1263 2736 2431 152 16033 -533
1262 2736 2431 148 16060 -566
1263 2734 2429 153 16058 -532
1262 2736 2431 176 16035 -535
1264 2737 2432 215 16125 -605
1263 2736 2430 193 16078 -576
1263 2735 2429 104 16018 -524
1263 2734 2429 157 16089 -516
1261 2734 2430 233 16090 -518
1263 2734 2429 214 16075 -524
1261 2734 2429 209 16046 -553
1262 2735 2429 227 16012 -567
1261 2736 2429 227 16012 -543
1262 2733 2429 200 16019 -519
1263 2734 2430 177 16033 -508
1261 2736 2430 179 16057 -526
1261 2737 2432 200 16066 -528
1263 2739 2433 292 16104 -577
1261 2736 2432 259 16090 -625
1263 2733 2431 152 16067 -593
1263 2734 2430 255 16051 -531
1262 2735 2433 221 16018 -524
1264 2734 2430 163 16011 -531
1262 2737 2432 173 16037 -551
1261 2735 2431 213 16046 -553
1261 2735 2432 215 16041 -549
1261 2736 2432 191 16052 -559
1263 2734 2432 184 16081 -569
1264 2735 2431 203 16105 -564
1263 2735 2431 232 16100 -573
1262 2735 2431 242 16073 -575
1263 2735 2432 222 16064 -567
1262 2732 2429 183 16082 -579
1263 2736 2431 159 16087 -583
1263 2735 2432 152 16063 -575
1264 2735 2432 155 16041 -567
1264 2735 2434 157 16039 -555
1263 2735 2434 166 16059 -559
1265 2736 2434 166 16117 -583
1265 2736 2435 172 16095 -542
1266 2735 2434 207 16030 -549
1264 2736 2433 269 16103 -635
1262 2737 2436 246 16083 -628
1265 2736 2436 109 16018 -588
1266 2736 2435 140 16072 -565
1265 2737 2434 249 16087 -557
1266 2734 2436 231 16058 -559
1268 2736 2435 215 16042 -568
1266 2737 2435 219 16033 -585
1264 2735 2436 221 16031 -582
1264 2737 2436 217 16000 -566
1265 2736 2437 205 16037 -559
1263 2735 2435 203 16038 -555
1265 2737 2436 275 16104 -583
1265 2737 2437 284 16097 -597
1265 2737 2438 180 16047 -601
1264 2737 2439 203 16082 -586
1265 2735 2438 301 16086 -564
1265 2738 2438 279 16067 -576
1264 2737 2438 227 16008 -618
1264 2737 2439 241 16016 -628
1265 2738 2441 225 16026 -611
1266 2737 2440 201 16057 -600
1266 2738 2440 219 16073 -593
1265 2739 2441 246 16056 -571
1267 2741 2441 232 16059 -559
1270 2744 2443 232 16093 -570
1268 2742 2444 249 16109 -590
1268 2741 2445 256 16048 -596
1267 2742 2446 254 16036 -595
1270 2743 2449 233 16032 -598
1267 2744 2450 240 16049 -596
1270 2745 2456 249 16082 -600
1271 2746 2456 244 16097 -608
1269 2748 2459 249 16125 -626
1270 2749 2463 264 16115 -624
1270 2751 2465 305 16078 -608
1270 2751 2466 332 16076 -620
1272 2749 2465 364 16053 -658
1269 2749 2462 258 15969 -651
1268 2746 2457 181 15947 -600
1266 2745 2451 279 15998 -538
1268 2745 2444 279 15996 -430
1264 2743 2442 244 15967 -355
1263 2741 2434 195 15846 -472
1263 2738 2433 218 15474 -491
1260 2733 2426 340 15461 -558
1258 2725 2419 383 15924 -796
1254 2720 2413 378 16363 -807
1253 2715 2406 366 16406 -796
1250 2709 2398 417 16422 -721
1246 2703 2388 308 16291 -603
1244 2697 2381 166 16132 -492
1240 2692 2372 174 16115 -529
1240 2690 2369 143 16105 -590
1240 2691 2369 46 16024 -548
1240 2693 2372 -15 16018 -603
1241 2694 2373 -226 15538 -358
1245 2697 2380 -98 15767 -389
1248 2701 2389 279 16198 -715
1250 2705 2396 191 16121 -658
1254 2709 2404 78 16161 -569
1255 2713 2414 131 16176 -606
1257 2717 2420 137 16123 -651
1261 2722 2428 108 16065 -604
1262 2727 2438 167 16104 -606
1265 2732 2444 207 16139 -657
1269 2731 2446 182 16061 -687
1268 2734 2449 194 16014 -727
1269 2735 2448 126 15775 -706
1269 2737 2449 34 15471 -573
1271 2738 2452 197 15639 -583
1271 2745 2458 362 15872 -670
1273 2748 2463 270 15932 -643
1275 2750 2469 221 16037 -592
1276 2754 2475 281 16122 -628
1278 2758 2480 340 16180 -677
1277 2757 2481 298 16069 -614
1278 2756 2480 111 15961 -543
1278 2754 2479 103 16006 -485
1275 2755 2476 249 15999 -445
1276 2753 2474 287 16029 -481
1276 2751 2476 260 16121 -494
1275 2748 2470 283 16177 -453
1272 2744 2471 231 16202 -476
1270 2740 2464 122 16202 -499
1270 2735 2456 190 16213 -481
1268 2734 2451 366 16270 -507
1266 2729 2443 524 16299 -488
1263 2724 2434 520 16267 -427
1260 2719 2426 281 16179 -490
1259 2717 2423 76 16143 -621
1258 2718 2423 164 16180 -675
1258 2718 2425 316 16194 -704
1259 2718 2422 246 15919 -654
1259 2718 2423 -150 15326 -364
1261 2719 2425 -181 15538 -582
1260 2722 2427 315 15960 -748
1259 2724 2433 268 16022 -740
1262 2726 2438 205 16100 -794
1261 2729 2442 216 16150 -740
1265 2731 2449 232 16203 -711
1270 2736 2455 195 16196 -724
1270 2740 2463 178 16148 -714
1272 2742 2471 228 16152 -745
1272 2744 2473 275 16167 -774
1273 2745 2478 250 16063 -750
1274 2748 2480 221 15939 -772
1277 2753 2488 247 15947 -815
1278 2755 2494 298 15819 -731
1279 2759 2496 194 15491 -566
1282 2762 2501 63 15566 -578
1283 2766 2507 176 15934 -726
1286 2774 2516 343 16077 -732
1292 2780 2530 409 16128 -666
1293 2784 2535 370 16176 -692
1293 2783 2541 390 16219 -759
1293 2783 2542 390 16209 -763
1292 2778 2540 302 16219 -768
1290 2771 2531 342 16249 -768
1288 2770 2522 388 16119 -706
1283 2763 2512 363 15967 -679
1282 2756 2502 283 15838 -682
1279 2750 2490 298 15888 -746
1275 2745 2481 396 16082 -797
1274 2741 2475 387 16107 -710
1273 2740 2469 345 15999 -596
1272 2742 2467 378 16033 -667
1272 2741 2467 355 16152 -781
1271 2741 2468 332 16127 -764
1274 2744 2470 268 15985 -679
1273 2745 2472 158 16008 -651
1273 2746 2473 147 15943 -628
1276 2744 2470 68 15646 -498
1271 2738 2465 1 15726 -512
1271 2741 2463 197 16054 -709
1271 2741 2465 431 16162 -795
1271 2742 2462 374 16126 -710
1273 2743 2462 192 16086 -633
1272 2741 2460 46 16004 -615
1270 2739 2456 107 16072 -667
1269 2737 2452 303 16167 -687
1268 2735 2447 280 16111 -673
1268 2735 2448 118 16055 -674
1267 2735 2445 149 16072 -692
1268 2734 2444 198 15934 -663
1266 2734 2442 90 15927 -620
1267 2733 2437 257 16051 -668
1265 2733 2439 234 16045 -634
1266 2734 2437 193 16105 -641
1265 2733 2438 192 16160 -655
1266 2735 2439 154 16150 -633
1263 2737 2440 176 16100 -609
1265 2736 2438 225 16105 -667
1265 2736 2437 252 16128 -707
1267 2736 2437 157 16044 -666
1266 2736 2437 74 15984 -634
1267 2737 2437 166 16027 -632
1267 2740 2437 220 16052 -645
1266 2738 2436 229 16055 -664
1266 2738 2434 245 16053 -678
1264 2740 2433 242 16055 -672
1264 2741 2432 225 16092 -670
1267 2745 2434 222 16109 -707
1267 2748 2438 127 15718 -544
1268 2748 2441 7 15451 -364
1268 2751 2442 155 15877 -540
1271 2752 2445 397 16146 -713
1271 2755 2448 320 16066 -683
1270 2756 2452 202 16056 -577
1272 2756 2454 243 16063 -521
1270 2755 2456 259 16054 -522
1271 2754 2452 257 16112 -550
1269 2752 2449 254 16162 -600
1268 2750 2445 250 16142 -611
1269 2747 2439 301 16163 -629
1263 2742 2433 351 16156 -607
1262 2739 2427 313 16170 -579
1261 2737 2424 308 16199 -594
1260 2733 2422 174 16096 -599
1261 2730 2417 -16 15961 -594
1260 2726 2411 80 15986 -588
1256 2723 2407 305 16064 -582
1256 2721 2404 312 16142 -652
1254 2721 2405 240 16134 -797
1254 2722 2406 -102 15442 -454
1253 2720 2405 310 15966 -642
1254 2720 2405 371 16133 -698
1256 2723 2406 100 16042 -664
1256 2721 2409 90 16138 -752
1255 2724 2414 189 16153 -772
1260 2727 2422 116 16052 -676
1259 2730 2429 36 16058 -646
1262 2735 2433 154 16148 -680
1263 2735 2437 203 16131 -689
1265 2738 2444 202 16060 -688
1268 2740 2450 226 16063 -717
1268 2742 2455 234 16008 -729
1271 2744 2459 240 15918 -736
1272 2746 2463 238 15918 -759
1273 2747 2465 222 15930 -756
1276 2749 2466 219 15935 -783
1277 2749 2466 260 15972 -776
1275 2745 2466 348 16014 -769
1273 2748 2467 325 16044 -838
1276 2751 2470 212 15861 -764
1278 2754 2477 136 15595 -545
1278 2755 2481 171 15748 -527
1280 2761 2482 322 16077 -735
1281 2762 2488 365 16108 -767
1283 2765 2494 253 16023 -654
1283 2766 2498 184 16045 -607
1285 2768 2505 216 16081 -599
1285 2770 2509 236 16093 -580
1287 2772 2512 230 16127 -534
1287 2773 2512 259 16144 -526
1286 2770 2513 277 16121 -527
1288 2774 2516 237 16113 -503
1288 2773 2516 203 16135 -516
1289 2773 2517 194 16130 -510
1289 2776 2519 193 16096 -476
1290 2774 2518 208 16093 -486
1288 2770 2515 208 16085 -495
1286 2770 2515 198 16051 -473
1287 2769 2515 181 16059 -474
1285 2768 2513 174 16048 -498
1288 2768 2515 197 16041 -497
1286 2769 2515 246 16126 -567
1288 2768 2517 173 16070 -571
1285 2766 2515 74 16012 -532
1283 2763 2513 185 16085 -519
1283 2760 2511 247 16094 -521
1281 2760 2508 222 16109 -548
1282 2755 2504 267 16140 -576
1278 2752 2498 335 16103 -595
1277 2749 2490 310 16001 -604
1275 2743 2483 229 15954 -651
1272 2740 2475 224 15972 -699
1270 2734 2465 275 16011 -734
1267 2730 2458 279 16066 -754
1264 2730 2455 317 16143 -799
1264 2727 2448 338 16166 -866
1265 2728 2447 141 15847 -733
1265 2727 2448 13 15641 -637
1265 2727 2446 218 15925 -782
1264 2728 2447 341 16015 -804
1265 2730 2449 253 15969 -754
1265 2729 2448 230 16059 -797
1265 2729 2448 246 16051 -801
1265 2730 2448 239 16040 -761
1266 2729 2448 223 16071 -752
1264 2728 2449 205 16073 -749
1265 2731 2448 196 16069 -720
1267 2729 2448 198 16081 -722
1265 2732 2447 198 16091 -733
1265 2730 2447 212 16012 -728
1266 2730 2447 220 16042 -736
1266 2730 2446 204 16047 -728
1265 2728 2444 203 16043 -706
1264 2729 2440 253 16059 -683
1264 2728 2434 314 16060 -618
1263 2729 2429 391 16084 -628
1263 2727 2428 403 16171 -810
1260 2731 2433 302 16122 -931
1264 2730 2430 644 16001 -1159
1262 2731 2428 607 16083 -1238
1261 2730 2432 350 16130 -1313
1264 2730 2431 339 16108 -1281
1262 2729 2431 329 16077 -1151
1263 2729 2431 191 16154 -1077
1266 2730 2433 49 16154 -1023
1268 2730 2437 -76 16079 -935
1266 2737 2443 -32 16038 -839
1268 2737 2448 28 15781 -774
1268 2739 2452 -74 15690 -798
1269 2743 2455 -26 15874 -1046
1272 2745 2458 180 16053 -1158
1272 2744 2455 259 16064 -1042
1271 2746 2456 151 16137 -1085
1270 2745 2453 101 16207 -1102
1269 2744 2449 115 16143 -1030
1267 2743 2443 71 16099 -1035
1266 2743 2437 47 16130 -1098
1263 2739 2431 82 16140 -1191
1260 2735 2424 89 16093 -1272
1259 2733 2418 27 16004 -1291
1257 2732 2410 10 15940 -1341
1257 2728 2403 44 15954 -1468
1253 2729 2396 34 15986 -1555
1254 2726 2391 -8 16016 -1605
1252 2724 2385 -36 16033 -1633
1246 2718 2377 -73 16033 -1639
1245 2717 2371 -143 16055 -1664
1242 2713 2363 -310 16028 -1687
1240 2710 2358 -390 15992 -1667
1239 2709 2353 -416 15955 -1698
1238 2707 2350 -391 15897 -1742
1237 2706 2345 -384 15815 -1755
1234 2704 2342 -381 15846 -1808
1233 2702 2340 -387 15980 -1910
1232 2701 2336 -394 16011 -1897
1232 2698 2333 -398 16008 -1898
1232 2698 2331 -143 16055 -1664
1230 2696 2328 -310 16028 -1687
1229 2695 2326 -390 15992 -1667
1225 2693 2321 -416 15955 -1698
1227 2695 2321 -391 15897 -1742
1226 2692 2320 -384 15815 -1755
1225 2692 2318 -381 15846 -1808
1226 2692 2316 -387 15980 -1910
1227 2690 2313 -394 16011 -1897
1223 2685 2306 -398 16008 -1898
1221 2681 2303 -348 16024 -1897
1220 2682 2301 -451 15954 -1867
1218 2680 2298 -463 16014 -1911
1217 2679 2295 -451 16026 -1993
1218 2680 2293 -455 15980 -2002
1217 2677 2291 -427 15909 -1912
1217 2677 2289 -364 15907 -1857
1217 2677 2288 -335 15933 -1878
1217 2678 2286 -342 15925 -1931
1217 2675 2286 -381 15887 -1944
1216 2676 2288 -458 15828 -1932
1215 2677 2288 -491 15843 -1898
1217 2676 2288 -400 15944 -1898
1218 2678 2287 -419 15993 -1977
1218 2677 2289 -485 15958 -1906
1217 2678 2289 -398 15994 -1861
1218 2680 2292 -354 16032 -1935
1219 2681 2294 -384 15995 -1927
1220 2678 2291 -416 15995 -1939
1219 2679 2293 -392 16019 -1987
1219 2680 2294 -323 15977 -1956
1222 2680 2296 -267 15906 -1907
1222 2681 2300 -254 15884 -1939
1223 2684 2306 -255 15920 -1999
1224 2687 2311 -257 15978 -2019
1226 2689 2315 -284 15988 -2017
1229 2691 2321 -328 15964 -2018
1230 2696 2328 -339 15977 -2035
1232 2699 2332 -329 15999 -2045
1234 2702 2340 -358 15989 -2013
1237 2707 2344 -422 15970 -1934
1239 2708 2350 -438 15947 -1845
1239 2711 2355 -390 15977 -1822
1240 2713 2360 -385 16020 -1784
1243 2715 2365 -389 15959 -1616
1244 2716 2367 -349 15967 -1612
1245 2716 2373 -283 16070 -1700
1246 2720 2379 -351 15997 -1645
1249 2721 2382 -447 15916 -1595
1249 2725 2386 -334 15992 -1580
1250 2723 2389 -244 16014 -1627
1251 2725 2392 -258 15995 -1666
1251 2727 2395 -239 15993 -1617
1251 2727 2396 -202 15988 -1539
1251 2728 2398 -207 15988 -1490
1252 2730 2404 -265 15993 -1465
1257 2731 2408 -298 16020 -1445
1256 2732 2410 -277 16020 -1447
1255 2732 2413 -241 16019 -1425
1254 2731 2411 -160 16036 -1392
1254 2729 2416 -249 15899 -1351
1255 2729 2413 -234 15844 -1230
1253 2730 2413 -172 16016 -1327
1256 2727 2414 -152 16151 -1474
1254 2727 2412 -173 16115 -1515
1254 2728 2412 -153 16106 -1575
1253 2727 2413 -110 16164 -1641
1254 2728 2412 -92 16170 -1620
1255 2726 2414 -114 16134 -1561
1255 2727 2413 -153 16074 -1501
1255 2727 2414 -187 15965 -1410
1253 2725 2417 -204 15866 -1318
1257 2729 2420 -191 15845 -1262
1258 2731 2424 -179 15863 -1254
1258 2733 2427 -179 15928 -1257
1261 2734 2433 -174 16033 -1269
1263 2737 2436 -167 16120 -1302
1260 2734 2436 -170 16186 -1293
1260 2733 2437 -194 16227 -1285
1261 2735 2438 -217 16189 -1232
1261 2733 2440 -189 16105 -1192
1261 2736 2439 -162 16119 -1216
1263 2736 2440 -136 16134 -1209
1261 2736 2441 -198 16022 -1154
1262 2735 2441 -247 15985 -1110
1264 2732 2443 -203 16010 -1106
1262 2734 2444 -200 15978 -1078
1264 2736 2444 -199 16012 -1077
1263 2736 2446 -199 16038 -1069
1264 2737 2446 -193 15997 -1034
1264 2737 2448 -180 15967 -1071
1265 2739 2448 -222 16002 -1051
1268 2739 2450 -238 16036 -1032
1267 2739 2452 -209 16099 -1006
1270 2745 2457 -166 16089 -976
1272 2744 2458 -219 16044 -996
1268 2741 2457 -252 16083 -980
1270 2743 2457 -229 16129 -961
1269 2742 2460 -226 16105 -942
1269 2744 2460 -221 16057 -921
1268 2744 2463 -241 16052 -943
1270 2746 2463 -247 16068 -966
1271 2746 2465 -229 16069 -980
1271 2748 2470 -212 16080 -1001
1272 2747 2467 -200 16085 -1020
1271 2748 2472 -206 16074 -1015
1271 2749 2471 -211 16081 -1015
1274 2749 2474 -204 16097 -1025
1274 2752 2476 -204 16115 -1045
1274 2750 2478 -193 16107 -1053
1278 2753 2484 -175 16047 -1066
1279 2756 2491 -173 16000 -1094
1279 2757 2493 -178 15997 -1108
1277 2759 2496 -177 16014 -1107
1280 2761 2500 -174 16061 -1135
1280 2762 2499 -163 16065 -1107
1280 2760 2499 -132 16048 -1114
1279 2759 2499 -98 16106 -1187
1279 2760 2500 -130 16070 -1199
1280 2757 2500 -202 15993 -1194
1279 2758 2503 -156 15993 -1166
1277 2759 2502 -89 16003 -1143
1280 2758 2502 -102 16037 -1141
1279 2757 2502 -114 16053 -1141
1281 2756 2501 -113 16045 -1123
1279 2759 2502 -99 16047 -1126
1278 2756 2502 -99 16058 -1148
1279 2758 2500 -116 16058 -1138
1279 2758 2498 -131 16053 -1132
1280 2757 2499 -137 16036 -1113
1277 2756 2498 -46 16044 -1176
1277 2755 2496 -111 16018 -1140
1277 2756 2500 -78 16058 -1114
1277 2755 2498 -62 16076 -1110
1278 2757 2495 -95 16068 -1093
1277 2754 2493 -126 16055 -1092
1276 2756 2493 -140 16054 -1114
1276 2755 2491 -139 16055 -1128
1274 2756 2491 -139 16049 -1122
1276 2756 2489 -133 16041 -1127
1275 2751 2487 -127 16041 -1122
1274 2752 2486 -127 16072 -1103
1277 2751 2485 -121 16105 -1106
1274 2750 2483 -127 16111 -1105
1275 2751 2482 -144 16106 -1099
1275 2752 2481 -151 16107 -1100
1273 2752 2483 -156 16097 -1091
1273 2753 2483 -171 16081 -1098
1275 2753 2482 -189 16056 -1103
1274 2750 2483 -193 16011 -1109
1271 2753 2480 -191 16014 -1150
1273 2749 2482 -195 16003 -1106
1272 2749 2479 -166 16015 -1105
1272 2748 2478 -135 16108 -1187
1271 2747 2476 -145 16094 -1171
1271 2749 2474 -222 16032 -1126
1270 2745 2475 -211 16070 -1106
1270 2745 2473 -129 16109 -1118
1272 2747 2473 -134 16097 -1139
1272 2747 2472 -162 15989 -1147
1273 2748 2471 -159 15987 -1117
1272 2747 2470 -162 16014 -1108
1269 2744 2470 -175 16012 -1091
1271 2745 2470 -182 16006 -1090
1270 2745 2470 -180 16021 -1087
1270 2745 2469 -122 16089 -1104
1272 2746 2468 -146 16088 -1153
1271 2744 2469 -230 16042 -1127
1271 2745 2467 -188 16070 -1094
1271 2743 2466 -133 16063 -1101
1271 2744 2465 -151 16038 -1091
1270 2745 2466 -191 16040 -1098
1270 2744 2465 -199 16042 -1123
1271 2744 2463 -177 16043 -1129
1269 2742 2464 -162 16047 -1117
1271 2743 2464 -167 16058 -1107
1269 2743 2464 -182 16070 -1103
1272 2745 2466 -190 16080 -1102
1272 2746 2464 -180 16094 -1110
1269 2745 2463 -167 16078 -1118
1271 2744 2466 -167 16057 -1125
1269 2743 2465 -178 16060 -1130
1269 2745 2465 -183 16056 -1130
1271 2745 2466 -180 16042 -1115
1270 2746 2468 -172 16024 -1108
1270 2744 2467 -163 16048 -1134
1269 2744 2466 -171 16061 -1138
1269 2744 2466 -157 16042 -1109
1270 2745 2466 -135 16077 -1140
1270 2746 2467 -160 16002 -1140
1271 2742 2466 -213 15997 -1102
1269 2743 2465 -130 16084 -1100
1269 2745 2468 -125 16081 -1103
1271 2745 2468 -139 16067 -1110
1271 2745 2467 -127 16053 -1099
1270 2747 2469 -115 16030 -1073
1272 2748 2471 -126 16023 -1069
1269 2746 2467 -153 16022 -1077
1272 2745 2468 -136 15993 -1090
1270 2747 2469 -84 16072 -1121
1271 2744 2470 -87 16092 -1134
1271 2745 2469 -158 16058 -1115
1269 2747 2470 -138 16087 -1075
1271 2745 2469 -96 16089 -1050
1269 2746 2468 -120 16069 -1072
1270 2744 2469 -156 16046 -1091
1270 2744 2469 -150 16046 -1101
1270 2744 2469 -116 16004 -1111
1269 2745 2470 -142 16014 -1108
1269 2744 2469 -155 16050 -1102
1271 2744 2470 -151 16075 -1082
1269 2745 2469 -147 16094 -1074
1270 2744 2470 -151 16106 -1084
1271 2746 2472 -158 16114 -1105
1270 2745 2471 -153 16096 -1112
1270 2745 2475 -144 16073 -1110
1270 2747 2473 -147 16043 -1124
1271 2747 2474 -158 16005 -1144
1271 2748 2478 -159 16009 -1140
1272 2747 2477 -154 16072 -1152
1271 2746 2482 -160 16072 -1119
1273 2747 2482 -142 16046 -1121
1272 2748 2482 -110 16107 -1199
1275 2745 2482 -116 16080 -1193
1275 2748 2481 -205 15994 -1149
1272 2745 2483 -194 16033 -1126
1272 2747 2480 -104 16087 -1111
1272 2747 2483 -93 16010 -1134
1272 2746 2482 -89 16018 -1135
1272 2746 2483 -88 16010 -1129
1273 2744 2481 -108 15999 -1127
1270 2745 2478 -127 15993 -1105
1270 2743 2477 -122 16026 -1068
1268 2739 2471 -87 16027 -1067
1267 2738 2464 46 16029 -1283
1264 2731 2451 142 15888 -1542
1259 2728 2437 613 15884 -1479
1257 2724 2427 1040 16095 -1443
1257 2724 2424 1128 16227 -1295
1257 2725 2425 866 16237 -872
1257 2726 2426 456 16271 -560
1260 2729 2425 -53 16362 -584
1257 2724 2427 -648 16385 -745
1258 2725 2426 -1103 16254 -880
1259 2726 2422 -1211 16013 -946
1256 2720 2414 -625 15589 -874
1254 2718 2403 -352 15595 -897
1252 2712 2395 -256 15689 -1109
1249 2711 2392 -230 15863 -1391
1247 2707 2387 -116 16067 -1441
1246 2703 2384 -35 16234 -1473
1245 2702 2381 -63 16311 -1640
1244 2703 2380 -23 16254 -1658
1244 2701 2377 137 16177 -1539
1241 2696 2371 170 16180 -1623
1240 2697 2369 88 16100 -1820
1241 2695 2368 230 15839 -1757
1240 2695 2369 426 15651 -1509
1241 2696 2368 327 15648 -1424
1238 2690 2361 -39 15646 -1508
1237 2687 2359 -313 15673 -1611
1236 2687 2357 -297 15791 -1620
1234 2686 2356 -105 15882 -1426
1237 2689 2356 83 15965 -1274
1238 2686 2354 47 16058 -1276
1234 2686 2353 -130 16097 -1352
1235 2687 2351 -232 16142 -1410
1236 2688 2353 -222 16168 -1321
1236 2691 2354 -179 16135 -1141
1238 2692 2355 -206 16101 -1017
1237 2692 2356 -280 16116 -1001
1237 2693 2355 -345 16089 -995
1238 2694 2358 -417 16060 -1069
1238 2695 2356 -385 16033 -1095
1237 2695 2358 -303 15959 -1059
1238 2697 2360 -358 15938 -1224
1238 2694 2357 -349 16011 -1243
1239 2695 2358 -313 16043 -1195
1238 2695 2358 -352 16049 -1203
1239 2694 2360 -450 16095 -1330
