2025-10-19 15:50:35    绿光---红外光---红光---X轴---Y轴---Z轴
1315 2541 2565 -39 14932 5699
1319 2543 2567 -130 14881 5694
1314 2540 2562 -145 14915 5702
1314 2539 2563 -97 14945 5699
1313 2541 2563 -111 14941 5709
1313 2542 2564 -105 14943 5711
1312 2540 2564 -97 14944 5686
1313 2542 2566 -129 14949 5679
1315 2543 2567 -116 14932 5711
1314 2542 2568 -105 14917 5729
1311 2541 2568 -97 14898 5731
1315 2543 2570 -94 14921 5698
1314 2543 2573 -128 14942 5667
1316 2546 2576 -152 14920 5664
1318 2548 2579 -130 14898 5662
1319 2551 2581 -102 14894 5670
1319 2549 2583 -127 14953 5651
1320 2553 2586 -151 14957 5636
1322 2555 2589 -151 14952 5619
1322 2556 2590 -141 14938 5632
1323 2557 2594 -130 14919 5650
1324 2560 2596 -126 14902 5647
1322 2559 2594 -150 14885 5663
1325 2559 2598 -161 14881 5689
1326 2563 2599 -150 14957 5656
1328 2566 2602 -124 14927 5629
1327 2563 2600 -79 15048 5577
1327 2566 2601 -101 15036 5580
1325 2562 2601 -183 14928 5615
1327 2561 2601 -128 14974 5603
1329 2563 2603 -33 14980 5589
1328 2562 2602 -34 14952 5606
1329 2565 2603 -38 14966 5612
1328 2565 2603 -63 14957 5596
1328 2567 2606 -91 14957 5555
1329 2565 2604 -82 14976 5530
1329 2564 2605 -51 14963 5544
1331 2567 2608 -16 14957 5568
1331 2567 2610 -18 14973 5578
1333 2570 2614 -52 14953 5597
1332 2571 2613 -8 15016 5593
1333 2568 2614 8 15022 5555
1333 2570 2613 -72 14951 5564
1333 2571 2615 -51 14971 5592
1333 2570 2615 3 14985 5590
1333 2569 2615 -11 14949 5534
1332 2566 2612 -40 14950 5532
1333 2567 2612 -62 14967 5543
1332 2566 2612 -54 14967 5580
1333 2562 2608 -34 14971 5582
1329 2561 2605 -33 14971 5569
1328 2563 2603 -56 14973 5579
1326 2557 2600 -67 14993 5573
1324 2556 2599 -55 14994 5569
1325 2554 2593 -22 14986 5560
1323 2551 2591 3 14990 5543
1320 2547 2584 -12 14992 5544
1320 2546 2583 -30 14985 5544
1318 2544 2582 -29 14980 5548
1320 2542 2578 -19 14969 5559
1317 2539 2578 -10 14966 5571
1317 2538 2574 -11 15001 5537
1316 2538 2571 -29 15016 5496
1316 2536 2571 -39 15001 5493
1314 2534 2566 3 14996 5462
1316 2536 2566 30 14999 5466
1317 2539 2566 35 15075 5444
1314 2535 2566 1 15039 5475
1313 2537 2566 23 15028 5486
1315 2534 2563 93 15155 5392
1311 2536 2562 31 15051 5399
1311 2533 2558 -57 14966 5469
1312 2532 2559 -6 15030 5478
1311 2531 2556 34 15043 5461
1310 2527 2555 37 15055 5435
1308 2526 2550 43 15048 5404
1305 2523 2549 29 15013 5399
1306 2520 2548 22 14993 5433
1304 2519 2543 27 14994 5468
1304 2516 2541 32 14988 5465
1301 2514 2536 26 15000 5441
1301 2513 2535 -4 15051 5403
1301 2511 2534 6 15086 5393
1299 2511 2529 95 15102 5397
1302 2511 2531 63 15092 5337
1299 2508 2530 -31 15050 5359
1298 2505 2527 -4 15047 5413
1297 2504 2524 22 15054 5387
1296 2502 2524 11 15030 5386
1296 2500 2521 -5 15034 5355
1294 2497 2520 -32 15064 5318
1297 2501 2519 -40 15061 5341
1296 2498 2519 -31 15033 5361
1295 2498 2515 -36 15022 5374
1295 2497 2517 -31 15079 5333
1293 2495 2516 -31 15093 5331
1293 2495 2515 -22 15082 5344
1294 2496 2515 -21 15055 5352
1294 2496 2513 -44 15030 5336
1294 2492 2512 -64 15013 5330
1293 2493 2512 -48 15016 5334
1294 2491 2513 -17 15039 5325
1293 2492 2511 -18 15058 5332
1294 2493 2512 -31 15073 5338
1293 2495 2515 -27 15095 5330
1293 2494 2513 -31 15079 5342
1295 2492 2511 -44 15031 5361
1295 2493 2512 -32 15037 5354
1297 2495 2512 -45 15116 5327
1296 2495 2514 -73 15059 5384
1300 2499 2516 -32 15020 5371
1298 2501 2518 47 15188 5255
1299 2500 2518 -25 15122 5288
1300 2503 2516 -129 15013 5346
1299 2500 2518 -58 15105 5323
1302 2501 2518 -12 15108 5334
1301 2503 2518 -14 15068 5358
1300 2502 2516 5 15059 5339
1300 2504 2517 -8 15037 5305
1300 2504 2517 -21 15029 5280
1300 2501 2518 -27 15046 5289
1300 2502 2518 -24 15039 5328
1297 2504 2517 -11 15045 5346
1299 2504 2519 -17 15060 5319
1299 2504 2517 21 15109 5298
1299 2505 2515 75 15116 5288
1299 2504 2516 13 15093 5259
1298 2503 2515 -32 15095 5244
1297 2504 2513 10 15056 5270
1296 2505 2517 32 15054 5287
1299 2506 2514 17 15059 5297
1298 2505 2514 -5 15075 5273
1298 2505 2516 1 15090 5247
1299 2505 2514 20 15085 5258
1302 2505 2517 -4 15113 5262
1299 2506 2517 1 15088 5296
1299 2507 2519 34 15058 5308
1299 2508 2518 43 15056 5290
1300 2508 2518 24 15080 5263
1299 2510 2519 -7 15101 5254
1300 2510 2518 -19 15091 5267
1301 2510 2520 7 15078 5282
1299 2510 2520 40 15073 5297
1302 2510 2523 48 15105 5231
1299 2509 2522 44 15111 5224
1301 2509 2522 24 15088 5259
1299 2511 2522 28 15066 5289
1299 2510 2522 36 15138 5249
1300 2512 2525 18 15118 5267
1298 2513 2526 42 15056 5297
1303 2512 2528 121 15203 5207
1301 2517 2528 111 15187 5187
1300 2519 2532 -25 15054 5254
1303 2519 2532 -26 15109 5253
1303 2520 2536 47 15117 5243
1306 2523 2537 45 15091 5257
1304 2521 2537 73 15101 5232
1303 2521 2539 79 15054 5209
1306 2523 2541 50 15036 5213
1305 2524 2541 16 15060 5211
1304 2522 2544 10 15062 5205
1308 2525 2540 29 15062 5193
1306 2524 2543 48 15067 5177
1307 2522 2542 64 15057 5194
1307 2526 2543 127 15150 5182
1307 2526 2546 105 15170 5165
1306 2528 2546 3 15105 5185
1308 2525 2544 27 15112 5217
1307 2525 2547 100 15116 5210
1308 2527 2548 103 15104 5210
1308 2527 2547 73 15089 5231
1306 2525 2546 48 15126 5216
1310 2526 2548 44 15141 5217
1310 2527 2549 74 15140 5219
1310 2528 2549 84 15148 5195
1311 2530 2550 61 15132 5184
1314 2532 2552 43 15107 5189
1312 2528 2550 35 15103 5208
1312 2529 2552 44 15105 5233
1313 2529 2553 55 15085 5240
1313 2532 2554 48 15067 5230
1312 2529 2553 46 15070 5220
1314 2531 2557 65 15086 5220
1314 2534 2558 75 15107 5212
1314 2534 2558 48 15118 5205
1314 2533 2559 48 15114 5215
1314 2534 2557 69 15110 5228
1314 2534 2558 82 15088 5226
1313 2534 2559 99 15077 5199
1312 2534 2557 83 15139 5152
1314 2536 2562 55 15085 5234
1313 2539 2564 87 15062 5278
1315 2540 2565 166 15214 5160
1316 2542 2564 106 15144 5153
1315 2544 2565 20 15098 5185
1316 2544 2568 105 15174 5174
1318 2542 2568 157 15130 5186
1317 2547 2571 135 15120 5185
1318 2549 2572 110 15131 5156
1318 2550 2573 88 15123 5109
1317 2550 2572 99 15114 5092
1317 2546 2572 124 15101 5115
1318 2548 2571 134 15082 5142
1317 2549 2572 121 15105 5159
1319 2548 2573 81 15126 5164
1316 2547 2573 89 15093 5195
1319 2550 2578 205 15131 5182
1318 2552 2579 189 15144 5136
1318 2553 2578 65 15104 5164
1319 2552 2580 86 15121 5178
1318 2548 2579 142 15121 5175
1320 2551 2581 151 15081 5215
1318 2553 2582 153 15077 5202
1321 2553 2583 137 15122 5155
1319 2552 2583 119 15130 5166
1320 2552 2581 129 15117 5198
1319 2553 2582 125 15136 5191
1321 2552 2584 96 15131 5190
1321 2553 2587 89 15118 5210
1321 2554 2590 102 15121 5214
1321 2553 2588 116 15101 5227
1323 2556 2593 120 15082 5232
1322 2555 2590 114 15067 5229
1323 2555 2589 134 15069 5214
1323 2555 2593 130 15080 5223
1325 2558 2591 134 15084 5226
1322 2557 2594 128 15082 5223
1322 2555 2595 123 15084 5224
1325 2555 2594 136 15096 5234
1323 2555 2594 132 15105 5247
1324 2557 2596 116 15092 5275
1325 2555 2596 126 15104 5271
1326 2556 2596 144 15098 5244
1325 2557 2596 190 15115 5227
1327 2559 2599 252 15216 5162
1330 2560 2601 167 15115 5187
1327 2563 2604 84 15074 5207
1329 2565 2603 164 15133 5191
1330 2563 2602 199 15085 5193
1329 2564 2605 190 15072 5198
1332 2565 2606 178 15066 5198
1329 2565 2606 178 15055 5177
1330 2565 2606 200 15064 5153
1330 2565 2608 210 15051 5160
1329 2565 2606 219 15040 5173
1331 2563 2605 204 15052 5179
1329 2563 2605 175 15068 5193
1327 2560 2603 211 15088 5230
1328 2560 2602 293 15126 5226
1326 2560 2600 243 15117 5164
1328 2558 2596 169 15076 5184
1328 2559 2597 222 15088 5217
1328 2558 2595 260 15107 5193
1324 2554 2595 254 15076 5213
1325 2554 2592 234 15059 5216
1324 2551 2590 212 15077 5205
1323 2550 2589 231 15072 5220
1322 2547 2585 247 15066 5225
1323 2549 2585 209 15094 5202
1321 2550 2582 164 15106 5207
1322 2548 2582 166 15068 5265
1318 2545 2581 213 15054 5297
1320 2541 2578 235 15081 5242
1318 2543 2578 196 15071 5212
1318 2541 2576 187 15067 5206
1318 2538 2575 197 15059 5228
1316 2539 2574 208 15060 5238
1316 2537 2572 227 15056 5234
1315 2537 2571 245 15046 5220
1313 2535 2568 233 15061 5213
1315 2535 2569 208 15098 5229
1315 2536 2569 215 15098 5231
1313 2531 2564 229 15083 5223
1310 2531 2562 237 15149 5176
1310 2529 2562 205 15112 5214
1310 2525 2560 222 15029 5246
1310 2529 2559 299 15176 5153
1311 2529 2561 276 15161 5144
1309 2528 2559 139 15074 5203
1309 2530 2560 152 15158 5186
1312 2528 2560 238 15159 5153
1310 2529 2558 249 15108 5161
1310 2528 2560 265 15076 5143
1309 2529 2560 249 15057 5103
1311 2528 2561 219 15060 5080
1311 2526 2559 225 15061 5093
1311 2527 2558 257 15060 5139
1312 2527 2560 260 15066 5161
1310 2526 2556 220 15073 5154
1310 2524 2558 216 15067 5166
1310 2525 2559 312 15138 5126
1309 2526 2557 308 15173 5051
1308 2523 2553 195 15142 5069
1308 2522 2551 209 15152 5105
1308 2520 2551 270 15143 5102
1308 2519 2548 262 15103 5115
1306 2518 2548 224 15093 5090
1307 2519 2548 187 15128 5035
1306 2518 2546 195 15130 5044
1306 2515 2544 215 15105 5087
1306 2518 2546 210 15106 5098
1306 2517 2546 212 15140 5101
1308 2513 2543 239 15119 5078
1307 2515 2544 238 15113 5073
1307 2515 2544 213 15097 5087
1306 2517 2547 191 15094 5076
1307 2517 2544 194 15093 5106
1308 2517 2545 228 15088 5125
1309 2520 2545 256 15102 5100
1310 2518 2545 243 15112 5078
1310 2519 2545 225 15176 5062
1311 2518 2546 209 15171 5065
1309 2518 2548 198 15117 5085
1310 2520 2548 205 15130 5066
1308 2520 2548 190 15191 5042
1309 2521 2546 205 15118 5089
1310 2520 2546 257 15121 5060
1308 2520 2546 321 15269 4971
1309 2520 2546 236 15173 5008
1309 2521 2548 134 15096 5049
1307 2523 2546 219 15170 5040
1310 2525 2550 263 15143 5043
1309 2525 2549 247 15128 5035
1311 2526 2547 241 15118 5003
1312 2526 2551 237 15100 4986
1310 2528 2548 241 15092 4983
1312 2527 2549 235 15089 4993
1310 2527 2552 234 15109 5002
1308 2529 2550 226 15127 5003
1309 2529 2551 208 15129 5002
1312 2532 2552 268 15167 5028
1311 2529 2551 346 15183 5027
1310 2531 2553 259 15187 4953
1311 2530 2553 182 15172 4956
1310 2532 2553 257 15133 4995
1310 2531 2555 315 15104 4999
1312 2533 2554 301 15072 5005
1309 2531 2553 256 15104 4966
1310 2530 2553 216 15145 4954
1310 2531 2552 222 15153 4999
1310 2527 2552 268 15167 5028
1309 2529 2553 346 15183 5027
1310 2530 2553 259 15187 4953
1310 2530 2554 182 15172 4956
1307 2530 2553 257 15133 4995
1310 2530 2554 315 15104 4999
1313 2532 2553 301 15072 5005
1308 2528 2553 256 15104 4966
1310 2529 2554 216 15145 4954
1308 2529 2556 222 15153 4999
1309 2528 2556 239 15157 5011
1309 2528 2557 227 15134 5014
1309 2529 2555 240 15127 5020
1312 2532 2557 254 15144 5012
1311 2528 2557 235 15135 5024
1310 2530 2558 214 15119 5040
1310 2529 2558 221 15119 5030
1310 2529 2557 241 15124 5030
1311 2529 2559 253 15131 5034
1311 2530 2557 259 15148 5024
1309 2531 2559 267 15159 5020
1310 2531 2560 270 15153 5019
1311 2532 2563 267 15151 5016
1312 2535 2565 259 15154 5016
1312 2539 2565 242 15136 5028
1314 2538 2566 247 15123 5041
1316 2540 2569 249 15182 5020
1317 2539 2566 217 15176 5039
1313 2536 2566 243 15116 5063
1314 2538 2566 321 15241 4965
1317 2539 2566 201 15123 5031
1315 2538 2567 161 15144 5041
1317 2540 2568 270 15175 5027
1317 2538 2568 288 15127 5041
1318 2537 2566 290 15138 5025
1318 2538 2566 283 15121 4990
1316 2537 2567 260 15091 4965
1317 2539 2567 261 15096 4974
1317 2541 2568 290 15103 5005
1319 2540 2570 318 15128 5013
1317 2539 2566 316 15136 5019
1317 2538 2568 284 15143 5019
1317 2540 2568 312 15195 5027
1316 2538 2568 371 15190 5023
1318 2538 2568 284 15171 4956
1317 2540 2571 223 15159 4962
1316 2537 2566 294 15143 4990
1315 2536 2564 316 15125 4998
1316 2537 2567 304 15088 5018
1315 2537 2564 301 15134 4996
1315 2537 2566 289 15168 4998
1315 2539 2565 278 15130 5015
1314 2537 2565 266 15112 5017
1317 2536 2566 234 15120 5007
1314 2535 2565 219 15124 5023
1316 2537 2565 254 15122 5047
1316 2538 2564 293 15124 5034
1316 2537 2565 291 15125 5023
1316 2538 2565 270 15121 5023
1316 2537 2565 280 15141 5043
1318 2539 2566 281 15124 5063
1316 2540 2567 269 15125 5065
1316 2539 2568 265 15141 5053
1315 2539 2568 260 15147 5057
1316 2536 2568 258 15138 5067
1315 2539 2567 268 15134 5071
1316 2538 2566 274 15131 5065
1317 2541 2567 272 15110 5058
1316 2542 2568 265 15110 5054
1316 2544 2571 243 15091 5070
1317 2546 2572 247 15101 5067
1318 2546 2569 253 15192 5024
1320 2543 2572 248 15138 5082
1319 2545 2572 291 15086 5106
1317 2544 2571 360 15246 4997
1315 2545 2572 293 15174 5003
1316 2545 2571 175 15099 5050
1315 2544 2571 231 15181 5046
1314 2544 2572 297 15155 5055
1315 2542 2571 295 15129 5047
1317 2544 2571 296 15129 5016
1314 2545 2570 282 15123 4998
1316 2541 2573 283 15109 5005
1316 2543 2572 294 15089 5015
1315 2544 2573 301 15075 5032
1315 2546 2572 290 15095 5034
1315 2545 2573 263 15112 5035
1316 2544 2575 261 15125 5023
1318 2543 2573 340 15198 5007
1315 2542 2575 360 15167 5004
1318 2541 2572 237 15122 4977
1315 2541 2575 221 15149 4999
1316 2542 2575 289 15143 5021
1318 2543 2574 311 15121 5032
1319 2544 2575 321 15090 5035
1316 2542 2573 283 15118 5006
1317 2539 2573 243 15146 5001
1317 2540 2573 254 15147 5027
1315 2541 2574 266 15153 5023
1314 2538 2574 255 15100 5015
1314 2541 2572 254 15110 5008
1317 2539 2571 258 15141 5001
1316 2538 2573 263 15136 5017
1316 2540 2573 261 15118 5030
1316 2535 2572 250 15106 5034
1316 2540 2573 251 15107 5035
1316 2539 2573 261 15115 5038
1317 2539 2572 274 15121 5046
1316 2538 2570 282 15127 5046
1316 2539 2571 278 15140 5035
1317 2539 2570 273 15139 5021
1319 2539 2573 273 15132 5030
1317 2540 2572 268 15125 5043
1321 2541 2573 263 15112 5044
1320 2541 2574 271 15116 5044
1318 2539 2570 274 15110 5043
1318 2540 2572 277 15115 5034
1317 2541 2574 261 15134 5020
1319 2543 2575 243 15129 5023
1318 2544 2575 256 15157 5012
1320 2547 2576 247 15189 4995
1319 2546 2578 265 15136 5043
1319 2543 2575 320 15165 5028
1317 2544 2573 352 15246 4958
1317 2544 2574 238 15134 4999
1316 2542 2574 182 15109 5018
1318 2544 2574 286 15160 5006
1319 2544 2573 323 15115 5019
1317 2543 2573 322 15128 5009
1317 2543 2573 299 15136 4988
1319 2544 2574 277 15113 4975
1318 2547 2576 299 15104 4984
1320 2548 2575 319 15083 5013
1320 2547 2577 314 15081 5029
1318 2549 2580 300 15121 5014
1320 2549 2579 263 15134 5034
1319 2547 2577 259 15119 5076
1318 2546 2577 349 15192 5056
1318 2546 2577 219 15155 5005
1314 2546 2577 256 15162 5021
1317 2544 2575 315 15133 5036
1316 2543 2577 315 15089 5083
1316 2543 2577 286 15083 5064
1317 2544 2576 243 15134 5004
1316 2544 2576 237 15163 4993
1316 2542 2575 266 15143 5014
1315 2543 2576 283 15132 5024
1315 2541 2575 258 15128 5010
1316 2542 2576 255 15136 5015
1317 2543 2577 267 15138 5033
1320 2542 2578 274 15122 5054
1316 2542 2575 261 15111 5061
1317 2542 2577 248 15112 5063
1317 2541 2579 246 15107 5057
1316 2542 2576 249 15097 5037
1317 2541 2580 276 15109 5017
1316 2542 2578 297 15122 5023
1317 2541 2577 280 15127 5040
1317 2540 2577 257 15130 5026
1319 2541 2577 252 15122 5020
1318 2540 2578 261 15118 5048
1318 2540 2577 259 15114 5060
1317 2540 2578 255 15105 5046
1316 2539 2577 258 15109 5029
1317 2539 2576 255 15119 5031
1317 2539 2577 258 15125 5042
1321 2541 2578 260 15116 5062
1321 2542 2580 274 15120 5076
1318 2543 2581 286 15184 5042
1319 2546 2581 264 15152 5058
1318 2546 2584 294 15102 5079
1320 2546 2584 354 15204 5022
1322 2543 2585 325 15177 5019
1322 2545 2583 199 15089 5063
1322 2546 2584 206 15144 5056
1319 2544 2583 304 15149 5049
1322 2545 2583 317 15121 5041
1320 2544 2584 324 15136 5014
1321 2545 2585 302 15118 4994
1322 2545 2583 283 15083 4978
1320 2543 2584 296 15067 4997
1321 2544 2584 312 15068 5027
1319 2545 2583 321 15085 5030
1320 2546 2583 315 15108 5036
1322 2545 2582 284 15131 5033
1320 2544 2584 301 15144 5046
1321 2545 2583 378 15169 5030
1323 2547 2584 327 15182 4973
1319 2544 2582 264 15142 5013
1319 2544 2582 326 15132 5029
1321 2546 2583 349 15123 5007
1320 2547 2584 332 15090 5040
1320 2546 2585 317 15115 5023
1321 2547 2585 288 15149 5005
1321 2547 2584 279 15131 5032
1321 2549 2586 283 15112 5036
1322 2547 2586 278 15121 5019
1321 2548 2587 284 15118 5028
1321 2547 2588 294 15102 5030
1320 2548 2588 298 15090 5021
1322 2548 2589 290 15086 5058
1321 2549 2587 272 15096 5084
1320 2548 2587 263 15096 5078
1318 2547 2586 280 15082 5082
1322 2547 2588 295 15077 5086
1319 2545 2585 297 15092 5075
1319 2545 2589 295 15122 5070
1322 2548 2587 287 15146 5060
1317 2543 2584 282 15138 5056
1317 2541 2584 291 15111 5059
1316 2543 2583 314 15101 5044
1317 2541 2581 323 15087 5039
1315 2538 2578 307 15076 5053
1315 2537 2579 296 15081 5063
1315 2533 2575 282 15085 5063
1314 2535 2572 265 15083 5066
1313 2535 2571 263 15088 5075
1313 2534 2571 286 15101 5073
1313 2534 2570 303 15143 5038
1314 2534 2567 249 15181 5030
1315 2534 2564 233 15131 5070
1311 2528 2564 294 15140 5049
1312 2530 2563 343 15161 4984
1311 2528 2561 248 15078 5019
1308 2525 2557 186 15116 5067
1308 2526 2557 274 15179 5074
1308 2524 2556 311 15141 5089
1307 2520 2550 314 15138 5080
1306 2518 2547 301 15119 5041
1305 2515 2544 284 15078 5028
1307 2512 2541 276 15048 5063
1305 2515 2541 268 15054 5083
1303 2511 2540 271 15082 5078
1304 2509 2535 278 15103 5071
1303 2510 2535 272 15125 5069
1303 2508 2532 286 15119 5092
1302 2505 2533 360 15177 5067
1303 2507 2531 336 15204 4999
1304 2505 2529 219 15166 5010
1302 2505 2528 240 15177 5042
1301 2504 2525 313 15167 5039
1301 2503 2525 314 15110 5055
1302 2502 2523 281 15095 5040
1300 2500 2526 229 15151 4982
1299 2500 2524 218 15175 4965
1301 2498 2521 249 15157 4992
1298 2501 2519 250 15136 5007
1299 2499 2518 225 15152 5037
1298 2498 2518 234 15168 5030
1296 2497 2513 243 15157 5022
1295 2498 2514 241 15118 5019
1295 2496 2513 222 15116 5004
1297 2493 2512 195 15131 5001
1294 2494 2512 189 15132 5008
1296 2495 2510 201 15141 5007
1298 2494 2510 217 15170 5005
1297 2495 2512 227 15199 5001
1294 2494 2512 207 15190 5007
1293 2495 2511 189 15174 5018
1296 2497 2512 190 15159 5017
1295 2495 2512 199 15152 5014
1295 2496 2513 217 15157 4985
1297 2497 2514 211 15155 4955
1298 2501 2514 178 15126 4974
1296 2502 2517 173 15125 4975
1298 2503 2518 178 15203 4953
1299 2506 2518 194 15156 5004
1299 2505 2522 242 15122 4984
1297 2507 2521 299 15295 4887
1297 2506 2521 224 15212 4923
1298 2505 2526 122 15088 4997
1295 2505 2521 216 15177 4995
1298 2506 2523 287 15173 4989
1296 2505 2524 258 15152 4980
1297 2508 2525 243 15150 4947
1298 2507 2526 237 15121 4937
1301 2509 2525 248 15109 4938
1300 2508 2525 258 15123 4941
1298 2507 2526 255 15126 4941
1298 2510 2529 256 15134 4942
1299 2510 2527 240 15157 4942
1298 2510 2528 234 15156 4980
1299 2509 2530 310 15252 4969
1300 2511 2529 277 15250 4905
1301 2511 2531 165 15174 4906
1302 2510 2531 213 15177 4940
1301 2510 2529 316 15168 4954
1301 2510 2532 327 15154 4959
1300 2512 2530 273 15136 4941
1300 2511 2532 223 15176 4889
1302 2510 2533 221 15181 4883
1301 2513 2533 250 15161 4925
1301 2510 2532 232 15170 4935
1301 2512 2532 196 15170 4934
1304 2512 2533 201 15152 4952
1304 2513 2533 240 15147 4943
1305 2515 2536 270 15155 4944
1306 2516 2538 258 15161 4947
1308 2517 2539 236 15147 4936
1306 2517 2538 223 15129 4941
1306 2515 2540 236 15141 4961
1307 2519 2543 250 15160 4969
1306 2520 2543 253 15167 4966
1308 2520 2543 251 15172 4949
1309 2523 2547 245 15178 4946
1309 2524 2548 246 15178 4956
1310 2524 2547 267 15177 4967
1309 2528 2549 249 15144 4977
1312 2528 2553 232 15119 4980
1312 2530 2556 237 15150 4971
1314 2534 2561 220 15240 4928
1314 2537 2560 216 15182 4982
1313 2538 2563 281 15140 4998
1315 2537 2561 361 15271 4904
1316 2540 2566 265 15171 4933
1315 2540 2564 152 15097 4991
1316 2540 2563 238 15195 4978
1315 2543 2566 306 15169 4977
1315 2542 2566 315 15142 4978
1314 2541 2565 314 15139 4958
1315 2543 2563 292 15124 4923
1316 2542 2565 284 15125 4885
1317 2544 2566 287 15138 4881
1317 2543 2567 297 15120 4897
1318 2545 2570 313 15105 4912
1318 2549 2571 301 15123 4924
1319 2549 2573 299 15132 4938
1320 2549 2572 365 15229 4917
1320 2548 2575 346 15227 4885
1319 2551 2576 233 15175 4873
1319 2550 2577 243 15191 4889
1319 2549 2579 320 15172 4911
1319 2551 2580 334 15148 4932
1321 2551 2580 323 15117 4928
1317 2552 2582 294 15160 4873
1320 2551 2581 263 15172 4872
1321 2555 2584 271 15182 4933
1319 2554 2587 261 15161 4958
1322 2555 2588 245 15151 4982
1322 2555 2590 249 15162 4953
1320 2556 2594 271 15154 4935
1323 2557 2596 287 15135 4953
1323 2559 2594 292 15122 4973
1324 2558 2597 289 15133 4974
1326 2561 2598 280 15144 4965
1326 2561 2601 276 15164 4970
1327 2561 2602 296 15142 4990
1326 2564 2603 321 15134 5012
1326 2564 2605 333 15118 5012
1326 2564 2605 308 15114 4992
1326 2563 2608 275 15143 4989
1327 2562 2607 287 15143 4997
1330 2564 2606 311 15116 5003
1331 2564 2607 305 15090 5008
1327 2567 2610 316 15119 4982
1330 2565 2610 314 15169 4955
1330 2568 2612 318 15128 4995
1332 2571 2613 362 15149 4981
1329 2569 2612 403 15237 4919
1333 2570 2614 302 15142 4955
1333 2569 2615 244 15137 4962
1332 2571 2617 344 15196 4942
1333 2570 2618 383 15132 4975
1332 2571 2617 391 15125 4981
1334 2572 2618 384 15130 4949
1334 2571 2619 352 15127 4933
1332 2571 2618 344 15124 4948
1333 2569 2617 359 15115 4967
1333 2570 2620 392 15097 4973
1335 2571 2620 406 15084 4977
1335 2574 2623 357 15098 4986
1332 2572 2622 331 15108 5011
1333 2574 2621 410 15193 5009
1335 2576 2622 419 15184 4961
1336 2573 2621 322 15123 4955
1333 2572 2622 352 15168 4979
1332 2572 2620 410 15166 4983
1334 2571 2620 391 15115 5007
1335 2572 2622 388 15106 4997
1332 2571 2621 375 15129 4952
1335 2574 2623 367 15118 4959
1333 2574 2621 367 15102 4992
1333 2573 2624 351 15105 5006
1333 2574 2623 339 15102 5021
1333 2572 2624 340 15078 5050
1335 2575 2625 374 15121 5031
1333 2574 2623 367 15106 5039
1334 2575 2623 336 15091 5039
1333 2574 2622 328 15096 5039
1334 2572 2623 351 15093 5048
1332 2575 2624 378 15086 5047
1332 2573 2626 375 15091 5048
1337 2575 2626 362 15120 5048
1334 2575 2627 359 15129 5039
1334 2575 2627 360 15121 5031
1331 2574 2626 375 15132 5032
1330 2574 2627 383 15125 5039
1333 2573 2629 375 15116 5040
1331 2571 2628 357 15107 5043
1335 2576 2631 349 15092 5049
1335 2577 2633 359 15139 5023
1336 2578 2634 344 15145 5030
1336 2582 2638 367 15093 5077
1334 2580 2636 418 15155 5075
1337 2582 2640 433 15203 5062
1337 2583 2641 326 15104 5082
1341 2585 2644 286 15100 5082
1342 2584 2645 374 15125 5075
1342 2585 2644 390 15079 5082
1341 2586 2647 394 15097 5054
1341 2585 2648 392 15095 5038
1341 2586 2650 379 15063 5054
1340 2588 2650 393 15064 5073
1340 2589 2648 409 15066 5098
1340 2584 2649 402 15052 5106
1341 2586 2648 403 15107 5118
1343 2586 2650 408 15099 5168
1342 2585 2651 459 15124 5171
1342 2585 2648 403 15127 5102
1342 2583 2649 301 15086 5112
1341 2583 2648 354 15083 5151
1342 2584 2646 437 15071 5156
1341 2583 2645 448 15045 5189
1342 2581 2644 416 15057 5194
1340 2580 2644 354 15111 5143
1342 2577 2640 371 15094 5156
1341 2577 2639 384 15078 5144
1338 2574 2635 377 15051 5154
1338 2573 2634 375 15027 5179
1336 2570 2630 382 15040 5173
1336 2569 2627 371 15055 5183
1335 2567 2627 356 15040 5210
1332 2565 2624 344 15034 5215
1333 2562 2617 342 15041 5214
1331 2561 2613 358 15063 5192
1329 2556 2608 355 15071 5163
1327 2553 2604 346 15078 5158
1325 2550 2601 359 15087 5170
1323 2548 2597 375 15069 5190
1323 2547 2594 360 15056 5193
1322 2543 2590 318 15064 5179
1321 2540 2587 315 15077 5162
1320 2539 2583 339 15082 5151
1318 2538 2581 345 15071 5149
1315 2535 2579 339 15048 5147
1317 2534 2576 316 15092 5121
1315 2533 2577 272 15142 5115
1315 2534 2574 290 15117 5159
1316 2532 2572 358 15176 5140
1314 2534 2572 401 15228 5111
1316 2534 2568 295 15104 5187
1314 2535 2569 205 15080 5215
1312 2531 2566 272 15139 5162
1313 2530 2564 306 15113 5143
1312 2527 2562 377 15111 5059
1311 2524 2561 322 15074 5039
1309 2526 2558 262 15059 5050
1307 2522 2555 265 15059 5059
1307 2518 2554 317 15066 5097
1305 2517 2549 359 15067 5137
1307 2515 2549 318 15086 5124
1306 2518 2548 274 15147 5130
1302 2514 2546 319 15205 5111
1302 2513 2544 253 15123 5096
1301 2511 2542 319 15107 5114
1302 2509 2541 353 15111 5065
1299 2507 2541 314 15071 5052
1301 2507 2539 277 15082 5045
1302 2507 2536 264 15126 5042
1300 2506 2537 281 15115 5069
1301 2505 2536 290 15098 5096
1299 2506 2537 262 15117 5087
1302 2505 2536 283 15128 5073
1299 2504 2535 294 15112 5058
1301 2504 2534 290 15080 5056
1299 2504 2536 292 15066 5055
1299 2503 2532 280 15085 5043
1299 2503 2534 277 15109 5048
1299 2500 2534 290 15123 5057
1300 2502 2532 291 15127 5057
1302 2503 2535 287 15131 5050
1298 2502 2530 291 15149 5038
1299 2499 2532 303 15165 5026
1298 2499 2531 300 15138 5018
1297 2499 2530 288 15092 5038
1298 2501 2532 297 15078 5049
1300 2502 2531 279 15146 5021
1300 2502 2531 242 15118 5063
1299 2502 2534 285 15056 5079
1300 2505 2532 375 15232 4997
1302 2503 2533 367 15240 4994
1301 2507 2538 211 15091 5071
1305 2508 2538 200 15151 5085
1304 2510 2539 311 15175 5066
1304 2510 2538 343 15126 5068
1304 2510 2543 365 15125 5039
1306 2511 2542 342 15095 5002
1307 2511 2542 304 15068 4984
1305 2515 2545 297 15080 4985
1307 2514 2544 313 15082 5004
1304 2512 2543 333 15090 5029
1307 2511 2540 320 15118 5044
1307 2513 2542 370 15233 5023
1306 2513 2541 355 15227 4978
1307 2513 2542 253 15153 4966
1306 2515 2542 267 15153 4979
1306 2516 2541 354 15140 4983
1305 2513 2542 375 15121 4993
1306 2514 2541 341 15097 4987
1304 2512 2540 308 15139 4938
1306 2514 2538 291 15173 4949
1304 2513 2540 310 15164 4985
1304 2514 2539 289 15159 4967
1306 2515 2539 276 15133 4973
1306 2516 2541 289 15123 4980
1306 2516 2542 307 15126 4987
1308 2516 2543 301 15127 4996
1307 2517 2543 281 15119 4983
1306 2519 2546 284 15118 4965
1308 2518 2546 303 15134 4963
1305 2519 2544 324 15149 4979
1307 2518 2547 336 15161 5005
1307 2521 2546 328 15159 5021
1306 2519 2545 303 15122 5019
1306 2521 2547 278 15091 4999
1305 2520 2550 284 15101 4975
1307 2521 2550 300 15174 4932
1304 2520 2551 296 15131 4974
1307 2522 2550 331 15075 4994
1310 2524 2554 407 15261 4890
1306 2526 2555 400 15254 4898
1310 2528 2557 273 15117 4988
1309 2529 2559 278 15166 5009
1310 2533 2562 366 15155 5014
1311 2533 2563 375 15120 5002
1313 2534 2565 384 15128 4963
1314 2536 2568 375 15098 4949
1312 2536 2568 360 15075 4956
1313 2537 2571 362 15086 4970
1314 2538 2572 357 15090 4982
1316 2541 2574 336 15090 4986
1315 2538 2574 317 15133 5009
1316 2540 2574 388 15190 5023
1313 2538 2574 420 15171 5008
1313 2537 2577 295 15141 4957
1315 2540 2576 248 15167 4968
1316 2538 2577 338 15143 4988
1315 2541 2576 385 15114 5012
1317 2541 2578 386 15077 5041
1319 2541 2578 349 15111 4985
1316 2539 2578 336 15090 4986
1316 2536 2579 317 15133 5009
1317 2540 2579 388 15190 5023
1319 2539 2580 420 15171 5008
1317 2540 2579 295 15141 4957
1319 2541 2580 248 15167 4968
1319 2542 2580 338 15143 4988
1320 2540 2581 385 15114 5012
1319 2541 2581 386 15077 5041
1319 2540 2582 349 15111 4985
1318 2543 2583 303 15158 4984
1322 2542 2582 315 15144 4995
1323 2542 2582 315 15143 4989
1320 2542 2582 324 15119 5000
1320 2542 2581 345 15117 5004
1321 2542 2582 354 15126 5003
1319 2543 2584 351 15107 5004
1320 2542 2581 336 15094 5012
1319 2543 2583 327 15099 5007
1322 2546 2584 340 15122 5008
1319 2542 2580 332 15117 5014
1319 2543 2581 335 15114 5023
1318 2544 2581 351 15115 5020
1319 2544 2585 343 15115 5014
1317 2546 2583 337 15127 5008
1319 2547 2587 334 15121 5014
1320 2550 2587 342 15104 5024
1320 2548 2588 361 15158 5002
1321 2551 2588 342 15188 5001
1320 2551 2587 349 15144 5040
1322 2548 2589 385 15194 5005
1321 2552 2588 423 15257 4953
1321 2549 2590 320 15145 5004
1320 2551 2588 267 15134 5033
1320 2549 2587 384 15188 5014
1322 2549 2587 418 15144 5018
1318 2553 2587 424 15142 4997
1322 2548 2588 418 15127 4968
1322 2550 2590 394 15102 4955
1320 2552 2591 391 15117 4968
1320 2551 2594 410 15120 4993
1318 2549 2588 428 15108 4994
1321 2547 2588 409 15138 4989
1319 2547 2588 365 15152 4990
1319 2546 2589 380 15129 5017
1322 2548 2588 464 15173 4999
1320 2546 2589 408 15186 4933
1320 2548 2590 303 15139 4959
1320 2549 2590 360 15157 4985
1319 2550 2591 420 15134 5028
1319 2548 2592 398 15135 5003
1320 2546 2590 361 15164 4956
1320 2547 2592 359 15150 4956
1320 2547 2590 375 15118 4980
1321 2546 2592 373 15112 4970
1321 2545 2592 354 15114 4964
1320 2546 2590 354 15113 4982
1321 2544 2589 371 15120 4988
1319 2544 2590 361 15134 5004
1321 2544 2591 358 15138 5011
1319 2545 2589 368 15132 5011
1320 2547 2590 387 15130 5004
1320 2543 2592 382 15121 5006
1319 2546 2590 374 15114 5032
1321 2545 2590 377 15122 5036
1320 2544 2590 364 15123 5028
1320 2544 2589 354 15118 5019
1319 2543 2589 358 15119 5019
1319 2546 2590 373 15132 5030
1320 2544 2593 369 15149 5030
1322 2548 2594 348 15119 5036
1324 2550 2597 345 15098 5021
1324 2552 2595 350 15174 4963
1326 2552 2596 350 15124 5008
1328 2549 2597 385 15091 5035
1324 2551 2598 435 15247 4959
1325 2550 2596 381 15188 4984
1323 2550 2597 268 15101 5016
1325 2551 2597 327 15169 4998
1324 2552 2598 426 15149 5007
1323 2551 2598 422 15119 4992
1325 2552 2594 404 15125 4960
1323 2551 2596 377 15102 4941
1324 2549 2596 371 15086 4948
1323 2552 2598 376 15082 4971
1322 2552 2596 402 15075 4985
1323 2552 2597 416 15099 4988
1324 2551 2598 396 15125 4998
1323 2550 2596 429 15194 5009
1322 2551 2598 454 15181 5015
1324 2552 2598 340 15158 4968
1321 2551 2598 306 15170 4969
1322 2552 2599 390 15165 4973
1325 2553 2598 424 15137 4988
1327 2556 2599 430 15098 5016
1323 2552 2598 394 15122 4979
1325 2554 2598 349 15146 4964
1323 2554 2599 382 15142 5005
1324 2554 2599 370 15126 5002
1323 2554 2600 370 15101 5014
1324 2554 2597 376 15111 5006
1323 2552 2599 378 15127 4989
1322 2552 2598 386 15114 5007
1323 2550 2598 378 15105 5026
1320 2551 2598 359 15095 5025
1319 2549 2596 352 15098 5020
1322 2549 2595 356 15127 5017
1318 2545 2590 368 15152 5020
1318 2544 2589 388 15146 5042
1316 2540 2588 384 15138 5032
1316 2542 2585 357 15143 4999
1318 2539 2584 329 15129 4986
1316 2540 2585 329 15124 4979
1319 2539 2584 351 15132 4982
1315 2535 2578 362 15118 4998
1314 2534 2577 364 15109 5014
1314 2535 2578 351 15109 5017
1314 2534 2576 335 15110 5024
1314 2533 2577 328 15113 5018
1315 2536 2577 308 15189 4961
1315 2538 2578 287 15176 4998
1314 2536 2576 350 15111 5044
1315 2534 2572 452 15210 4982
1313 2531 2573 437 15180 4971
1312 2531 2569 269 15087 5018
1312 2527 2568 236 15152 5020
1311 2526 2566 335 15177 5004
1311 2526 2563 361 15153 5023
1309 2522 2560 397 15153 5021
1309 2522 2559 393 15128 4989
1309 2518 2554 348 15104 4974
1307 2519 2555 339 15089 4987
1307 2521 2556 350 15068 5014
1307 2519 2553 367 15084 5016
1306 2516 2549 360 15123 5017
1307 2514 2548 325 15126 5013
1304 2513 2546 353 15157 5017
1306 2510 2543 427 15188 5006
1304 2510 2544 361 15194 4937
1305 2511 2541 280 15175 4959
1306 2506 2540 345 15159 4992
1303 2508 2540 393 15134 4983
1305 2509 2536 376 15080 4999
1303 2506 2535 332 15091 4978
1305 2506 2534 275 15130 4943
1303 2506 2535 259 15143 4950
1302 2506 2531 286 15134 4979
1303 2505 2533 310 15141 4976
1302 2505 2533 308 15144 4976
1301 2503 2531 300 15160 4961
1300 2504 2532 294 15151 4969
1301 2504 2531 288 15131 4970
1299 2504 2528 276 15132 4972
1300 2504 2528 279 15140 4995
1299 2502 2527 300 15149 5015
1298 2503 2527 302 15146 5021
1298 2502 2526 288 15139 5011
1298 2501 2526 290 15143 4989
1298 2502 2526 288 15139 4977
1299 2503 2525 295 15127 4972
1300 2506 2524 305 15120 4971
1301 2505 2527 292 15123 4980
1298 2505 2527 281 15131 4972
1300 2508 2529 273 15116 4957
1302 2507 2529 266 15093 4972
1301 2511 2533 282 15104 4980
1302 2514 2534 282 15172 4945
1304 2513 2534 271 15133 4974
1302 2514 2535 305 15110 4971
1305 2514 2538 365 15282 4877
1304 2515 2539 306 15224 4913
1301 2515 2539 185 15092 5007
1305 2516 2540 252 15162 5000
1303 2515 2541 346 15156 4965
1304 2517 2541 340 15143 4937
1302 2516 2541 333 15162 4900
1301 2514 2539 321 15137 4892
1303 2514 2542 334 15128 4921
1303 2516 2542 334 15130 4949
1305 2520 2544 343 15146 4943
1305 2522 2543 330 15152 4943
1307 2521 2545 328 15119 4989
1303 2518 2544 403 15207 4965
1303 2517 2542 367 15217 4887
1304 2517 2546 251 15142 4851
1304 2518 2544 285 15144 4857
1305 2518 2547 409 15135 4891
1306 2520 2547 370 15132 4901
1306 2518 2546 337 15180 4862
1305 2517 2548 322 15203 4855
1306 2520 2546 318 15183 4867
1306 2519 2548 321 15174 4872
1305 2516 2547 335 15170 4881
1306 2520 2549 350 15144 4878
1306 2519 2550 346 15142 4861
1306 2518 2548 339 15163 4868
1304 2518 2549 339 15161 4893
1307 2521 2553 330 15150 4904
1309 2523 2553 332 15146 4921
1311 2524 2557 347 15143 4932
1312 2529 2561 345 15144 4945
1315 2528 2562 335 15141 4947
1312 2527 2561 334 15138 4939
1313 2529 2562 341 15144 4934
1313 2531 2565 352 15157 4923
1315 2533 2569 366 15170 4916
1314 2534 2569 373 15174 4924
1317 2536 2572 345 15150 4947
1319 2538 2572 326 15118 4953
1318 2539 2577 349 15147 4924
1319 2543 2575 352 15185 4899
1320 2545 2580 357 15116 4928
1319 2546 2577 400 15120 4910
1319 2546 2579 450 15247 4841
1319 2548 2582 344 15157 4899
1319 2546 2581 255 15122 4944
1320 2545 2583 417 15161 4952
1321 2548 2582 419 15146 4933
1321 2551 2586 423 15146 4884
1319 2549 2586 406 15135 4862
1322 2554 2589 398 15125 4863
1324 2553 2591 400 15105 4877
1322 2553 2587 409 15105 4885
1324 2552 2590 417 15134 4893
1322 2555 2591 394 15154 4913
1324 2554 2593 490 15213 4941
1323 2555 2592 489 15203 4895
1324 2556 2593 377 15157 4900
1323 2554 2593 389 15175 4917
1323 2555 2594 455 15143 4919
1324 2554 2592 459 15097 4941
1323 2553 2595 440 15078 4940
1321 2552 2592 406 15107 4908
1321 2551 2593 379 15123 4912
1321 2552 2592 400 15138 4966
1322 2551 2593 401 15134 4968
1320 2550 2592 391 15101 4979
1320 2550 2592 402 15101 4957
1322 2550 2592 409 15115 4959
1322 2550 2593 407 15115 4955
1323 2551 2594 399 15118 4935
1321 2551 2596 391 15107 4944
1321 2552 2598 398 15096 4962
1323 2552 2598 412 15107 4972
1323 2554 2598 420 15131 4972
1324 2553 2600 412 15153 4961
1324 2553 2598 403 15153 4960
1322 2554 2601 408 15146 4965
1322 2553 2603 413 15140 4945
1324 2553 2601 410 15138 4925
1323 2554 2604 407 15143 4928
1323 2555 2601 408 15137 4942
1326 2554 2601 400 15115 4955
1326 2552 2602 386 15104 4960
1326 2556 2602 386 15158 4952
1324 2557 2605 382 15180 4967
1325 2558 2606 414 15131 5004
1326 2559 2607 462 15167 4977
1326 2560 2608 469 15215 4925
1327 2562 2609 353 15137 4946
1328 2558 2608 326 15147 4936
1328 2561 2611 442 15184 4909
1327 2559 2612 461 15127 4932
1328 2561 2612 444 15132 4927
1327 2562 2611 395 15111 4929
1328 2562 2612 423 15095 4954
1328 2563 2612 452 15089 4963
1329 2563 2611 461 15092 4965
1330 2561 2612 452 15113 4956
1328 2560 2612 414 15144 4953
1330 2564 2614 407 15136 4989
1331 2563 2615 485 15195 4972
1333 2566 2616 466 15204 4917
1334 2568 2616 402 15160 4930
1334 2565 2616 461 15141 4927
1331 2565 2618 464 15109 4959
1334 2566 2619 448 15093 4976
1332 2566 2620 419 15118 4946
1330 2564 2620 412 15133 4939
1334 2568 2621 420 15130 4947
1332 2567 2624 413 15139 4945
1334 2566 2620 397 15127 4954
1333 2567 2622 398 15116 4975
1332 2566 2621 423 15130 4989
1330 2568 2622 437 15126 4997
1332 2566 2624 428 15117 5010
1333 2566 2622 415 15110 5013
1331 2566 2622 409 15099 5016
1331 2567 2621 411 15087 5026
1333 2567 2622 412 15091 5033
1331 2567 2622 406 15109 5033
1332 2568 2621 400 15115 5034
1335 2570 2626 405 15126 5039
1334 2568 2621 414 15153 5043
1331 2566 2620 414 15151 5047
1331 2566 2620 400 15131 5042
1330 2565 2618 388 15124 5044
1329 2565 2616 381 15118 5055
1328 2562 2614 368 15098 5064
1329 2560 2615 369 15085 5065
1327 2559 2609 369 15156 5028
1326 2558 2607 355 15147 5043
1325 2559 2606 386 15098 5060
1324 2558 2607 426 15176 4999
1325 2557 2605 309 15109 5026
1323 2556 2604 301 15146 5048
1325 2554 2600 396 15157 5057
1320 2551 2599 408 15128 5061
1321 2551 2597 416 15136 5031
1320 2548 2595 392 15117 4997
1318 2549 2591 352 15083 4990
1319 2546 2591 352 15071 5010
1318 2545 2588 423 15093 5049
1315 2539 2583 435 15083 5047
1315 2538 2582 386 15099 5012
1314 2536 2578 367 15146 5006
1315 2535 2576 425 15195 4987
1314 2533 2574 398 15189 4948
1313 2533 2573 343 15110 5026
1312 2530 2570 395 15091 5047
1313 2527 2563 408 15120 4998
1309 2525 2564 382 15109 4997
1309 2522 2561 380 15122 4964
1308 2521 2558 366 15125 4957
1308 2518 2554 362 15103 4989
1305 2519 2551 353 15103 4992
1305 2514 2550 325 15131 4970
1303 2513 2545 322 15136 4973
1304 2510 2543 333 15138 4983
1303 2508 2542 333 15153 4978
1303 2509 2540 330 15137 4988
1300 2506 2540 327 15133 4990
1300 2506 2539 308 15157 4972
1301 2505 2536 300 15169 4956
1301 2504 2533 327 15142 4962
1300 2502 2530 349 15117 4982
1300 2500 2530 320 15136 4988
1299 2501 2528 275 15154 4989
1300 2500 2529 273 15147 4985
1298 2501 2529 286 15134 4985
1299 2501 2528 295 15132 4980
1300 2499 2528 291 15134 4978
1300 2499 2526 270 15134 4990
1302 2498 2526 253 15130 4994
1299 2500 2525 252 15187 4956
1299 2501 2524 282 15158 4963
1298 2502 2525 337 15077 4980
1299 2501 2524 388 15253 4892
1299 2503 2526 369 15285 4872
1299 2505 2527 225 15110 4991
1302 2507 2523 236 15140 5032
1300 2506 2528 354 15168 5000
1300 2506 2527 368 15142 4940
1299 2506 2529 366 15125 4912
1298 2507 2527 352 15091 4918
1299 2506 2524 356 15087 4927
1300 2507 2528 352 15096 4929
1298 2505 2528 343 15104 4934
1299 2508 2530 329 15123 4962
1299 2508 2528 322 15108 5002
1301 2509 2530 387 15209 4982
1300 2509 2532 386 15232 4934
1302 2511 2531 313 15168 4918
1305 2516 2532 394 15144 4923
1303 2511 2532 400 15121 4931
1301 2509 2533 366 15108 4935
1299 2511 2534 337 15131 4904
1301 2509 2531 323 15143 4911
1300 2511 2531 339 15144 4936
1299 2510 2531 353 15165 4936
1302 2512 2533 340 15175 4929
1300 2511 2532 345 15154 4929
1301 2510 2531 364 15149 4922
1300 2511 2534 365 15134 4918
1299 2510 2534 345 15128 4911
1302 2512 2534 344 15124 4913
1300 2512 2533 363 15131 4934
1302 2511 2534 388 15148 4926
1297 2511 2534 401 15146 4901
1301 2514 2536 398 15143 4893
1301 2513 2537 387 15154 4912
1301 2515 2536 372 15145 4934
1304 2515 2540 377 15144 4921
1304 2518 2542 376 15219 4896
1302 2515 2540 362 15163 4965
1302 2516 2541 397 15100 4982
1303 2517 2541 462 15287 4877
1303 2517 2543 409 15252 4873
1303 2517 2545 264 15117 4935
1305 2522 2548 315 15179 4932
1308 2523 2550 438 15176 4923
1306 2522 2550 455 15157 4927
1306 2524 2550 446 15167 4897
1306 2523 2551 412 15135 4858
1308 2525 2551 409 15101 4837
1307 2524 2551 435 15091 4850
1306 2525 2552 446 15095 4880
1309 2524 2552 446 15122 4887
1308 2524 2550 432 15137 4879
1310 2523 2552 414 15123 4899
1308 2524 2552 488 15225 4908
1311 2526 2554 505 15239 4901
1309 2529 2557 386 15188 4879
1311 2528 2556 373 15202 4887
1313 2526 2555 457 15172 4904
1312 2529 2558 476 15126 4918
1312 2529 2559 449 15087 4931
1313 2530 2559 414 15131 4891
1314 2530 2561 394 15151 4887
1315 2533 2562 417 15129 4922
1314 2534 2563 435 15134 4931
1315 2534 2564 419 15153 4923
1314 2532 2565 425 15138 4918
1316 2533 2565 428 15119 4895
1315 2534 2567 431 15119 4888
1315 2535 2567 430 15125 4906
1314 2534 2565 423 15106 4937
1314 2535 2567 437 15106 4956
1314 2536 2568 458 15127 4939
1315 2535 2570 451 15146 4918
1315 2537 2570 438 15171 4933
1316 2536 2572 425 15141 4937
1316 2538 2572 435 15151 4944
1317 2539 2571 440 15190 4916
1317 2541 2573 446 15132 4963
1317 2542 2573 472 15129 4979
1316 2540 2573 525 15275 4886
1317 2542 2576 435 15184 4906
1318 2542 2580 322 15121 4939
1320 2545 2582 406 15198 4934
1321 2550 2583 472 15157 4964
1323 2552 2587 481 15151 4968
1323 2552 2586 482 15142 4958
1320 2551 2585 462 15109 4946
1321 2552 2586 464 15104 4934
1320 2552 2588 487 15098 4942
1321 2552 2589 509 15088 4946
1321 2554 2589 496 15102 4940
1322 2552 2589 456 15136 4960
1320 2554 2588 456 15143 5000
1320 2552 2589 548 15212 4990
1322 2552 2586 518 15224 4939
1321 2551 2589 393 15176 4936
1321 2551 2591 438 15186 4951
1320 2554 2591 513 15157 4945
1320 2551 2590 508 15112 4952
1322 2552 2591 483 15106 4933
1319 2553 2591 459 15134 4896
1322 2552 2592 454 15139 4909
1323 2555 2592 469 15127 4935
1319 2551 2592 467 15143 4940
1318 2551 2593 433 15139 4952
1319 2550 2592 412 15111 4953
1321 2550 2591 436 15110 4934
1317 2551 2591 453 15103 4925
1322 2552 2592 452 15091 4906
1320 2550 2593 440 15094 4914
1321 2550 2594 436 15103 4945
1321 2548 2595 451 15107 4951
1320 2550 2592 465 15121 4958
1321 2549 2594 467 15143 4940
1321 2549 2595 433 15139 4952
1321 2551 2594 412 15111 4953
1320 2548 2594 436 15110 4934
1319 2549 2593 453 15103 4925
1322 2549 2596 452 15091 4906
1320 2549 2595 440 15094 4914
1322 2551 2597 436 15103 4945
1325 2553 2599 451 15107 4951
1323 2551 2597 465 15121 4958
1322 2550 2596 485 15178 4953
1325 2551 2598 473 15182 4955
1324 2556 2600 451 15158 4952
1324 2556 2603 432 15123 4963
1324 2557 2601 443 15135 4958
1327 2557 2602 430 15181 4930
1327 2557 2605 425 15117 4986
1327 2559 2605 465 15093 4993
1326 2557 2606 530 15244 4911
1327 2558 2604 459 15173 4940
1327 2559 2603 352 15108 4981
1327 2558 2604 415 15180 4978
1328 2559 2604 469 15134 5000
1327 2559 2604 476 15114 4996
1329 2557 2605 482 15107 4980
1328 2558 2608 469 15081 4963
1328 2558 2605 472 15086 4952
1327 2559 2605 481 15095 4955
1328 2562 2610 488 15093 4952
1327 2561 2609 492 15107 4958
1327 2557 2607 469 15130 4984
1324 2559 2605 463 15133 5010
1327 2557 2602 532 15212 4980
1328 2558 2605 505 15219 4939
1326 2555 2602 413 15142 4960
1326 2559 2603 467 15166 4962
1327 2558 2604 531 15157 4946
1327 2557 2604 519 15119 4969
1327 2557 2602 481 15116 4962
1326 2556 2601 438 15136 4933
1325 2558 2602 446 15157 4957
1325 2556 2603 470 15144 4999
1326 2555 2601 463 15124 5001
1323 2556 2602 440 15112 4994
1323 2553 2598 426 15095 5014
1322 2553 2597 439 15099 5028
1321 2551 2594 464 15104 5013
1320 2547 2592 474 15091 5009
1319 2545 2589 450 15096 5013
1317 2541 2588 435 15121 5000
1316 2540 2581 446 15127 4991
1313 2535 2576 456 15109 4997
1312 2534 2573 453 15103 5009
1311 2529 2566 433 15100 5015
1309 2527 2564 407 15107 5030
1306 2526 2562 401 15113 5054
1309 2525 2559 424 15107 5061
1308 2525 2558 438 15103 5046
1307 2524 2554 400 15074 5044
1308 2523 2552 365 15057 5048
1306 2520 2548 381 15161 5003
1300 2518 2548 396 15106 5071
1304 2516 2545 421 15134 5048
1303 2515 2542 441 15192 4970
1301 2513 2542 319 15107 4997
1301 2511 2539 252 15114 5042
1300 2508 2535 364 15188 5047
1299 2505 2533 414 15140 5060
1299 2506 2530 416 15112 5046
1297 2503 2529 404 15115 5016
1297 2503 2528 376 15119 4990
1296 2500 2525 365 15127 4974
1295 2500 2523 374 15109 4980
1295 2497 2519 401 15084 5009
1291 2493 2518 403 15089 5027
1291 2493 2514 345 15106 5023
1292 2489 2513 341 15129 5044
1291 2488 2511 435 15161 5025
1291 2489 2509 405 15151 4978
1293 2488 2508 330 15106 5038
1290 2487 2506 386 15131 5077
1290 2482 2502 408 15143 5055
1290 2483 2502 373 15089 5063
1290 2483 2503 352 15099 5025
1289 2482 2501 326 15129 4981
1289 2481 2499 324 15130 4992
1292 2482 2498 326 15120 5006
1289 2480 2498 303 15112 4997
1290 2479 2497 287 15114 5007
1289 2479 2497 289 15115 5028
1288 2479 2494 310 15143 5026
1288 2476 2496 306 15136 5018
1288 2478 2495 294 15121 5021
1287 2478 2494 289 15107 5041
1285 2475 2493 283 15114 5042
1286 2475 2491 271 15117 5034
1286 2476 2492 277 15116 5018
1286 2477 2492 293 15129 5001
1286 2479 2491 299 15141 4996
1287 2481 2495 294 15128 5022
1290 2483 2498 285 15095 5032
1289 2486 2497 296 15168 4988
1288 2486 2494 278 15206 4940
1290 2485 2498 280 15115 4967
1290 2487 2499 328 15163 4948
1290 2486 2499 374 15269 4920
1290 2489 2500 270 15148 5003
1290 2491 2503 209 15124 5058
1291 2491 2503 347 15175 5032
1291 2491 2503 336 15152 4990
1291 2489 2503 344 15136 4985
1292 2490 2499 339 15097 4980
1292 2491 2502 340 15085 4958
1291 2492 2504 339 15095 4965
1289 2491 2505 352 15112 4976
1292 2491 2503 346 15133 4977
1290 2492 2504 310 15126 4977
1290 2492 2504 349 15191 4983
1291 2491 2507 396 15213 4977
1289 2493 2507 313 15165 4945
1291 2493 2507 271 15155 4945
1290 2491 2508 357 15126 4966
1292 2492 2507 393 15107 4973
1292 2492 2507 351 15091 4975
1292 2491 2507 322 15128 4954
1291 2492 2507 342 15151 4944
1292 2492 2510 375 15126 4960
1291 2494 2511 363 15127 4955
1293 2494 2512 325 15156 4967
1294 2494 2512 324 15156 4985
1294 2493 2511 348 15145 4983
1294 2495 2510 349 15149 4985
1293 2495 2513 338 15150 4982
1294 2496 2512 328 15137 4977
1295 2496 2512 319 15117 4970
1294 2496 2515 332 15113 4957
1294 2497 2514 346 15120 4955
1296 2496 2518 345 15138 4943
1293 2495 2517 333 15159 4941
1297 2499 2516 336 15186 4941
1296 2498 2518 334 15175 4935
1296 2501 2520 330 15130 4946
1298 2504 2522 367 15119 4956
1296 2505 2526 378 15198 4930
1297 2508 2525 331 15190 4952
1298 2504 2524 336 15116 4981
1299 2509 2528 393 15241 4901
1301 2506 2528 394 15265 4875
1302 2507 2527 269 15151 4934
1299 2509 2528 381 15178 4922
1300 2509 2530 380 15138 4946
1299 2509 2530 378 15149 4933
1300 2509 2529 365 15110 4917
1302 2509 2529 357 15077 4891
1303 2508 2531 364 15099 4874
1303 2511 2533 363 15112 4882
1304 2513 2533 367 15125 4890
1302 2512 2535 367 15145 4914
1303 2513 2533 364 15160 4925
1305 2512 2534 405 15231 4935
1302 2512 2534 432 15235 4933
1304 2512 2532 336 15202 4866
1305 2511 2534 307 15185 4893
1303 2513 2535 403 15170 4933
1305 2513 2535 431 15162 4934
1306 2514 2535 385 15130 4940
1303 2512 2534 349 15167 4878
1302 2512 2534 346 15182 4864
1302 2512 2533 369 15165 4905
1302 2513 2533 377 15166 4907
1303 2515 2536 361 15175 4883
1304 2518 2536 347 15161 4887
1303 2515 2530 360 15139 4913
1299 2507 2524 383 15142 4922
1296 2499 2518 388 15157 4914
1294 2495 2518 384 15160 4912
1293 2489 2517 374 15153 4885
1294 2488 2516 409 15202 4756
1294 2488 2518 721 15275 4775
1293 2486 2520 786 15224 4868
1295 2487 2523 609 15189 4945
1296 2487 2529 449 15172 4962
1298 2490 2530 419 15160 4915
1297 2490 2532 428 15162 4859
1301 2493 2534 393 15188 4794
1303 2500 2541 389 15172 4791
1306 2504 2546 428 15121 4814
1301 2503 2547 384 15187 4816
1302 2504 2549 398 15137 4826
1306 2507 2551 488 15230 4768
