2025-10-19 16:17:18    绿光---红外光---红光---X轴---Y轴---Z轴
1134 2427 2046 478 15775 -3150
1132 2430 2047 352 15725 -3152
1134 2430 2047 441 15819 -3130
1132 2429 2047 541 15851 -3100
1132 2431 2046 539 15845 -3035
1132 2428 2047 525 15799 -3025
1133 2427 2045 497 15731 -3113
1134 2426 2048 510 15761 -3121
1134 2429 2048 540 15897 -3208
1135 2429 2048 541 15879 -3176
1133 2429 2048 533 15758 -2929
1138 2431 2049 550 15761 -2938
1136 2428 2051 539 15808 -3003
1136 2430 2051 441 15745 -2919
1137 2433 2051 430 15787 -2936
1136 2431 2053 655 15959 -3007
1137 2434 2050 733 15882 -3005
1138 2433 2051 623 15680 -3012
1137 2434 2051 623 15692 -3170
1136 2434 2050 633 15794 -3302
1136 2431 2049 617 15848 -3310
1135 2432 2049 613 15846 -3293
1134 2432 2049 771 15679 -3168
1135 2432 2047 829 15680 -3177
1133 2429 2046 756 15736 -3224
1133 2429 2047 633 15769 -3228
1135 2430 2047 613 15786 -3206
1135 2429 2049 641 15800 -3134
1134 2430 2046 631 15819 -3009
1136 2429 2050 530 15828 -2872
1132 2428 2046 400 15829 -2753
1134 2429 2047 395 15851 -2681
1134 2432 2051 494 15866 -2675
1135 2431 2050 564 15827 -2659
1134 2429 2049 480 15791 -2642
1135 2433 2050 327 15794 -2634
1136 2433 2049 344 15791 -2594
1136 2434 2046 569 15854 -2553
1134 2434 2044 774 15846 -2511
1135 2434 2044 570 15855 -2559
1132 2435 2045 362 16009 -2601
1134 2437 2045 525 16053 -2557
1134 2433 2044 739 16000 -2502
1133 2433 2042 782 15992 -2492
1134 2432 2044 594 16016 -2546
1133 2433 2043 404 16003 -2594
1132 2433 2044 383 15931 -2628
1131 2432 2045 448 15851 -2595
1131 2430 2042 360 15827 -2522
1131 2427 2042 209 15835 -2617
1131 2428 2042 277 15822 -2802
1132 2427 2040 366 15704 -2827
1130 2424 2039 143 15720 -2760
1129 2424 2041 57 16000 -2615
1130 2424 2040 332 16170 -2456
1128 2423 2037 507 16115 -2320
1129 2422 2040 545 16082 -2260
1128 2425 2038 591 16130 -2384
1131 2426 2041 589 16027 -2541
1130 2426 2042 553 15818 -2594
1130 2426 2040 513 15710 -2536
1129 2425 2040 456 15710 -2445
1131 2425 2040 431 15696 -2305
1129 2425 2041 519 15783 -2421
1128 2422 2041 739 15965 -2515
1128 2421 2041 831 16090 -2566
1128 2419 2041 749 16143 -2611
1126 2418 2037 658 16155 -2565
1127 2415 2035 653 16135 -2415
1126 2415 2038 711 16085 -2264
1126 2413 2038 652 15987 -2212
1125 2414 2038 344 15774 -2334
1125 2415 2038 482 15715 -2286
1127 2416 2038 657 15830 -2335
1128 2417 2038 666 15880 -2414
1129 2420 2041 569 16037 -2495
1131 2423 2045 679 16238 -2435
1130 2427 2047 939 16221 -2388
1132 2428 2049 984 16195 -2464
1128 2433 2053 883 16147 -2615
1130 2441 2057 708 15621 -3029
1133 2449 2065 620 15241 -3001
1135 2455 2069 638 14975 -3035
1134 2450 2066 793 14929 -3281
1130 2436 2057 969 15278 -3491
1128 2426 2051 980 15789 -3299
1127 2425 2051 875 15988 -2861
1128 2427 2050 700 15851 -2570
1131 2430 2054 658 15804 -2633
1129 2431 2053 829 15897 -2927
1128 2431 2057 890 15886 -3041
1131 2435 2055 811 15905 -3072
1131 2440 2056 833 15806 -3107
1131 2442 2059 992 15759 -3246
1135 2447 2060 1022 15870 -3442
1136 2452 2063 922 15739 -3402
1133 2453 2067 938 15564 -3384
1135 2455 2066 1006 15565 -3434
1134 2455 2066 1033 15567 -3453
1134 2453 2064 1028 15435 -3391
1132 2447 2061 976 15355 -3290
1134 2441 2056 947 15435 -3346
1130 2432 2050 955 15525 -3359
1128 2424 2043 911 15667 -3214
1124 2418 2039 785 15840 -3042
1124 2414 2036 698 15916 -2940
1124 2412 2034 723 16012 -2949
1124 2409 2032 590 16084 -2834
1124 2410 2031 398 15993 -2513
1123 2410 2030 488 16028 -2376
1124 2410 2034 976 15355 -3290
1126 2413 2033 947 15435 -3346
1127 2413 2036 955 15525 -3359
1128 2417 2037 911 15667 -3214
1131 2421 2040 785 15840 -3042
1128 2418 2038 698 15916 -2940
1127 2418 2041 723 16012 -2949
1132 2420 2042 590 16084 -2834
1131 2421 2044 398 15993 -2513
1131 2424 2046 488 16028 -2376
1135 2427 2049 507 16041 -2511
1135 2428 2049 370 15983 -2383
1137 2428 2051 428 15978 -2326
1136 2431 2050 452 15980 -2295
1136 2433 2053 478 15969 -2387
1139 2434 2057 534 15951 -2489
1139 2435 2056 551 15941 -2428
1140 2434 2058 517 15909 -2365
1141 2436 2056 506 15889 -2350
1141 2436 2058 516 15877 -2357
1141 2435 2060 528 15875 -2389
1141 2440 2061 554 15883 -2368
1140 2440 2065 637 15903 -2364
1141 2439 2062 561 15926 -2429
1144 2436 2062 461 15955 -2425
1142 2439 2063 528 15948 -2381
1144 2440 2065 554 15864 -2345
1144 2438 2066 528 15843 -2330
1146 2442 2069 476 15889 -2358
1147 2442 2070 450 15905 -2415
1149 2444 2070 477 15885 -2437
1150 2445 2071 490 15853 -2399
1150 2447 2073 477 15882 -2383
1151 2449 2075 485 15947 -2377
1154 2450 2078 490 15955 -2345
1154 2451 2078 494 15953 -2336
1156 2455 2080 506 15972 -2353
1156 2457 2084 506 15957 -2340
1158 2458 2085 505 15934 -2309
1158 2459 2087 486 15935 -2282
1158 2458 2087 479 15898 -2248
1158 2460 2091 487 15917 -2270
1159 2460 2090 488 15951 -2307
1161 2462 2088 558 15906 -2267
1159 2460 2091 631 15959 -2283
1159 2462 2089 630 15990 -2310
1159 2460 2091 454 15916 -2290
1160 2461 2093 376 15923 -2270
1160 2460 2092 496 15976 -2257
1160 2460 2092 539 15974 -2232
1161 2461 2094 548 15920 -2173
1162 2462 2094 545 15897 -2170
1162 2462 2095 551 15916 -2210
1160 2462 2094 560 15926 -2234
1161 2462 2095 565 15925 -2218
1160 2463 2095 539 15937 -2181
1161 2464 2096 487 15952 -2187
1163 2462 2096 529 15987 -2173
1162 2463 2096 627 15989 -2155
1162 2463 2096 532 15971 -2216
1162 2464 2097 554 15968 -2123
1160 2463 2097 605 15949 -2129
1161 2464 2099 583 15903 -2123
1161 2464 2098 544 15918 -2170
1160 2463 2097 536 15952 -2206
1158 2462 2097 545 15936 -2170
1160 2463 2098 530 15912 -2145
1159 2464 2099 508 15933 -2179
1161 2463 2098 508 15941 -2191
1161 2464 2099 528 15933 -2177
1162 2460 2097 541 15934 -2163
1161 2462 2099 532 15936 -2150
1159 2462 2099 485 15935 -2150
1161 2464 2101 444 15944 -2166
1160 2463 2101 452 15964 -2181
1160 2465 2102 493 15952 -2165
1162 2465 2102 533 15926 -2156
1161 2464 2103 527 15976 -2219
1161 2464 2103 474 15949 -2182
1161 2464 2103 482 15912 -2153
1161 2465 2104 579 15997 -2216
1161 2463 2103 527 15936 -2201
1161 2464 2102 394 15897 -2205
1161 2462 2102 425 15959 -2227
1159 2463 2101 483 15954 -2208
1162 2462 2101 501 15925 -2159
1161 2462 2101 517 15923 -2148
1161 2461 2101 522 15947 -2181
1161 2461 2102 512 15924 -2180
1162 2463 2102 488 15900 -2167
1159 2457 2100 472 15920 -2123
1159 2458 2099 446 15918 -2115
1160 2461 2097 503 15982 -2129
1158 2459 2099 539 16015 -2176
1158 2458 2097 451 15988 -2179
1161 2459 2097 419 16012 -2142
1160 2459 2097 422 16000 -2154
1159 2458 2096 383 15956 -2169
1158 2459 2096 370 15941 -2177
1159 2459 2096 460 15954 -2171
1160 2457 2095 471 15953 -2119
1157 2457 2096 419 15961 -2128
1160 2458 2094 355 15959 -2148
1157 2457 2092 341 15948 -2122
1160 2457 2092 372 15972 -2115
1159 2455 2090 386 15999 -2121
1158 2458 2091 352 15985 -2112
1157 2456 2089 322 15970 -2122
1157 2458 2090 354 15973 -2131
1157 2459 2091 407 15953 -2103
1159 2458 2092 401 15932 -2095
1156 2458 2087 341 15964 -2136
1157 2458 2088 272 15992 -2154
1158 2459 2088 272 15967 -2133
1157 2457 2086 328 15969 -2145
1157 2459 2086 339 16037 -2207
1157 2459 2087 311 15956 -2131
1157 2458 2087 319 15906 -2106
1157 2460 2088 371 15993 -2200
1157 2459 2088 273 15922 -2182
1158 2458 2087 184 15921 -2141
1157 2459 2085 301 16007 -2127
1157 2459 2086 380 15965 -2127
1156 2460 2087 369 15936 -2114
1156 2458 2085 348 15966 -2135
1157 2459 2084 344 15963 -2153
1155 2460 2085 342 15930 -2140
1156 2458 2085 334 15916 -2139
1152 2458 2086 346 15932 -2133
1154 2457 2085 365 15928 -2140
1154 2455 2084 442 15993 -2148
1151 2457 2081 410 16000 -2182
1154 2454 2081 283 16006 -2200
1151 2454 2081 299 16046 -2189
1152 2453 2081 368 16020 -2168
1150 2452 2081 377 15932 -2135
1150 2453 2082 349 15900 -2148
1152 2453 2080 322 15943 -2193
1151 2453 2078 315 15907 -2196
1152 2454 2080 308 15919 -2206
1154 2453 2080 318 15952 -2212
1152 2453 2080 332 15957 -2200
1150 2453 2080 323 15958 -2195
1150 2453 2078 287 15968 -2205
1151 2452 2081 274 15972 -2213
1151 2453 2080 310 15965 -2229
1150 2454 2081 351 15953 -2242
1153 2455 2082 304 15887 -2259
1153 2456 2080 296 15896 -2250
1151 2454 2082 322 15955 -2273
1151 2454 2080 312 15982 -2286
1150 2454 2080 342 15931 -2250
1150 2453 2081 392 15994 -2315
1151 2454 2079 406 16019 -2353
1150 2452 2081 265 15928 -2311
1150 2451 2081 206 15942 -2286
1150 2451 2080 340 15970 -2280
1150 2450 2080 378 15926 -2286
1152 2452 2080 368 15902 -2272
1152 2451 2081 346 15916 -2302
1152 2455 2080 358 15910 -2312
1157 2453 2080 358 15895 -2288
1151 2452 2080 329 15893 -2285
1151 2452 2080 336 15920 -2285
1152 2451 2081 344 15941 -2288
1153 2452 2080 382 15977 -2265
1152 2450 2082 480 15992 -2236
1153 2453 2081 400 15939 -2299
1154 2452 2082 280 15915 -2317
1153 2451 2081 334 15937 -2305
1153 2452 2079 397 15913 -2308
1153 2450 2080 399 15878 -2294
1151 2450 2080 355 15895 -2333
1152 2450 2080 345 15930 -2362
1151 2450 2081 367 15934 -2336
1152 2450 2078 356 15925 -2315
1152 2449 2078 340 15957 -2326
1151 2448 2078 385 15912 -2302
1150 2447 2077 348 15910 -2311
1151 2451 2078 332 15925 -2332
1152 2448 2077 362 15927 -2328
1152 2449 2078 395 15915 -2327
1151 2450 2078 383 15916 -2339
1154 2452 2079 360 15919 -2341
1155 2455 2083 342 15910 -2343
1153 2452 2079 340 15898 -2340
1152 2454 2080 413 15952 -2388
1154 2455 2081 398 15911 -2343
1153 2454 2079 406 15933 -2355
1152 2454 2081 458 16008 -2415
1152 2454 2080 376 15917 -2387
1154 2457 2083 274 15892 -2369
1153 2454 2082 339 15957 -2351
1153 2453 2081 402 15941 -2324
1153 2454 2082 419 15907 -2305
1152 2453 2084 423 15900 -2339
1152 2455 2084 446 15914 -2369
1152 2454 2083 438 15940 -2367
1153 2453 2084 385 15963 -2385
1153 2453 2082 360 15944 -2379
1153 2453 2084 385 15884 -2324
1154 2455 2085 424 15872 -2336
1152 2455 2085 494 15971 -2380
1153 2455 2087 511 15977 -2400
1153 2456 2087 406 15903 -2423
1155 2455 2087 406 15895 -2410
1153 2452 2085 509 15861 -2414
1153 2453 2086 530 15816 -2400
1154 2453 2087 489 15821 -2375
1153 2451 2084 440 15881 -2428
1154 2449 2086 432 15937 -2473
1153 2453 2086 442 15928 -2449
1154 2452 2088 431 15907 -2417
1154 2451 2087 421 15923 -2409
1154 2452 2087 429 15930 -2394
1152 2450 2086 437 15902 -2381
1152 2451 2085 446 15881 -2430
1155 2451 2085 423 15910 -2418
1152 2451 2085 410 15931 -2408
1153 2451 2085 398 15926 -2387
1154 2451 2086 403 15916 -2374
1154 2452 2085 424 15926 -2364
1153 2451 2086 432 15938 -2364
1153 2450 2090 422 15948 -2384
1154 2452 2090 405 15971 -2410
1153 2452 2087 406 15870 -2401
1155 2454 2088 452 15919 -2412
1155 2454 2088 446 15913 -2398
1157 2455 2090 478 15901 -2397
1158 2457 2089 518 16005 -2461
1155 2456 2090 456 15957 -2454
1157 2456 2092 316 15889 -2419
1158 2455 2092 352 15954 -2411
1156 2456 2093 489 15957 -2398
1159 2456 2091 493 15894 -2383
1160 2456 2092 456 15876 -2409
1158 2455 2092 442 15903 -2428
1156 2455 2092 460 15889 -2384
1158 2455 2090 460 15863 -2363
1157 2454 2091 448 15885 -2372
1155 2456 2091 449 15912 -2376
1158 2454 2091 441 15925 -2412
1158 2456 2092 473 15948 -2405
1158 2456 2091 566 15965 -2365
1157 2455 2091 493 15937 -2409
1156 2455 2090 380 15917 -2460
1156 2454 2090 450 15962 -2470
1157 2456 2092 520 15948 -2423
1156 2457 2089 515 15882 -2379
1157 2455 2091 474 15867 -2410
1153 2454 2091 450 15909 -2456
1157 2454 2091 455 15926 -2468
1157 2456 2090 466 15907 -2451
1156 2455 2090 479 15906 -2446
1158 2457 2090 493 15891 -2428
1157 2457 2092 464 15889 -2470
1156 2453 2091 430 15908 -2457
1156 2456 2090 440 15918 -2446
1155 2455 2091 469 15925 -2451
1156 2454 2091 470 15925 -2456
1157 2458 2090 445 15911 -2453
1156 2455 2091 429 15896 -2451
1156 2456 2091 425 15898 -2449
1154 2455 2091 434 15906 -2441
1155 2454 2092 496 15890 -2468
1155 2456 2090 463 15882 -2461
1157 2455 2091 418 15886 -2459
1154 2454 2090 421 15893 -2461
1155 2454 2090 445 15924 -2490
1155 2455 2093 463 15880 -2442
1156 2457 2091 499 15876 -2448
1157 2456 2095 530 15970 -2535
1158 2459 2093 417 15913 -2530
1159 2460 2095 328 15877 -2532
1156 2457 2093 468 15924 -2524
1155 2456 2093 545 15907 -2484
1157 2456 2095 485 15890 -2454
1156 2456 2093 441 15906 -2458
1156 2456 2095 459 15907 -2450
1158 2457 2095 504 15867 -2415
1157 2457 2096 484 15843 -2424
1157 2456 2095 447 15863 -2463
1157 2456 2093 448 15892 -2469
1156 2455 2094 455 15900 -2484
1155 2457 2095 511 15921 -2454
1157 2455 2094 574 15913 -2414
1156 2453 2094 469 15909 -2484
1157 2455 2093 418 15935 -2479
1157 2454 2095 515 15941 -2439
1156 2454 2094 545 15919 -2430
1157 2456 2094 489 15883 -2421
1157 2456 2096 439 15894 -2469
1157 2458 2096 469 15932 -2493
1158 2453 2094 500 15934 -2469
1157 2454 2093 485 15902 -2499
1159 2455 2094 452 15904 -2532
1159 2454 2093 455 15920 -2493
1158 2454 2095 479 15922 -2468
1160 2456 2095 469 15914 -2460
1158 2455 2095 447 15880 -2449
1160 2456 2094 437 15874 -2465
1158 2455 2093 436 15892 -2490
1160 2455 2094 436 15878 -2475
1159 2455 2096 436 15855 -2447
1158 2453 2094 465 15886 -2519
1159 2453 2093 434 15902 -2511
1157 2454 2094 424 15891 -2510
1157 2455 2091 403 15891 -2514
1157 2454 2093 385 15898 -2488
1157 2454 2094 392 15890 -2449
1157 2453 2093 405 15889 -2435
1156 2453 2091 418 15912 -2455
1157 2456 2091 394 15926 -2499
1158 2454 2091 426 15904 -2528
1156 2456 2090 484 15939 -2553
1157 2457 2091 347 15871 -2509
1155 2457 2093 245 15899 -2475
1158 2457 2091 369 15965 -2439
1158 2459 2092 422 15929 -2410
1158 2457 2091 387 15913 -2408
1159 2458 2090 350 15911 -2444
1157 2459 2089 348 15895 -2443
1157 2457 2090 380 15877 -2420
1159 2459 2092 393 15863 -2422
1153 2459 2090 364 15876 -2419
1158 2457 2091 314 15896 -2414
1156 2459 2090 321 15916 -2426
1156 2459 2088 428 15967 -2404
1155 2458 2089 450 15950 -2391
1154 2459 2088 311 15932 -2439
1155 2458 2088 274 15967 -2437
1153 2458 2088 370 15945 -2416
1155 2456 2087 411 15898 -2415
1152 2454 2086 370 15854 -2443
1153 2455 2085 315 15879 -2508
1153 2453 2083 311 15926 -2514
1152 2455 2083 328 15917 -2479
1156 2456 2083 341 15899 -2462
1151 2452 2083 344 15898 -2449
1149 2454 2082 326 15905 -2438
1151 2453 2086 288 15932 -2465
1150 2451 2083 280 15948 -2490
1150 2451 2085 314 15930 -2473
1151 2454 2082 330 15904 -2490
1153 2453 2083 289 15924 -2488
1152 2453 2084 291 15903 -2479
1151 2452 2083 341 15893 -2488
1151 2451 2084 357 15895 -2500
1152 2452 2083 301 15886 -2500
1152 2453 2085 286 15892 -2492
1151 2454 2084 317 15948 -2507
1151 2452 2083 314 15930 -2508
1153 2454 2085 385 15929 -2612
1152 2456 2085 390 15938 -2619
1154 2456 2086 250 15842 -2539
1157 2457 2088 211 15883 -2507
1153 2457 2084 354 15935 -2503
1152 2453 2083 393 15901 -2494
1152 2454 2084 374 15887 -2468
1153 2453 2084 353 15901 -2481
1152 2450 2083 368 15879 -2487
1151 2453 2084 377 15836 -2503
1153 2452 2085 367 15822 -2540
1151 2454 2083 373 15855 -2524
1152 2452 2083 355 15888 -2507
1153 2453 2083 366 15931 -2498
1154 2453 2083 465 15956 -2485
1154 2454 2084 401 15938 -2525
1155 2455 2084 296 15948 -2528
1155 2455 2084 368 15969 -2489
1153 2453 2087 437 15922 -2459
1156 2452 2084 361 15846 -2582
1154 2454 2085 374 15890 -2594
1155 2452 2085 419 15906 -2533
1154 2453 2086 417 15900 -2505
1153 2456 2086 376 15904 -2521
1155 2454 2083 356 15899 -2518
1154 2451 2086 367 15904 -2510
1154 2451 2083 379 15915 -2507
1154 2452 2085 371 15898 -2487
1153 2454 2082 351 15871 -2508
1153 2452 2084 344 15858 -2556
1153 2454 2085 353 15863 -2550
1153 2454 2084 362 15866 -2521
1155 2453 2083 372 15873 -2524
1154 2453 2083 365 15888 -2534
1154 2452 2083 335 15884 -2525
1154 2454 2084 345 15873 -2497
1155 2454 2083 375 15914 -2502
1155 2453 2084 355 15951 -2533
1155 2454 2083 356 15904 -2509
1155 2455 2084 398 15912 -2567
1154 2457 2087 453 15930 -2615
1155 2454 2086 339 15837 -2553
1154 2458 2086 235 15853 -2533
1155 2458 2088 329 15931 -2532
1155 2456 2086 379 15901 -2507
1156 2457 2086 385 15885 -2500
1156 2457 2086 385 15898 -2536
1155 2457 2085 388 15889 -2536
1153 2455 2085 374 15877 -2510
1154 2456 2087 363 15848 -2515
1154 2456 2087 382 15877 -2498
1155 2454 2088 370 15898 -2519
1155 2455 2086 417 15959 -2531
1154 2456 2086 438 15938 -2517
1154 2455 2086 316 15889 -2553
1152 2455 2086 275 15908 -2528
1153 2454 2088 359 15931 -2504
1151 2455 2087 414 15922 -2509
1152 2455 2088 374 15877 -2510
1154 2455 2086 363 15848 -2515
1153 2456 2087 382 15877 -2498
1153 2454 2085 370 15898 -2519
1152 2455 2085 417 15959 -2531
1152 2456 2085 438 15938 -2517
1152 2455 2086 316 15889 -2553
1152 2455 2086 275 15908 -2528
1151 2454 2086 359 15931 -2504
1153 2455 2086 414 15922 -2509
1154 2455 2085 325 15896 -2570
1153 2458 2086 316 15919 -2603
1154 2458 2085 335 15906 -2575
1151 2455 2084 334 15894 -2560
1150 2454 2082 308 15911 -2567
1151 2453 2081 309 15916 -2565
1148 2451 2080 344 15917 -2577
1150 2453 2078 355 15932 -2599
1149 2449 2079 327 15920 -2588
1147 2450 2077 306 15890 -2583
1146 2448 2079 304 15899 -2595
1146 2446 2076 294 15920 -2588
1147 2449 2076 296 15938 -2610
1149 2449 2075 308 15961 -2681
1148 2450 2076 315 15935 -2713
1146 2449 2075 318 15890 -2688
1148 2450 2076 310 15884 -2708
1149 2450 2074 293 15875 -2762
1149 2452 2078 312 15845 -2778
1150 2451 2076 346 15820 -2814
1149 2448 2073 342 15766 -2862
1148 2449 2075 376 15743 -2889
1148 2449 2075 418 15852 -2971
1147 2449 2075 416 15863 -3006
1150 2451 2077 280 15776 -2961
1149 2449 2077 275 15820 -2899
1150 2450 2076 426 15901 -2907
1147 2450 2076 405 15914 -2912
1147 2447 2076 343 15912 -2862
1148 2449 2074 344 15893 -2877
1146 2448 2075 385 15853 -2905
1147 2448 2074 401 15832 -2916
1147 2451 2073 389 15840 -2971
1145 2455 2077 391 15830 -3022
1147 2465 2082 402 15806 -2989
1148 2480 2093 412 15794 -2949
1151 2497 2105 478 15826 -2926
1154 2505 2109 500 15826 -2992
1154 2504 2109 422 15830 -3134
1154 2494 2102 454 15910 -3085
1151 2486 2095 588 16092 -3070
1148 2482 2092 663 16266 -3232
1149 2480 2091 765 16255 -3498
1149 2483 2093 816 16011 -3728
1149 2485 2094 827 15652 -3878
1149 2486 2094 716 15268 -3978
1151 2489 2096 611 15011 -4028
1151 2492 2096 668 14797 -4118
1152 2494 2100 931 14766 -4308
1153 2499 2103 1001 15350 -4247
1154 2504 2104 958 15692 -4148
1155 2507 2107 1032 15829 -3946
1156 2509 2109 980 15658 -3863
1154 2506 2107 983 15509 -3926
1152 2496 2101 1100 15559 -4044
1151 2492 2099 1099 15619 -4104
1149 2483 2089 1090 15632 -4181
1145 2468 2078 1116 15622 -4209
1141 2456 2068 1086 15562 -4277
1139 2446 2061 1135 15398 -4281
1137 2438 2057 1094 15434 -4319
1134 2432 2054 1027 15343 -4305
1135 2430 2053 1133 15180 -4361
1135 2430 2054 1221 15283 -4513
1136 2430 2055 1092 15207 -4401
1136 2431 2053 858 15116 -4315
1138 2433 2055 904 15293 -4255
1137 2432 2057 911 15504 -4166
1137 2434 2058 755 15601 -4052
1137 2433 2058 736 15738 -3911
1137 2434 2056 680 15875 -3584
1136 2431 2057 592 16002 -3232
1138 2432 2058 544 16052 -3179
1139 2432 2058 548 15943 -3231
1140 2432 2059 560 15830 -3193
1137 2433 2058 525 15778 -3146
1140 2434 2061 547 15809 -3141
1139 2434 2063 632 15823 -3022
1142 2435 2061 566 15723 -3111
1141 2436 2063 518 15666 -3234
1142 2436 2064 606 15790 -3139
1141 2436 2065 587 15858 -3093
1143 2436 2066 540 15861 -3070
1143 2439 2066 519 15900 -3038
1144 2439 2069 490 15896 -3005
1145 2441 2069 504 15884 -2990
1149 2443 2072 525 15859 -2958
1145 2441 2072 502 15838 -2922
1146 2444 2074 473 15854 -2921
1147 2444 2074 480 15819 -2873
1149 2447 2075 469 15834 -2867
1150 2448 2077 479 15842 -2845
1151 2448 2080 491 15831 -2830
1152 2452 2082 481 15848 -2840
1153 2453 2083 482 15858 -2818
1153 2454 2085 491 15849 -2780
1155 2456 2087 473 15849 -2779
1156 2456 2089 470 15867 -2835
1157 2460 2089 495 15917 -2905
1157 2458 2091 505 15851 -2809
1159 2460 2092 530 15778 -2729
1160 2462 2093 572 15893 -2813
1159 2461 2094 589 15902 -2837
1160 2461 2094 453 15827 -2826
1161 2463 2097 406 15857 -2801
1163 2463 2098 523 15892 -2754
1160 2461 2096 552 15872 -2699
1159 2463 2094 557 15852 -2678
1160 2461 2096 553 15851 -2742
1159 2464 2096 572 15831 -2788
1162 2464 2096 597 15821 -2772
1159 2464 2099 609 15820 -2719
1160 2464 2096 596 15820 -2667
1161 2462 2098 529 15832 -2671
1159 2463 2098 523 15873 -2666
1160 2463 2096 628 15910 -2680
1161 2463 2098 604 15906 -2755
1162 2463 2097 531 15896 -2731
1161 2461 2097 569 15913 -2697
1160 2462 2098 588 15893 -2726
1161 2462 2099 588 15841 -2696
1160 2463 2100 579 15842 -2673
1161 2465 2101 573 15883 -2710
1162 2465 2099 572 15893 -2705
1161 2463 2099 553 15856 -2661
1161 2463 2098 546 15869 -2668
1161 2464 2098 565 15877 -2660
1161 2464 2100 571 15869 -2630
1162 2462 2097 558 15895 -2622
1160 2464 2099 569 15869 -2682
1161 2464 2098 557 15873 -2676
1160 2465 2096 556 15872 -2630
1160 2464 2096 554 15865 -2608
1161 2467 2099 532 15869 -2631
1159 2467 2097 511 15872 -2648
1160 2466 2097 503 15857 -2648
1159 2467 2098 527 15851 -2661
1160 2466 2097 551 15910 -2707
1160 2466 2097 543 15886 -2690
1158 2466 2096 589 15821 -2666
1159 2463 2099 631 15920 -2730
1159 2466 2098 593 15921 -2752
1158 2466 2100 422 15835 -2755
1160 2463 2099 353 15871 -2736
1157 2465 2095 488 15919 -2688
1158 2464 2095 563 15880 -2617
1157 2464 2094 555 15827 -2573
1158 2466 2094 509 15816 -2619
1158 2464 2095 476 15808 -2666
1158 2466 2094 480 15800 -2704
1156 2464 2097 515 15818 -2685
1160 2465 2094 502 15843 -2622
1161 2464 2093 442 15860 -2625
1158 2464 2093 446 15917 -2641
1157 2465 2093 549 15955 -2631
1157 2461 2094 531 15916 -2660
1156 2462 2091 447 15900 -2646
1155 2463 2093 483 15924 -2611
1156 2462 2091 514 15899 -2600
1157 2462 2092 498 15839 -2594
1155 2460 2091 453 15841 -2641
1155 2460 2088 447 15903 -2692
1154 2460 2089 504 15913 -2664
1155 2460 2088 519 15867 -2602
1154 2459 2088 463 15857 -2613
1152 2458 2088 419 15876 -2639
1152 2459 2086 444 15896 -2620
1155 2459 2086 495 15908 -2594
1155 2458 2086 505 15896 -2582
1156 2459 2087 388 15852 -2678
1156 2460 2087 400 15873 -2668
1156 2460 2087 452 15870 -2626
1154 2458 2087 480 15867 -2613
1155 2458 2088 465 15881 -2614
1155 2460 2088 435 15894 -2620
1154 2460 2088 422 15894 -2634
1158 2461 2089 442 15880 -2627
1158 2461 2088 468 15890 -2611
1156 2460 2089 471 15922 -2660
1157 2460 2089 487 15855 -2632
1155 2460 2088 488 15856 -2678
1156 2460 2090 522 15947 -2736
1157 2460 2089 421 15856 -2647
1155 2459 2087 303 15821 -2608
1156 2459 2087 412 15910 -2624
1155 2461 2088 481 15892 -2625
1156 2460 2087 467 15839 -2588
1158 2461 2090 457 15838 -2596
1157 2462 2089 475 15851 -2628
1155 2459 2085 498 15832 -2641
1155 2461 2087 478 15820 -2624
1155 2459 2087 454 15846 -2582
1154 2457 2086 442 15866 -2558
1155 2459 2086 445 15893 -2559
1156 2461 2086 524 15965 -2560
1154 2459 2085 525 15939 -2584
1155 2459 2084 431 15896 -2617
1157 2460 2085 437 15924 -2606
1153 2459 2085 506 15901 -2587
1154 2458 2085 536 15844 -2598
1154 2460 2085 497 15829 -2631
1155 2459 2084 462 15876 -2673
1156 2459 2085 483 15894 -2661
1155 2461 2085 487 15873 -2619
1156 2460 2086 458 15870 -2619
1154 2461 2086 436 15878 -2642
1155 2461 2088 451 15874 -2632
1155 2461 2086 487 15883 -2616
1155 2459 2084 488 15889 -2631
1154 2459 2085 445 15847 -2686
1152 2460 2086 451 15852 -2687
1155 2456 2084 467 15852 -2657
1154 2461 2085 474 15866 -2653
1154 2463 2086 467 15881 -2679
1154 2461 2087 458 15885 -2687
1153 2460 2085 465 15885 -2670
1155 2461 2086 482 15906 -2666
1154 2460 2084 469 15940 -2697
1155 2461 2086 474 15881 -2653
1155 2461 2087 510 15867 -2699
1155 2460 2083 582 15949 -2780
1154 2462 2086 502 15862 -2720
1154 2460 2086 370 15823 -2689
1154 2461 2088 446 15907 -2693
1154 2461 2090 525 15893 -2670
1155 2461 2088 530 15851 -2650
1154 2460 2088 526 15854 -2704
1155 2461 2087 537 15863 -2724
1154 2461 2088 545 15831 -2679
1155 2460 2088 516 15798 -2674
1154 2461 2089 484 15815 -2671
1153 2461 2089 474 15846 -2655
1155 2460 2088 478 15864 -2684
1156 2461 2089 552 15931 -2686
1156 2459 2088 605 15926 -2670
1157 2461 2088 477 15893 -2738
1153 2459 2090 415 15921 -2748
1154 2460 2088 507 15919 -2736
1154 2460 2089 555 15870 -2720
1153 2458 2089 528 15817 -2726
1156 2458 2087 478 15846 -2797
1155 2458 2088 489 15890 -2792
1154 2459 2089 513 15861 -2740
1154 2458 2088 497 15837 -2723
1154 2457 2088 481 15852 -2741
1154 2459 2088 490 15863 -2750
1153 2460 2088 503 15860 -2749
1154 2459 2087 489 15849 -2760
1154 2458 2089 483 15844 -2763
1155 2458 2089 507 15823 -2816
1155 2458 2090 505 15821 -2825
1155 2458 2090 498 15818 -2827
1158 2460 2088 508 15838 -2827
1159 2460 2091 516 15848 -2811
1155 2459 2091 506 15845 -2810
1157 2459 2089 484 15838 -2835
1156 2460 2091 484 15827 -2853
1157 2460 2090 527 15838 -2872
1158 2462 2092 530 15817 -2870
1159 2460 2092 542 15795 -2853
1157 2460 2091 602 15904 -2947
1157 2460 2091 524 15841 -2935
1157 2459 2091 387 15793 -2926
1157 2458 2091 460 15859 -2922
1157 2461 2092 555 15851 -2890
1156 2459 2091 557 15832 -2853
1157 2460 2091 536 15839 -2873
1156 2458 2089 536 15836 -2905
1158 2460 2091 562 15795 -2880
1157 2461 2091 551 15778 -2855
1158 2462 2091 539 15799 -2856
1158 2461 2093 534 15816 -2859
1160 2462 2093 508 15821 -2871
1157 2459 2090 537 15859 -2840
1157 2462 2090 633 15889 -2797
1158 2460 2091 584 15867 -2858
1157 2461 2091 481 15841 -2862
1157 2461 2092 516 15854 -2871
1158 2462 2093 587 15827 -2892
1157 2461 2092 605 15774 -2840
1159 2462 2090 559 15796 -2869
1155 2462 2092 528 15841 -2910
1157 2460 2091 539 15836 -2880
1156 2461 2092 547 15819 -2861
1157 2461 2093 522 15842 -2883
1158 2460 2090 519 15853 -2863
1155 2459 2089 545 15848 -2833
1157 2461 2093 556 15852 -2855
1155 2460 2092 552 15838 -2871
1156 2461 2093 545 15833 -2880
1158 2462 2096 543 15837 -2876
1156 2460 2093 555 15831 -2848
1156 2460 2091 568 15832 -2816
1156 2460 2093 570 15840 -2806
1156 2460 2093 560 15848 -2816
1156 2462 2095 556 15854 -2819
1157 2463 2096 567 15866 -2818
1158 2463 2097 575 15872 -2815
1156 2464 2095 549 15838 -2840
1159 2464 2097 565 15864 -2848
1159 2464 2096 553 15861 -2859
1161 2465 2097 581 15816 -2815
1159 2465 2099 631 15867 -2840
1158 2465 2096 675 15907 -2876
1159 2464 2099 535 15845 -2853
1159 2464 2099 431 15849 -2849
1160 2465 2099 547 15892 -2827
1161 2464 2101 618 15863 -2784
1159 2465 2101 642 15837 -2772
1161 2465 2099 628 15845 -2801
1158 2464 2099 616 15843 -2799
1159 2464 2100 603 15820 -2777
1159 2463 2099 579 15812 -2781
1159 2465 2097 597 15822 -2779
1158 2464 2100 606 15832 -2758
1157 2463 2099 570 15843 -2777
1160 2463 2098 603 15900 -2780
1160 2462 2099 652 15888 -2769
1160 2463 2098 583 15834 -2832
1163 2463 2098 564 15848 -2838
1158 2464 2100 613 15861 -2807
1160 2463 2097 610 15842 -2801
1160 2462 2098 591 15812 -2800
1160 2464 2099 585 15829 -2841
1160 2463 2100 605 15863 -2838
1159 2464 2100 598 15858 -2813
1163 2464 2098 571 15847 -2835
1160 2464 2099 571 15848 -2865
1161 2463 2098 645 15825 -2852
1162 2464 2099 624 15831 -2832
1158 2464 2099 585 15821 -2820
1161 2462 2098 571 15818 -2832
1160 2462 2099 575 15815 -2836
1159 2461 2098 573 15822 -2817
1158 2461 2097 573 15836 -2799
1159 2464 2097 565 15842 -2805
1158 2464 2098 553 15843 -2821
1159 2463 2097 579 15827 -2781
1162 2464 2097 567 15848 -2772
1162 2466 2097 564 15864 -2794
1159 2463 2096 543 15864 -2809
1160 2462 2097 512 15846 -2779
1160 2465 2098 525 15832 -2750
1161 2465 2097 534 15873 -2814
1161 2467 2098 517 15848 -2802
1160 2468 2098 571 15829 -2786
1161 2466 2096 564 15838 -2836
1160 2466 2098 421 15812 -2785
1160 2466 2098 468 15895 -2760
1160 2466 2098 556 15893 -2748
1161 2467 2098 555 15843 -2721
1161 2466 2096 539 15836 -2716
1159 2466 2096 530 15858 -2737
1159 2464 2096 561 15837 -2697
1158 2467 2097 561 15816 -2657
1159 2465 2096 513 15828 -2656
1158 2467 2096 499 15843 -2680
1158 2468 2096 491 15863 -2711
1161 2468 2100 510 15899 -2666
1158 2465 2096 597 15907 -2612
1155 2464 2093 549 15902 -2672
1157 2466 2097 461 15901 -2686
1157 2466 2095 527 15908 -2671
1157 2465 2096 586 15900 -2677
1156 2467 2094 563 15847 -2653
1159 2467 2096 494 15822 -2704
1157 2467 2095 461 15833 -2783
1155 2466 2096 500 15843 -2772
1156 2465 2095 517 15838 -2716
1156 2467 2092 491 15850 -2728
1157 2467 2094 489 15868 -2755
1156 2466 2096 501 15866 -2730
1157 2466 2094 501 15865 -2705
1157 2464 2094 482 15849 -2714
1157 2465 2093 454 15844 -2727
1158 2464 2093 465 15852 -2732
1156 2464 2093 503 15826 -2763
1156 2466 2095 493 15802 -2778
1155 2467 2097 451 15813 -2758
1156 2464 2092 449 15840 -2754
1157 2463 2092 477 15856 -2747
1156 2463 2093 498 15865 -2734
1158 2465 2092 478 15865 -2732
1158 2465 2094 442 15864 -2713
1158 2468 2094 455 15882 -2712
1158 2467 2094 476 15920 -2780
1157 2466 2094 524 15803 -2768
1160 2466 2094 573 15904 -2844
1159 2466 2095 487 15879 -2820
1159 2467 2094 330 15816 -2765
1159 2468 2095 388 15892 -2725
1159 2467 2094 518 15919 -2715
1159 2467 2093 523 15889 -2700
1159 2467 2096 495 15862 -2719
1159 2466 2095 487 15845 -2742
1160 2468 2097 490 15814 -2706
1159 2467 2096 482 15791 -2702
1160 2467 2093 472 15816 -2696
1158 2469 2094 485 15860 -2671
1160 2468 2093 488 15875 -2695
1158 2467 2092 505 15920 -2704
1158 2468 2093 562 15918 -2703
1160 2467 2094 485 15892 -2777
1160 2467 2095 424 15901 -2773
1159 2466 2092 505 15897 -2735
1160 2466 2094 541 15861 -2731
1161 2466 2091 512 15801 -2743
1158 2466 2092 465 15802 -2808
1157 2466 2092 477 15831 -2827
1158 2467 2092 503 15834 -2796
1155 2466 2092 482 15838 -2787
1158 2467 2093 459 15860 -2805
1160 2467 2092 477 15867 -2787
1157 2468 2092 496 15871 -2766
1158 2468 2094 483 15869 -2788
1160 2467 2093 471 15852 -2809
1158 2470 2093 508 15808 -2839
1158 2468 2093 501 15817 -2808
1158 2467 2095 491 15827 -2808
1158 2466 2093 495 15842 -2837
1159 2466 2096 489 15831 -2832
1160 2468 2096 486 15822 -2817
1161 2469 2095 498 15861 -2835
1160 2471 2095 495 15893 -2878
1161 2472 2095 506 15830 -2798
1160 2472 2096 603 15869 -2875
1157 2469 2096 481 15834 -2838
1158 2469 2096 354 15826 -2795
1158 2469 2096 478 15884 -2776
1159 2469 2097 579 15872 -2754
1159 2469 2099 559 15850 -2742
1159 2471 2097 499 15862 -2796
1159 2470 2098 489 15863 -2809
1157 2469 2098 527 15838 -2749
1159 2471 2099 528 15815 -2730
1158 2469 2097 507 15811 -2762
1159 2470 2098 495 15827 -2780
1159 2470 2098 487 15843 -2794
1160 2472 2098 539 15897 -2776
1159 2470 2099 615 15900 -2725
1159 2470 2097 517 15874 -2771
1160 2472 2098 438 15888 -2803
1160 2469 2100 522 15877 -2799
1160 2471 2101 570 15841 -2792
1163 2473 2102 543 15802 -2793
1159 2471 2099 519 15809 -2851
1159 2469 2098 540 15831 -2853
1159 2468 2099 536 15836 -2807
1159 2470 2098 490 15840 -2815
1158 2465 2098 481 15854 -2862
1159 2471 2101 526 15854 -2847
1161 2467 2099 547 15847 -2823
1159 2468 2099 534 15841 -2834
1160 2467 2099 524 15830 -2816
1159 2467 2099 525 15821 -2805
1160 2467 2098 563 15788 -2868
1161 2467 2099 551 15805 -2880
1160 2468 2098 546 15842 -2869
1161 2466 2099 532 15844 -2836
1160 2467 2100 504 15826 -2812
1164 2467 2099 512 15854 -2845
1163 2470 2100 517 15886 -2928
1163 2472 2104 518 15842 -2889
1164 2474 2105 560 15846 -2863
1163 2472 2103 641 15892 -2925
1164 2469 2101 524 15812 -2914
1164 2469 2102 369 15813 -2910
1163 2471 2103 477 15882 -2900
1163 2469 2102 588 15849 -2847
1163 2471 2103 586 15823 -2815
1163 2469 2102 553 15831 -2831
1163 2468 2103 544 15839 -2825
1161 2469 2102 560 15822 -2805
1162 2468 2101 551 15809 -2819
1162 2469 2102 542 15815 -2820
1161 2468 2101 539 15823 -2832
1163 2469 2100 514 15844 -2886
1163 2470 2099 543 15894 -2857
1162 2468 2101 628 15890 -2797
1162 2469 2100 574 15869 -2882
1163 2470 2103 502 15883 -2897
1162 2470 2104 553 15880 -2860
1162 2469 2101 574 15841 -2843
1162 2469 2102 552 15803 -2811
1163 2470 2100 547 15825 -2860
1163 2469 2101 579 15843 -2894
1162 2469 2102 586 15826 -2871
1161 2469 2102 558 15821 -2865
1162 2469 2104 533 15832 -2877
1162 2469 2102 544 15823 -2845
1163 2468 2102 565 15826 -2829
1160 2468 2102 558 15830 -2839
1163 2468 2101 539 15823 -2835
1164 2466 2102 529 15826 -2831
1160 2466 2102 534 15837 -2822
1161 2466 2101 551 15817 -2772
1159 2466 2101 548 15843 -2753
1160 2467 2101 550 15875 -2743
1158 2466 2103 530 15889 -2719
1162 2467 2101 492 15889 -2688
1162 2468 2101 470 15885 -2678
1161 2469 2104 477 15927 -2731
1160 2469 2103 479 15916 -2719
1161 2470 2106 505 15888 -2715
1162 2471 2103 525 15868 -2749
1162 2473 2103 384 15839 -2761
1162 2472 2103 356 15889 -2749
1161 2472 2105 450 15914 -2719
1160 2468 2105 487 15904 -2685
1162 2471 2103 501 15877 -2678
1161 2472 2104 497 15872 -2718
1161 2471 2102 475 15860 -2699
1163 2473 2104 458 15843 -2683
1161 2471 2103 463 15869 -2751
1160 2473 2104 467 15891 -2803
1161 2473 2103 505 15922 -2820
1159 2476 2103 572 15944 -2794
1159 2474 2102 544 15953 -2862
1160 2476 2102 459 15927 -2924
1160 2479 2102 537 15920 -2960
1159 2477 2100 609 15882 -3002
1160 2475 2099 577 15755 -3053
1159 2476 2097 562 15691 -3179
1157 2475 2100 568 15703 -3257
1158 2479 2097 575 15746 -3280
1158 2483 2099 563 15848 -3268
1156 2487 2098 570 16047 -3346
1157 2497 2107 664 16207 -3493
1159 2513 2117 826 16202 -3527
1164 2528 2126 869 16054 -3609
1167 2541 2138 798 15689 -3820
1170 2546 2140 735 15385 -4109
1164 2526 2124 680 15119 -4347
1159 2513 2116 819 14855 -4390
1160 2511 2114 1046 14593 -4348
1162 2519 2121 1092 14767 -4542
1162 2517 2119 1002 15381 -4660
1164 2526 2126 939 15745 -4161
1167 2537 2133 959 15694 -3654
1167 2538 2131 1001 15519 -3730
1167 2537 2132 1051 15635 -4040
1167 2543 2136 1184 15443 -4079
1169 2548 2139 1239 15303 -4234
1171 2553 2140 1153 15504 -4494
1171 2556 2144 1050 15536 -4382
1171 2557 2144 1120 15543 -4370
1170 2551 2141 1255 15399 -4458
1169 2546 2138 1270 15319 -4476
1165 2540 2133 1269 15272 -4440
1165 2527 2123 1255 15259 -4469
1161 2514 2115 1192 15128 -4439
1157 2498 2104 1207 15014 -4428
1154 2485 2094 1225 15156 -4382
1151 2474 2086 1142 15348 -4285
1152 2468 2083 1047 15463 -4250
1149 2466 2082 1029 15605 -4206
1152 2463 2080 997 15871 -4013
1150 2463 2080 827 16005 -3709
1149 2465 2084 723 15999 -3492
1151 2463 2083 778 15955 -3512
1149 2462 2081 772 15825 -3593
1149 2464 2082 721 15704 -3568
1149 2464 2083 711 15674 -3545
1149 2462 2082 741 15724 -3494
1151 2462 2084 723 15713 -3476
1149 2460 2081 689 15658 -3598
1150 2459 2082 670 15662 -3590
1150 2459 2082 666 15683 -3472
1150 2460 2084 700 15744 -3475
1149 2459 2085 692 15806 -3518
1152 2462 2087 642 15785 -3483
1151 2460 2088 618 15743 -3438
1152 2462 2087 624 15758 -3438
1154 2464 2088 640 15750 -3382
1152 2463 2090 653 15735 -3332
1154 2464 2088 646 15750 -3373
1155 2466 2093 634 15739 -3388
1155 2467 2093 636 15758 -3349
1157 2467 2094 607 15830 -3344
1158 2468 2095 592 15813 -3265
1159 2472 2098 625 15783 -3251
1159 2469 2098 689 15858 -3348
1159 2472 2098 603 15808 -3297
1161 2475 2101 560 15778 -3228
1160 2473 2102 621 15817 -3190
1163 2475 2104 603 15785 -3128
1162 2476 2105 577 15751 -3114
1164 2476 2106 581 15763 -3143
1165 2477 2107 608 15780 -3133
1163 2476 2108 617 15772 -3136
1164 2475 2108 613 15775 -3125
1165 2479 2109 593 15791 -3097
1165 2480 2110 662 15853 -3108
1168 2479 2112 708 15860 -3084
1166 2478 2113 626 15811 -3113
1167 2478 2113 613 15814 -3100
1168 2479 2113 681 15820 -3083
1170 2480 2114 688 15799 -3051
1169 2479 2115 662 15756 -3001
1171 2483 2115 645 15772 -3042
1170 2481 2116 651 15822 -3081
1169 2479 2116 659 15812 -3063
1170 2479 2116 645 15786 -3052
1169 2481 2116 642 15813 -3073
1168 2479 2116 664 15832 -3029
1169 2479 2115 668 15837 -2979
1169 2481 2117 639 15848 -2968
1169 2481 2117 604 15851 -2976
1170 2481 2118 605 15848 -3017
1169 2480 2117 635 15833 -3025
1170 2481 2116 643 15821 -3024
1170 2481 2120 618 15810 -3026
1172 2482 2119 614 15774 -3017
1171 2482 2121 635 15784 -3025
1171 2482 2120 632 15835 -3060
1169 2483 2120 640 15795 -2988
1172 2486 2122 669 15799 -2974
1173 2487 2122 730 15901 -3047
1172 2488 2125 659 15844 -3026
1175 2489 2126 527 15805 -3037
1178 2490 2126 585 15870 -3038
1175 2491 2127 669 15869 -3001
1173 2488 2125 680 15817 -2987
1174 2488 2126 640 15817 -3007
1172 2488 2126 633 15795 -2988
1173 2487 2126 617 15780 -2973
1171 2487 2124 601 15789 -2947
1174 2488 2128 596 15813 -2954
1174 2489 2127 597 15827 -2987
1172 2487 2126 670 15884 -2963
1174 2487 2128 709 15887 -2955
1171 2488 2127 623 15847 -2977
1173 2487 2127 677 15844 -2942
1171 2489 2128 700 15825 -2924
1173 2488 2128 660 15799 -2938
1174 2488 2128 604 15815 -3010
1172 2490 2128 619 15839 -3037
1173 2488 2128 637 15825 -2995
1172 2489 2128 612 15815 -2992
1174 2489 2129 589 15837 -3039
1172 2487 2128 644 15818 -3037
1173 2490 2130 653 15815 -3043
1173 2490 2132 631 15807 -3009
1172 2488 2126 597 15783 -2971
1171 2487 2128 576 15791 -3005
1172 2486 2126 586 15806 -3044
1171 2488 2126 641 15808 -3052
1171 2484 2124 662 15794 -3067
1171 2486 2123 618 15765 -3066
1170 2486 2123 587 15760 -3045
1170 2485 2122 588 15822 -3090
1171 2485 2121 607 15815 -3046
1170 2485 2122 683 15795 -3029
1172 2486 2120 758 15886 -3127
1171 2486 2121 645 15830 -3087
1171 2487 2122 453 15780 -3030
1172 2488 2121 479 15851 -3005
1172 2488 2123 614 15862 -2984
1173 2489 2122 653 15834 -2993
1174 2489 2121 635 15815 -3034
1170 2488 2124 619 15789 -3033
1175 2490 2121 634 15748 -2977
1172 2490 2121 627 15758 -2980
1172 2488 2122 588 15793 -3004
1174 2489 2125 567 15805 -2998
1171 2489 2120 582 15815 -3015
1172 2488 2120 633 15879 -2996
1172 2490 2120 674 15882 -2991
1171 2487 2119 577 15853 -3065
1172 2488 2120 517 15875 -3054
1169 2489 2117 619 15789 -3033
1171 2488 2118 634 15748 -2977
1169 2489 2118 627 15758 -2980
1170 2488 2116 588 15793 -3004
1169 2487 2118 567 15805 -2998
1170 2489 2116 582 15815 -3015
1172 2489 2117 633 15879 -2996
1171 2487 2116 674 15882 -2991
1169 2487 2116 577 15853 -3065
1169 2488 2115 517 15875 -3054
1169 2490 2115 668 15798 -2991
1168 2488 2114 642 15764 -2993
1169 2488 2117 585 15788 -3086
1170 2488 2116 563 15840 -3146
1169 2489 2116 572 15825 -3094
1169 2490 2115 574 15794 -3048
1170 2487 2116 565 15797 -3041
1168 2488 2117 567 15813 -3015
1168 2488 2115 575 15828 -3025
1168 2489 2115 575 15815 -3061
1166 2487 2116 568 15795 -3055
1167 2489 2117 566 15800 -3039
1167 2490 2116 561 15814 -3057
1168 2489 2118 549 15807 -3075
1168 2488 2117 539 15780 -3077
1168 2491 2115 554 15758 -3069
1171 2493 2116 563 15763 -3077
1167 2490 2116 547 15819 -3110
1168 2489 2117 559 15812 -3043
1167 2490 2117 618 15788 -3039
1168 2489 2120 704 15848 -3120
1167 2488 2118 628 15794 -3107
1168 2490 2118 438 15754 -3076
1168 2490 2119 497 15833 -3037
1169 2490 2118 650 15846 -3022
1168 2489 2121 655 15798 -3008
1169 2489 2119 601 15771 -3056
1169 2489 2119 571 15780 -3113
1169 2490 2120 590 15769 -3065
1167 2490 2120 591 15752 -3021
1168 2490 2119 590 15762 -3010
1168 2487 2119 594 15786 -3001
1170 2491 2118 566 15810 -3023
1169 2489 2119 620 15892 -3021
1168 2490 2118 665 15892 -3017
1170 2490 2121 571 15839 -3042
1171 2491 2121 550 15843 -3026
1168 2488 2118 647 15848 -3007
1167 2486 2119 667 15833 -2986
1169 2488 2119 612 15800 -3011
1170 2486 2118 659 15815 -3089
1168 2486 2118 656 15808 -3054
1171 2489 2119 601 15808 -3053
1170 2487 2120 562 15821 -3068
1170 2488 2120 571 15830 -3060
1170 2488 2118 598 15836 -3069
1170 2489 2119 601 15837 -3078
1170 2489 2117 592 15823 -3071
1171 2491 2120 583 15803 -3087
1172 2492 2119 594 15797 -3115
1170 2491 2120 604 15783 -3126
1172 2490 2118 590 15771 -3089
1172 2491 2118 586 15781 -3053
1171 2490 2121 592 15840 -3104
1172 2490 2119 581 15830 -3120
1171 2491 2119 614 15776 -3096
1171 2493 2121 675 15861 -3170
1170 2491 2119 659 15842 -3179
1170 2490 2119 492 15766 -3144
1170 2490 2118 484 15813 -3103
1171 2492 2119 651 15829 -3067
1171 2490 2119 677 15791 -3058
1171 2489 2119 631 15779 -3077
1172 2491 2119 597 15795 -3137
1171 2492 2119 614 15786 -3123
1172 2491 2120 616 15756 -3082
1171 2493 2120 588 15747 -3061
1172 2491 2119 583 15769 -3066
1172 2493 2120 578 15787 -3108
1172 2491 2120 611 15816 -3084
1174 2491 2119 724 15818 -3050
1171 2492 2118 668 15801 -3119
1172 2491 2120 545 15815 -3134
1171 2493 2120 616 15840 -3131
1172 2493 2120 687 15820 -3106
1171 2492 2122 661 15782 -3054
1172 2492 2119 615 15791 -3095
1172 2491 2119 634 15819 -3150
1170 2491 2119 670 15812 -3154
1171 2491 2120 650 15792 -3142
1169 2491 2121 655 15791 -3110
1170 2491 2119 647 15803 -3105
1170 2490 2120 613 15814 -3145
1171 2490 2120 595 15803 -3149
1172 2490 2121 610 15786 -3122
1171 2492 2120 635 15774 -3128
1170 2492 2122 641 15785 -3155
1170 2493 2123 621 15798 -3159
1168 2492 2122 608 15788 -3133
1173 2493 2122 642 15750 -3115
1174 2493 2122 642 15825 -3169
1172 2494 2123 603 15815 -3145
1171 2492 2125 607 15775 -3137
1170 2493 2124 673 15874 -3196
1171 2492 2125 658 15835 -3179
1171 2493 2125 535 15755 -3193
1172 2493 2125 546 15809 -3214
1174 2492 2126 652 15832 -3174
1172 2491 2126 666 15796 -3113
1171 2492 2126 646 15773 -3114
1174 2491 2124 630 15785 -3155
1172 2492 2127 630 15787 -3158
1173 2493 2126 617 15775 -3169
1175 2495 2126 619 15778 -3166
1172 2492 2127 637 15783 -3144
1170 2491 2126 626 15778 -3177
1171 2490 2125 644 15811 -3158
1170 2490 2127 746 15834 -3131
1171 2489 2125 715 15804 -3201
1172 2489 2125 642 15795 -3205
1172 2489 2125 689 15818 -3184
1171 2487 2125 706 15813 -3167
1169 2486 2125 674 15781 -3141
1170 2489 2124 641 15782 -3172
1170 2487 2125 669 15806 -3219
1172 2489 2124 699 15797 -3228
1171 2488 2125 672 15759 -3225
1170 2487 2123 627 15750 -3262
1173 2487 2125 627 15754 -3257
1173 2490 2126 687 15760 -3192
1175 2488 2125 639 15785 -3209
1176 2490 2130 628 15782 -3215
1175 2490 2128 643 15780 -3216
1173 2488 2126 652 15791 -3205
1173 2489 2125 653 15793 -3196
1176 2490 2127 641 15795 -3196
1173 2488 2126 632 15809 -3209
1176 2493 2128 636 15802 -3212
1175 2493 2128 678 15791 -3157
1175 2493 2127 652 15820 -3208
1174 2491 2127 631 15780 -3159
1174 2491 2128 673 15787 -3159
1174 2491 2127 745 15844 -3251
1173 2491 2127 621 15789 -3246
1173 2492 2128 505 15780 -3223
1173 2490 2126 624 15818 -3180
1174 2489 2126 709 15795 -3126
1174 2492 2127 702 15787 -3103
1173 2492 2125 688 15796 -3143
1174 2495 2128 696 15791 -3159
1174 2494 2131 692 15766 -3138
1175 2491 2128 666 15752 -3156
1174 2494 2127 654 15772 -3157
1174 2493 2127 642 15785 -3127
1175 2494 2128 640 15785 -3128
1175 2493 2127 722 15841 -3120
1176 2496 2130 756 15838 -3116
1174 2495 2130 639 15791 -3181
1175 2494 2128 625 15795 -3189
1174 2494 2127 720 15793 -3151
1176 2494 2129 739 15771 -3132
1174 2493 2127 689 15751 -3151
1174 2494 2127 654 15774 -3228
1176 2493 2128 680 15794 -3235
1172 2495 2126 669 15772 -3189
1175 2495 2129 630 15758 -3197
1172 2493 2127 626 15776 -3220
1172 2492 2127 642 15788 -3193
1174 2492 2130 659 15782 -3186
1171 2491 2130 658 15764 -3206
1174 2492 2128 644 15748 -3200
1173 2493 2128 630 15757 -3202
1173 2493 2126 633 15784 -3192
1171 2493 2128 644 15780 -3149
1171 2493 2129 636 15763 -3141
1174 2494 2130 618 15775 -3179
1173 2494 2128 598 15792 -3207
1176 2496 2130 594 15796 -3200
1176 2497 2129 657 15750 -3141
1176 2496 2129 656 15798 -3162
1172 2498 2131 615 15817 -3189
1173 2496 2130 625 15780 -3175
1173 2497 2131 665 15813 -3213
1173 2496 2131 682 15812 -3249
1175 2498 2131 543 15769 -3249
1172 2497 2129 453 15800 -3212
1174 2498 2130 573 15829 -3145
1174 2497 2129 678 15763 -3095
1172 2497 2129 640 15766 -3139
1174 2497 2130 622 15765 -3162
1174 2496 2128 623 15756 -3145
1174 2498 2128 607 15750 -3118
1172 2496 2128 596 15766 -3102
1173 2496 2129 597 15782 -3121
1174 2497 2128 621 15800 -3133
1172 2498 2128 724 15836 -3133
1175 2499 2127 700 15819 -3186
1176 2498 2127 575 15791 -3188
1173 2497 2128 581 15823 -3167
1173 2497 2126 636 15820 -3157
1173 2494 2127 647 15777 -3140
1174 2497 2127 616 15759 -3156
1175 2495 2125 601 15768 -3196
1174 2498 2126 608 15781 -3218
1175 2498 2125 603 15792 -3218
1174 2496 2124 597 15804 -3243
1175 2497 2126 598 15795 -3241
1173 2496 2127 608 15769 -3198
1174 2498 2126 601 15775 -3188
1173 2497 2124 573 15772 -3181
1172 2497 2126 564 15759 -3174
1174 2495 2123 586 15769 -3185
1173 2498 2125 610 15776 -3195
1174 2497 2123 606 15790 -3215
1174 2500 2126 589 15789 -3211
1176 2503 2129 575 15769 -3191
1173 2500 2124 573 15755 -3197
1174 2500 2123 596 15769 -3224
1174 2501 2124 622 15814 -3269
1173 2499 2124 638 15769 -3187
1175 2502 2126 642 15748 -3174
1175 2501 2124 674 15847 -3262
1174 2501 2126 596 15788 -3224
1174 2501 2124 464 15715 -3170
1174 2498 2125 552 15784 -3148
1173 2500 2125 647 15807 -3163
1175 2500 2124 636 15773 -3167
1175 2501 2125 620 15731 -3182
1175 2500 2125 625 15718 -3131
1175 2499 2126 598 15730 -3119
1175 2503 2126 577 15754 -3145
1175 2502 2126 600 15784 -3160
1175 2505 2129 620 15802 -3137
1175 2505 2129 672 15866 -3119
1174 2500 2127 653 15871 -3133
1174 2501 2125 540 15831 -3170
1174 2500 2127 578 15815 -3163
1174 2500 2126 693 15770 -3131
1172 2499 2127 679 15739 -3111
1173 2500 2128 607 15739 -3144
1174 2501 2126 601 15770 -3213
1173 2499 2127 642 15783 -3208
1173 2498 2126 648 15776 -3193
1173 2499 2126 607 15775 -3211
1173 2499 2127 586 15779 -3206
1173 2499 2127 598 15773 -3177
1174 2500 2127 630 15770 -3173
1173 2501 2126 627 15766 -3177
1173 2501 2128 616 15775 -3229
1174 2500 2128 607 15786 -3269
1173 2501 2129 613 15772 -3260
1175 2500 2131 623 15757 -3244
1174 2504 2128 630 15748 -3227
1175 2505 2129 633 15808 -3262
1175 2505 2130 614 15824 -3278
1175 2505 2130 651 15762 -3232
1173 2504 2131 728 15814 -3284
1174 2504 2130 752 15832 -3327
1176 2502 2130 581 15736 -3302
1175 2504 2131 507 15720 -3253
1175 2503 2130 642 15767 -3265
1177 2504 2130 692 15755 -3275
1175 2505 2130 684 15730 -3244
1174 2503 2132 654 15729 -3293
1173 2501 2132 659 15740 -3318
1174 2504 2131 679 15730 -3299
1174 2504 2131 673 15712 -3307
1175 2504 2132 699 15745 -3336
1174 2503 2131 711 15744 -3332
1174 2503 2132 704 15748 -3313
1174 2505 2129 811 15796 -3327
1173 2503 2131 801 15779 -3398
1174 2504 2131 678 15749 -3434
1175 2503 2129 738 15790 -3411
1174 2501 2132 836 15793 -3368
1175 2502 2131 811 15737 -3351
1174 2502 2131 741 15740 -3466
1175 2504 2131 766 15759 -3454
1180 2505 2131 765 15753 -3431
1177 2506 2132 733 15745 -3441
1177 2501 2133 709 15748 -3449
1176 2501 2132 727 15766 -3466
1177 2504 2133 762 15767 -3472
1176 2502 2134 790 15756 -3443
1178 2503 2134 783 15737 -3443
1178 2504 2132 786 15713 -3474
1176 2504 2132 802 15734 -3469
1178 2502 2133 798 15736 -3457
1177 2501 2135 794 15745 -3463
1177 2503 2135 784 15740 -3460
1178 2505 2136 789 15742 -3468
1178 2506 2134 799 15775 -3531
1178 2504 2133 813 15733 -3487
1179 2506 2137 851 15745 -3466
1179 2507 2135 782 15739 -3469
1180 2507 2136 664 15705 -3448
1180 2508 2137 816 15769 -3446
1181 2508 2138 898 15746 -3410
1179 2505 2136 857 15739 -3435
1176 2506 2136 803 15740 -3477
1179 2508 2135 802 15733 -3472
1179 2507 2137 816 15714 -3447
1178 2507 2138 799 15688 -3423
1180 2507 2138 807 15703 -3415
1179 2510 2138 811 15727 -3407
1178 2508 2137 801 15747 -3444
1179 2509 2139 876 15805 -3454
1178 2507 2137 927 15791 -3438
1179 2508 2138 811 15754 -3503
1179 2509 2139 794 15775 -3504
1177 2508 2139 894 15775 -3480
1180 2508 2137 906 15736 -3470
1179 2508 2137 854 15686 -3457
1179 2509 2139 831 15714 -3527
1178 2509 2137 870 15740 -3534
1178 2509 2141 868 15718 -3504
1177 2509 2141 833 15711 -3538
1178 2506 2137 833 15719 -3578
1177 2508 2138 855 15727 -3566
1178 2507 2138 871 15728 -3552
1177 2504 2138 864 15741 -3580
1177 2506 2137 837 15720 -3568
1179 2507 2139 824 15669 -3536
1178 2506 2138 839 15640 -3533
1177 2507 2137 865 15644 -3538
1177 2507 2135 875 15725 -3580
1176 2508 2137 844 15804 -3606
1179 2507 2139 803 15785 -3553
1178 2507 2138 750 15728 -3509
1179 2511 2138 740 15729 -3539
1179 2512 2139 776 15802 -3596
1178 2513 2140 752 15782 -3543
1179 2513 2141 757 15718 -3513
1179 2513 2142 810 15770 -3548
1180 2513 2145 668 15667 -3587
1181 2513 2141 705 15727 -3593
1180 2514 2140 847 15767 -3548
1180 2514 2142 815 15755 -3520
1180 2516 2141 737 15740 -3535
1181 2515 2141 746 15769 -3600
1178 2515 2144 814 15775 -3597
1180 2514 2142 795 15706 -3560
1178 2515 2140 766 15667 -3564
1177 2516 2138 776 15682 -3606
1178 2513 2137 761 15672 -3650
1179 2512 2134 773 15646 -3634
1177 2513 2134 906 15670 -3599
1173 2516 2133 879 15691 -3655
1173 2522 2132 747 15725 -3708
1174 2527 2134 856 15885 -3692
1173 2537 2141 968 16089 -3710
1176 2548 2149 928 16155 -3710
1177 2558 2154 940 16075 -3788
1178 2561 2155 1055 15901 -4033
1179 2557 2153 1151 15619 -4266
1174 2543 2144 1136 15251 -4356
1174 2533 2137 1013 14937 -4378
1172 2528 2135 1039 14786 -4434
1175 2531 2135 1211 14697 -4539
1174 2533 2138 1342 14923 -4690
1174 2536 2140 1401 15290 -4722
1174 2538 2142 1377 15552 -4546
1176 2540 2144 1301 15688 -4222
1177 2543 2144 1196 15631 -3973
1177 2547 2148 1165 15582 -4069
1179 2551 2150 1192 15446 -4217
1182 2558 2152 1244 15448 -4357
1181 2560 2157 1298 15486 -4501
1180 2561 2157 1319 15424 -4466
1179 2557 2154 1291 15390 -4471
1178 2556 2153 1279 15393 -4513
1179 2554 2151 1302 15423 -4484
1175 2550 2149 1291 15235 -4415
1177 2544 2144 1356 15205 -4571
1177 2540 2140 1236 15267 -4656
1171 2527 2132 1148 15225 -4578
1169 2519 2128 1309 15226 -4497
1168 2513 2123 1280 15218 -4436
1166 2508 2118 1218 15221 -4399
1165 2502 2115 1300 15421 -4402
1165 2501 2114 1355 15553 -4316
1163 2495 2110 1324 15459 -4243
1163 2496 2112 1208 15527 -4219
1165 2495 2112 1084 15658 -4125
1167 2498 2113 1032 15681 -3971
1168 2500 2115 970 15750 -3797
1167 2499 2113 1002 15881 -3795
1163 2499 2112 1068 15868 -3903
1166 2497 2114 974 15741 -3920
1164 2496 2112 950 15712 -3822
1166 2496 2114 975 15742 -3775
1167 2499 2115 954 15647 -3882
1166 2497 2114 994 15525 -3932
1167 2496 2115 1016 15565 -3915
1167 2496 2117 1029 15620 -3929
1167 2497 2117 1007 15604 -3902
1169 2497 2120 946 15573 -3885
1171 2499 2122 944 15606 -3922
1173 2500 2125 998 15634 -3941
1173 2503 2127 1034 15629 -3978
1172 2506 2133 1058 15636 -3984
1177 2506 2133 1076 15660 -3940
1178 2510 2138 1043 15645 -3886
1178 2514 2143 1020 15633 -3867
1180 2515 2143 1071 15636 -3894
1183 2516 2147 1070 15641 -3913
1184 2517 2150 1052 15615 -3882
1185 2522 2152 1073 15650 -3881
1189 2523 2156 1060 15703 -3906
1189 2529 2161 1093 15675 -3900
1191 2530 2164 1157 15649 -3915
1192 2532 2167 1215 15652 -3977
1194 2534 2168 1088 15587 -3959
1194 2534 2170 1024 15616 -3869
1194 2535 2174 1084 15606 -3865
1195 2536 2176 1091 15590 -3888
1196 2536 2177 1093 15602 -3914
1199 2538 2177 1111 15603 -3922
1199 2538 2179 1123 15584 -3910
1200 2538 2180 1124 15580 -3883
1200 2538 2181 1115 15592 -3845
1200 2538 2182 1075 15613 -3851
1201 2539 2184 1095 15666 -3823
1200 2540 2185 1068 15661 -3829
1201 2540 2185 976 15662 -3819
1203 2538 2185 1031 15694 -3795
1201 2540 2185 1090 15702 -3796
1202 2539 2185 1054 15683 -3781
1201 2540 2186 981 15664 -3760
1202 2539 2186 953 15686 -3766
1203 2539 2185 967 15709 -3746
1201 2540 2187 959 15690 -3703
1205 2540 2186 944 15678 -3680
1206 2540 2187 935 15690 -3652
1202 2540 2186 930 15700 -3625
1202 2539 2188 937 15720 -3629
1201 2541 2189 935 15728 -3591
1204 2540 2189 918 15725 -3529
1203 2539 2190 877 15736 -3520
1204 2540 2190 846 15744 -3511
1205 2544 2192 848 15738 -3494
1204 2542 2192 862 15734 -3458
1205 2543 2192 901 15738 -3397
1205 2544 2195 830 15764 -3426
1205 2544 2195 863 15752 -3377
1206 2546 2197 947 15788 -3379
1205 2547 2197 989 15818 -3428
1206 2547 2199 864 15757 -3424
1207 2551 2201 771 15738 -3377
1209 2549 2202 889 15775 -3315
1209 2550 2201 933 15762 -3266
1210 2552 2203 897 15735 -3267
1210 2553 2203 916 15749 -3262
1206 2549 2203 933 15749 -3230
1208 2549 2204 906 15760 -3205
1208 2548 2203 855 15790 -3179
1208 2548 2204 817 15805 -3212
1209 2548 2204 846 15822 -3202
1209 2550 2204 987 15834 -3199
1208 2551 2204 935 15813 -3266
1207 2547 2204 869 15792 -3192
1207 2550 2205 912 15786 -3201
1207 2550 2206 891 15763 -3154
1206 2549 2204 846 15755 -3166
1206 2548 2204 830 15786 -3236
1207 2547 2203 817 15807 -3251
1207 2549 2202 815 15797 -3231
1206 2549 2205 841 15793 -3223
1206 2549 2204 866 15796 -3214
1208 2550 2206 853 15788 -3225
1209 2553 2205 832 15773 -3276
1205 2549 2202 814 15763 -3300
1205 2547 2201 794 15754 -3298
1204 2547 2199 817 15752 -3285
1206 2548 2201 845 15743 -3245
1202 2546 2198 816 15732 -3248
1206 2549 2201 778 15756 -3323
1206 2547 2198 782 15787 -3365
1205 2548 2196 823 15785 -3330
1203 2545 2197 869 15794 -3316
1204 2548 2194 866 15786 -3336
1203 2547 2196 866 15734 -3291
1203 2546 2194 887 15782 -3322
1204 2549 2196 944 15850 -3402
1205 2550 2198 848 15767 -3354
1206 2550 2196 760 15745 -3288
1206 2551 2197 873 15802 -3288
1205 2551 2199 922 15779 -3306
1207 2552 2197 936 15764 -3316
1207 2552 2199 937 15750 -3336
1210 2555 2202 923 15722 -3330
1208 2554 2201 914 15723 -3320
1207 2553 2199 889 15722 -3316
1208 2552 2199 922 15730 -3280
1207 2552 2200 956 15741 -3296
1208 2554 2198 971 15772 -3295
1207 2553 2197 1053 15783 -3283
1206 2555 2199 978 15773 -3373
1208 2556 2199 888 15793 -3364
1207 2555 2199 968 15797 -3317
1207 2553 2198 1014 15712 -3294
1206 2555 2198 948 15684 -3329
1207 2553 2198 921 15709 -3366
1208 2555 2196 958 15713 -3349
1208 2554 2196 990 15692 -3302
1206 2554 2195 970 15724 -3313
1207 2554 2195 926 15764 -3340
1205 2553 2194 942 15775 -3317
1206 2553 2195 982 15792 -3303
1206 2553 2195 969 15787 -3300
1205 2555 2192 959 15757 -3277
1205 2554 2196 949 15747 -3288
1206 2554 2196 922 15755 -3327
1207 2553 2192 898 15734 -3326
1205 2553 2193 923 15712 -3310
1206 2554 2193 953 15749 -3343
1206 2554 2193 908 15787 -3365
1205 2553 2193 922 15739 -3279
1203 2553 2194 984 15765 -3329
1203 2554 2193 1059 15833 -3397
1206 2554 2193 943 15753 -3330
1205 2554 2193 793 15725 -3271
1205 2555 2192 892 15788 -3259
1207 2555 2194 969 15785 -3282
1204 2553 2193 980 15760 -3294
1204 2552 2193 957 15748 -3355
1202 2553 2193 936 15738 -3377
1202 2553 2192 937 15729 -3326
1204 2553 2193 910 15721 -3295
1203 2552 2193 880 15720 -3285
1204 2552 2194 943 15753 -3330
1203 2552 2193 793 15725 -3271
1203 2553 2193 892 15788 -3259
1203 2553 2193 969 15785 -3282
1202 2555 2194 980 15760 -3294
1203 2552 2195 957 15748 -3355
1203 2554 2194 936 15738 -3377
1202 2552 2194 937 15729 -3326
1205 2554 2194 910 15721 -3295
1203 2552 2194 880 15720 -3285
1203 2552 2195 969 15752 -3300
1205 2555 2193 1083 15788 -3288
1205 2552 2194 984 15764 -3358
1202 2551 2193 860 15774 -3365
1203 2550 2193 919 15800 -3344
1203 2550 2193 969 15773 -3349
1201 2550 2191 956 15737 -3356
1202 2549 2193 914 15734 -3397
1204 2550 2192 924 15759 -3433
1203 2548 2191 952 15751 -3409
1202 2549 2191 945 15722 -3387
1201 2548 2192 908 15729 -3408
1202 2548 2191 900 15741 -3404
1202 2549 2193 917 15754 -3385
1204 2550 2192 920 15764 -3391
1204 2548 2194 914 15758 -3395
1202 2550 2191 910 15752 -3401
1205 2550 2193 917 15767 -3402
1205 2550 2194 910 15761 -3381
1206 2550 2194 888 15732 -3353
1206 2550 2193 907 15710 -3344
1209 2555 2194 932 15749 -3413
1206 2551 2193 899 15753 -3435
1204 2549 2190 921 15731 -3402
1204 2549 2192 1007 15818 -3452
1203 2550 2192 1020 15785 -3448
1202 2548 2191 837 15695 -3428
1202 2547 2190 809 15742 -3406
1203 2549 2189 976 15776 -3383
1204 2551 2189 1004 15745 -3366
1203 2551 2189 976 15712 -3352
1203 2549 2189 935 15715 -3393
1203 2552 2191 951 15723 -3407
1204 2552 2191 976 15711 -3400
1204 2550 2190 950 15718 -3401
1203 2551 2191 901 15740 -3383
1204 2550 2191 861 15761 -3387
1203 2550 2190 922 15813 -3355
1204 2549 2188 1068 15802 -3337
1202 2549 2190 990 15752 -3426
1204 2552 2190 959 15760 -3381
1203 2548 2190 1034 15732 -3402
1203 2551 2193 1014 15696 -3391
1202 2551 2192 939 15711 -3437
1202 2550 2190 934 15752 -3473
1203 2549 2189 948 15757 -3445
1203 2547 2190 936 15734 -3417
1201 2547 2189 926 15741 -3449
1203 2546 2189 926 15746 -3458
1204 2547 2189 953 15722 -3461
1201 2546 2193 984 15704 -3459
1203 2549 2191 984 15695 -3468
1202 2548 2190 952 15709 -3500
1203 2550 2190 936 15722 -3513
1204 2551 2194 955 15733 -3507
1202 2552 2191 968 15743 -3506
1203 2552 2194 941 15734 -3514
1203 2554 2193 938 15725 -3528
1203 2553 2195 974 15749 -3566
1204 2553 2195 998 15715 -3550
1204 2555 2196 1030 15675 -3477
1204 2554 2196 1028 15764 -3510
1204 2554 2197 1000 15771 -3576
1205 2554 2200 868 15703 -3587
1204 2554 2198 864 15744 -3578
1205 2555 2196 1049 15786 -3574
1205 2554 2197 1111 15751 -3549
1204 2557 2196 1063 15709 -3539
1205 2554 2196 1012 15698 -3565
1203 2555 2199 1031 15685 -3567
1205 2555 2198 1086 15649 -3568
1206 2554 2197 1119 15640 -3578
1204 2554 2198 1102 15671 -3582
1209 2555 2198 1055 15689 -3612
1208 2554 2198 1074 15696 -3611
1207 2554 2199 1209 15705 -3605
1207 2555 2199 1175 15684 -3670
1208 2555 2199 1065 15674 -3677
1207 2555 2199 1136 15703 -3667
1204 2556 2201 1195 15690 -3657
1211 2554 2201 1188 15652 -3642
1207 2555 2200 1171 15646 -3658
1208 2555 2201 1163 15682 -3701
1207 2555 2201 1171 15711 -3735
1207 2556 2201 1181 15701 -3713
1207 2556 2200 1197 15694 -3715
1207 2557 2201 1209 15699 -3719
1207 2555 2201 1209 15698 -3710
1206 2553 2201 1188 15703 -3729
1206 2556 2200 1160 15657 -3704
1205 2558 2202 1185 15660 -3725
1207 2558 2202 1200 15658 -3763
1209 2560 2200 1204 15654 -3771
1208 2557 2203 1202 15657 -3759
1207 2559 2203 1199 15666 -3752
1208 2559 2204 1191 15660 -3745
1208 2563 2205 1178 15652 -3745
1208 2560 2206 1189 15675 -3772
1210 2563 2206 1186 15719 -3806
1209 2564 2206 1166 15680 -3739
1210 2564 2208 1211 15626 -3718
1210 2564 2207 1293 15689 -3798
1209 2563 2209 1180 15659 -3824
1208 2565 2208 1027 15619 -3852
1209 2566 2206 1139 15651 -3826
1209 2564 2208 1291 15627 -3760
1208 2564 2207 1307 15613 -3737
1208 2563 2206 1260 15643 -3783
1210 2567 2207 1242 15656 -3818
1208 2566 2208 1265 15609 -3778
1210 2565 2206 1291 15575 -3766
1210 2569 2211 1285 15590 -3782
1210 2565 2208 1257 15627 -3778
1206 2564 2206 1262 15651 -3797
1207 2564 2207 1337 15688 -3779
1207 2565 2208 1377 15668 -3788
1206 2562 2206 1246 15640 -3859
1208 2562 2208 1208 15671 -3842
1208 2562 2209 1312 15683 -3822
1207 2563 2208 1314 15636 -3802
1207 2561 2209 1272 15588 -3770
1207 2562 2209 1273 15608 -3819
1208 2562 2209 1299 15637 -3865
1208 2562 2208 1316 15615 -3846
1208 2563 2210 1320 15594 -3829
1208 2560 2210 1302 15620 -3848
1209 2560 2208 1294 15624 -3847
1207 2559 2208 1298 15615 -3836
1206 2560 2207 1299 15625 -3832
1208 2559 2208 1269 15584 -3781
1207 2560 2211 1251 15607 -3811
1208 2560 2209 1256 15619 -3828
1207 2557 2206 1295 15608 -3829
1207 2558 2207 1316 15601 -3821
1208 2559 2206 1307 15609 -3812
1208 2558 2206 1276 15631 -3827
1208 2561 2206 1240 15658 -3848
1208 2560 2209 1264 15674 -3821
1209 2560 2207 1222 15669 -3796
1208 2560 2208 1202 15648 -3797
1209 2560 2206 1264 15656 -3806
1211 2559 2206 1340 15685 -3854
1209 2561 2207 1215 15623 -3818
1210 2560 2207 1080 15624 -3783
1210 2561 2206 1173 15703 -3803
1209 2561 2206 1250 15708 -3792
1209 2560 2208 1292 15678 -3758
1210 2563 2207 1274 15639 -3745
1210 2561 2210 1206 15626 -3733
1211 2562 2210 1139 15630 -3744
1209 2565 2207 1094 15631 -3774
1210 2563 2206 1135 15643 -3769
1210 2565 2207 1215 15646 -3752
1209 2564 2205 1259 15642 -3735
1211 2565 2205 1311 15691 -3753
1208 2565 2207 1217 15715 -3815
1209 2565 2205 1065 15700 -3820
1209 2566 2205 1130 15708 -3769
1209 2566 2207 1224 15679 -3727
1211 2566 2206 1205 15650 -3726
1211 2568 2205 1145 15659 -3764
1207 2567 2204 1133 15688 -3817
1208 2567 2205 1191 15688 -3821
1209 2567 2206 1215 15647 -3782
1209 2569 2206 1164 15639 -3793
1209 2568 2205 1116 15669 -3811
1210 2566 2205 1121 15687 -3785
1209 2568 2206 1148 15684 -3768
1208 2568 2204 1132 15643 -3765
1208 2568 2205 1116 15614 -3775
1209 2569 2203 1120 15633 -3787
1208 2569 2204 1126 15659 -3789
1207 2569 2204 1151 15649 -3769
1208 2570 2205 1169 15630 -3760
1208 2572 2206 1160 15636 -3789
1209 2573 2205 1133 15642 -3818
1214 2575 2204 1121 15651 -3826
1208 2573 2205 1149 15673 -3839
1209 2572 2206 1178 15620 -3799
1209 2572 2204 1209 15613 -3832
1207 2570 2207 1250 15697 -3925
1210 2574 2205 1116 15599 -3886
1207 2573 2206 997 15546 -3820
1209 2574 2206 1148 15635 -3802
1206 2572 2204 1234 15644 -3819
1206 2571 2204 1212 15626 -3814
1207 2571 2205 1188 15648 -3866
1207 2572 2203 1208 15597 -3796
1205 2573 2202 1185 15583 -3798
1205 2571 2202 1167 15613 -3824
1206 2572 2201 1187 15632 -3839
1205 2574 2203 1244 15626 -3825
1204 2571 2202 1338 15656 -3832
1206 2572 2204 1254 15656 -3885
1208 2576 2206 1148 15660 -3895
1205 2571 2203 1244 15687 -3853
1203 2569 2202 1325 15642 -3832
1205 2569 2200 1291 15581 -3828
1204 2570 2203 1224 15574 -3863
1203 2570 2199 1235 15626 -3914
1204 2569 2203 1272 15638 -3895
1204 2568 2201 1282 15618 -3873
1205 2568 2201 1267 15634 -3878
1204 2567 2199 1253 15649 -3898
1203 2567 2199 1259 15642 -3895
1204 2566 2199 1273 15629 -3865
1204 2566 2198 1269 15607 -3857
1205 2568 2199 1207 15614 -3879
1204 2566 2199 1222 15641 -3903
1206 2567 2199 1247 15617 -3912
1207 2569 2202 1263 15594 -3907
1207 2571 2202 1282 15590 -3907
1207 2572 2203 1271 15650 -3951
1207 2573 2206 1261 15642 -3899
1209 2571 2202 1297 15591 -3887
1208 2569 2203 1347 15688 -3971
1207 2570 2203 1112 15543 -3922
1208 2570 2202 1153 15593 -3899
1207 2569 2202 1309 15605 -3892
1208 2569 2202 1330 15598 -3883
1208 2570 2204 1303 15599 -3913
1207 2568 2203 1285 15597 -3964
1209 2568 2201 1313 15568 -3937
1207 2570 2202 1344 15547 -3911
1207 2567 2201 1330 15559 -3915
1207 2570 2201 1249 15595 -3921
1207 2570 2201 1298 15640 -3903
1207 2570 2200 1364 15613 -3884
1206 2571 2200 1234 15583 -3950
1207 2568 2201 1188 15616 -3928
1208 2567 2202 1310 15619 -3904
1206 2570 2203 1318 15587 -3904
1208 2569 2203 1289 15557 -3908
1206 2570 2202 1306 15594 -3974
1208 2569 2200 1311 15625 -3998
1207 2569 2202 1282 15590 -3964
1207 2570 2200 1267 15561 -3945
1206 2570 2200 1285 15593 -3975
1206 2571 2202 1306 15612 -3975
1207 2569 2202 1316 15606 -3974
1207 2569 2201 1305 15600 -3987
1205 2569 2202 1285 15592 -3982
1208 2568 2199 1270 15585 -3981
1208 2569 2199 1278 15596 -3987
1207 2570 2201 1301 15591 -3980
1205 2569 2200 1273 15570 -3966
1205 2568 2201 1251 15574 -3967
1206 2570 2203 1298 15602 -3980
1205 2571 2203 1302 15644 -4015
1206 2571 2204 1290 15592 -3951
1207 2573 2204 1317 15566 -3952
1207 2573 2204 1374 15662 -4046
1206 2572 2204 1267 15573 -4015
1205 2572 2204 1138 15528 -4003
1207 2570 2206 1242 15610 -3984
1206 2570 2205 1311 15578 -3923
1205 2572 2206 1329 15580 -3963
1206 2570 2205 1336 15578 -3981
1205 2569 2205 1317 15566 -3962
1206 2572 2206 1308 15558 -3959
1204 2571 2204 1333 15568 -3952
1208 2572 2206 1345 15581 -3938
1208 2571 2208 1304 15602 -3960
1207 2572 2206 1346 15660 -3958
1205 2570 2207 1357 15626 -3944
1207 2571 2206 1250 15572 -3991
1206 2570 2207 1277 15599 -3972
1206 2569 2207 1355 15603 -3932
1208 2571 2206 1338 15588 -3932
1206 2569 2207 1306 15565 -3938
1205 2568 2206 1310 15577 -3986
1206 2567 2206 1349 15590 -3992
1206 2566 2207 1351 15571 -3954
1207 2567 2206 1316 15571 -3967
1207 2567 2206 1294 15588 -3984
1205 2566 2205 1296 15578 -3948
1206 2565 2203 1307 15583 -3933
1207 2567 2206 1288 15596 -3952
1208 2566 2204 1275 15579 -3976
1208 2566 2207 1289 15575 -3995
1212 2570 2208 1310 15579 -3998
1211 2568 2206 1329 15581 -3990
1208 2566 2207 1325 15599 -3976
1208 2567 2204 1284 15596 -3974
1208 2566 2207 1250 15575 -3973
1208 2568 2206 1253 15593 -3960
1208 2566 2206 1263 15634 -3982
1208 2567 2205 1303 15582 -3922
1209 2565 2204 1343 15564 -3939
1207 2565 2205 1398 15620 -4059
1209 2563 2202 1350 15559 -4012
1207 2561 2204 1282 15560 -3941
1205 2561 2202 1358 15608 -3926
1206 2560 2203 1390 15584 -3933
1207 2560 2202 1356 15599 -3939
1207 2558 2202 1323 15566 -3903
1206 2558 2202 1367 15549 -3904
1207 2561 2203 1401 15540 -3928
1208 2561 2203 1412 15548 -3936
1208 2560 2205 1393 15562 -3908
1208 2563 2206 1390 15569 -3904
1209 2564 2207 1457 15613 -3891
1208 2562 2205 1439 15604 -3883
1208 2560 2205 1331 15588 -3947
1208 2562 2205 1445 15600 -3887
1209 2561 2207 1443 15585 -3879
1208 2561 2207 1432 15556 -3868
1209 2562 2208 1421 15573 -3921
1209 2560 2208 1430 15616 -3948
1208 2559 2207 1438 15616 -3926
