2025-08-20 02:48:46    绿光---红外光---红光---X轴---Y轴---Z轴
61473 402112 407609 -13159 8472 -3587
61501 402140 407618 -13178 8454 -3585
61543 402185 407635 -13193 8457 -3594
61570 402203 407642 -13211 8480 -3591
61572 402198 407649 -13244 8575 -3594
61547 402180 407645 -13241 8599 -3639
61508 402153 407622 -13265 8607 -3691
61466 402143 407604 -13268 8583 -3723
61441 402131 407604 -13253 8563 -3754
61432 402143 407633 -13248 8537 -3804
61444 402194 407641 -13250 8490 -3856
61481 402210 407630 -13260 8433 -3923
61539 402261 407626 -13235 8391 -4011
61603 402297 407654 -13222 8483 -4041
61675 402329 407660 -13262 8493 -3968
61750 402358 407687 -13236 8456 -3861
61835 402422 407733 -13157 8447 -3786
61922 402485 407780 -13067 8475 -3788
62021 402545 407793 -13004 8520 -3869
62121 402595 407797 -12979 8574 -3952
62233 402668 407819 -12969 8637 -4021
62345 402726 407854 -12964 8691 -4073
62456 402763 407901 -12980 8728 -4081
62571 402817 407891 -13010 8734 -4063
62676 402842 407902 -13028 8682 -4016
62766 402867 407923 -13002 8568 -3947
62808 402850 407943 -12958 8432 -3853
62723 402760 407924 -12964 8335 -3719
62484 402600 407839 -13065 8280 -3570
62139 402359 407740 -13234 8239 -3408
61783 402151 407637 -13418 8202 -3218
61472 402007 407580 -13580 8171 -3024
61229 401899 407522 -13673 8132 -2864
61039 401818 407479 -13678 8058 -2743
60899 401757 407432 -13556 8013 -2607
60787 401688 407399 -13425 8037 -2444
60699 401651 407394 -13462 8057 -2304
60647 401643 407431 -13580 8017 -2202
60630 401650 407454 -13619 7924 -2128
60603 401624 407460 -13716 7860 -2001
60561 401587 407438 -14043 7833 -1730
60491 401533 407385 -14408 7794 -1309
60401 401498 407368 -14711 7681 -378
60302 401442 407351 -14826 7636 34
60207 401425 407347 -14936 7573 337
60128 401414 407315 -14954 7533 515
60081 401423 407296 -14940 7542 636
60060 401444 407284 -14928 7572 682
60062 401492 407307 -14892 7604 594
60078 401527 407324 -14814 7646 390
