2025-08-20 02:48:46    绿光---红外光---红光---X轴---Y轴---Z轴
34355 256717 236607 300 15893 -3759
34377 256979 236874 236 15933 -3752
34392 257068 236993 146 15957 -3778
34400 257241 237178 161 15960 -3762
34404 257203 237162 203 15990 -3742
34417 257303 237279 216 16025 -3751
34436 257597 237546 203 16027 -3740
34440 257703 237643 169 16004 -3753
34440 257750 237739 191 15994 -3752
34450 257884 237908 257 16001 -3707
34479 258236 238297 300 15987 -3649
34509 258580 238694 348 15943 -3561
34524 258675 238808 371 15960 -3523
34520 258347 238450 294 16019 -3561
34552 258262 238333 191 16052 -3622
34588 258557 238639 115 16024 -3671
34626 258958 239056 15 15979 -3654
34644 258953 239039 -88 15976 -3589
34665 258821 238857 -78 15970 -3535
34698 258886 238887 21 15953 -3522
34717 258895 238861 100 15921 -3532
34728 258789 238721 42 15875 -3662
34717 258278 238145 84 15912 -3804
34705 257735 237521 135 15891 -3905
34706 257275 236966 141 15829 -3903
34741 256942 236503 89 15753 -3842
34764 256468 235856 10 15737 -3834
34690 255082 234311 60 15803 -3863
34561 253308 232382 169 15910 -3903
34357 251136 229958 206 15989 -3978
34099 248871 227422 100 15921 -3532
33793 246487 224720 42 15875 -3662
33564 244773 222724 84 15912 -3804
33373 243427 221202 135 15891 -3905
33158 241926 219510 141 15829 -3903
32848 239892 217188 89 15753 -3842
32581 238158 215227 10 15737 -3834
32564 238186 215072 60 15803 -3863
32642 238849 215482 169 15910 -3903
32297 236412 212616 206 15989 -3978
31682 232043 207640 332 15922 -4213
31278 229241 204415 301 15888 -4201
31112 227941 202886 213 15793 -4117
30858 225889 200575 115 15679 -4158
30555 222881 197507 82 15667 -4268
31335 223060 198404 239 15621 -4210
32833 224905 201495 451 15440 -4022
34119 224856 202859 592 15360 -3901
35295 225425 204774 654 15540 -3912
36131 227940 207741 631 15827 -4130
