2025-10-16 03:10:29    绿光---红外光---红光---X轴---Y轴---Z轴
29627 278547 238206 -2051 11116 -12214
29618 278549 238186 -1980 11161 -12245
29633 278690 238275 -2019 11183 -12245
29646 278725 238311 -2045 11177 -12215
29664 278778 238342 -2011 11172 -12203
29676 278786 238361 -1954 11178 -12202
29685 278813 238384 -1953 11167 -12185
29694 278841 238415 -2011 11135 -12167
29708 278898 238460 -2065 11135 -12175
29710 278921 238475 -2047 11145 -12132
29710 278894 238455 -2011 11142 -12120
29709 278867 238444 -2024 11147 -12140
29720 278923 238487 -1990 11126 -12152
29737 278998 238547 -1977 11150 -12177
29744 279001 238528 -2029 11195 -12176
29749 278982 238522 -2032 11170 -12185
29761 278997 238521 -2028 11162 -12181
29771 278981 238512 -2042 11167 -12188
29777 278934 238461 -2032 11122 -12182
29787 278921 238442 -2001 11110 -12135
29807 278968 238477 -1955 11135 -12104
29828 278993 238479 -1936 11152 -12117
29835 278902 238409 -1960 11168 -12150
29851 278779 238356 -1981 11166 -12184
29855 278531 238239 -1983 11129 -12215
29850 278385 238206 -1954 11131 -12230
29836 278317 238205 -1917 11150 -12218
29800 278217 238158 -1924 11142 -12210
29770 278195 238152 -1950 11169 -12235
29749 278219 238164 -1974 11136 -12208
29734 278221 238173 -1971 11071 -12161
29727 278255 238194 -1941 11063 -12177
29736 278349 238269 -1937 11078 -12219
29738 278415 238307 -1911 11088 -12265
29745 278498 238371 -1904 11053 -12313
29754 278537 238382 -1945 11053 -12351
29763 278496 238352 -1944 11073 -12347
29786 278582 238430 -1905 11045 -12326
29805 278659 238500 -1879 11035 -12304
29818 278703 238529 -1979 10994 -12256
29834 278782 238602 -1969 11007 -12284
29853 278876 238679 -1923 11014 -12294
29875 279004 238764 -1905 11032 -12290
29897 279137 238862 -1950 11081 -12282
29923 279269 238964 -1935 11085 -12265
29950 279404 239054 -1894 11100 -12258
29977 279537 239155 -1941 11107 -12268
30011 279703 239276 -1996 11077 -12267
30044 279854 239380 -1973 11103 -12203
30074 279969 239478 -1952 11103 -12182
30104 280091 239570 -1956 11091 -12196
30140 280217 239679 -1960 11107 -12217
30176 280385 239796 -1985 11129 -12226
30218 280578 239947 -1992 11135 -12228
30259 280757 240063 -1978 11135 -12224
30284 280783 240089 -2007 11132 -12218
30295 280701 240037 -2028 11130 -12207
30310 280549 239961 -2041 11119 -12185
30300 280291 239843 -2067 11114 -12169
30286 280132 239798 -2053 11124 -12165
30267 280117 239826 -2042 11134 -12163
30254 280214 239918 -2028 11170 -12173
30252 280405 240065 -2016 11155 -12132
30248 280585 240194 -2029 11132 -12065
30247 280689 240272 -2036 11154 -12089
30253 280840 240373 -2013 11183 -12125
30273 281023 240510 -1949 11220 -12151
30285 281144 240585 -1972 11232 -12167
30306 281339 240706 -2081 11234 -12128
30324 281419 240765 -2094 11251 -12114
30336 281445 240789 -2020 11229 -12143
30366 281572 240896 -1982 11199 -12165
30389 281675 240984 -1990 11192 -12149
30400 281711 241026 -2028 11184 -12132
30411 281766 241071 -2047 11206 -12145
30420 281829 241127 -2056 11229 -12128
30435 281915 241203 -2117 11205 -12132
30449 282007 241271 -2145 11197 -12137
30461 282058 241313 -2081 11195 -12111
30476 282140 241369 -2155 11201 -12121
30492 282178 241402 -2168 11226 -12083
30501 282175 241392 -2115 11239 -12055
30509 282175 241398 -2073 11241 -12071
30519 282193 241398 -2075 11242 -12092
30537 282245 241425 -2100 11273 -12077
30553 282263 241440 -2116 11275 -12042
30565 282243 241417 -2111 11243 -12043
30578 282229 241417 -2173 11279 -12011
30601 282290 241439 -2174 11283 -12006
30624 282351 241478 -2137 11281 -12019
30645 282374 241493 -2121 11283 -12018
30664 282420 241511 -2113 11278 -12036
30690 282482 241553 -2075 11288 -12050
30705 282459 241534 -2118 11292 -12028
30715 282377 241483 -2160 11292 -12015
30715 282109 241322 -2114 11295 -12022
30696 281814 241167 -2120 11266 -12011
30675 281684 241133 -2154 11261 -12004
30647 281630 241123 -2147 11265 -12006
30612 281564 241096 -2131 11278 -11989
30588 281611 241142 -2122 11298 -12007
30572 281688 241196 -2173 11297 -12055
30559 281755 241230 -2123 11299 -12079
30552 281825 241276 -2035 11306 -12105
30546 281873 241314 -2088 11287 -12130
30549 281953 241353 -2118 11261 -12124
30550 282026 241397 -2084 11260 -12078
30554 282052 241402 -2095 11265 -12043
30552 281991 241358 -2122 11255 -12039
30557 282002 241368 -2129 11225 -12059
30560 282001 241364 -2139 11231 -12096
30563 282014 241384 -2086 11246 -12098
30573 282091 241441 -2022 11245 -12079
30582 282172 241498 -2079 11241 -12097
30588 282197 241508 -2152 11243 -12083
30596 282259 241551 -2084 11272 -12053
30604 282306 241583 -2073 11277 -12062
30611 282330 241598 -2149 11251 -12044
30621 282364 241619 -2163 11264 -12028
30634 282448 241659 -2127 11266 -12039
30653 282536 241707 -2076 11257 -12063
30668 282560 241713 -2052 11256 -12069
30681 282581 241716 -2061 11246 -12069
30693 282592 241711 -2054 11285 -12075
30715 282663 241756 -2050 11294 -12068
30734 282692 241770 -2055 11287 -12063
30745 282654 241731 -2060 11292 -12068
30768 282742 241778 -2134 11275 -12047
30790 282792 241811 -2174 11262 -12023
30803 282814 241811 -2130 11263 -12013
30819 282804 241807 -2085 11253 -11997
30841 282850 241832 -2069 11240 -12007
30860 282875 241839 -2086 11267 -12031
30872 282845 241808 -2094 11273 -12036
30881 282734 241722 -2078 11260 -12033
30874 282390 241535 -2051 11282 -12039
30858 282137 241400 -2066 11271 -12038
30830 281922 241302 -2189 11293 -11995
30790 281795 241239 -2160 11266 -12002
30755 281735 241214 -2118 11273 -11984
30734 281795 241250 -2138 11280 -12017
30716 281828 241273 -2149 11278 -12047
30702 281886 241306 -2079 11295 -12073
30691 281921 241320 -2051 11324 -12113
30694 282032 241409 -2079 11314 -12089
30694 282081 241432 -2064 11263 -12060
30700 282209 241507 -2072 11256 -12032
30701 282177 241476 -2119 11248 -12018
30700 282124 241438 -2133 11214 -12048
30713 282198 241491 -2146 11215 -12063
30720 282228 241521 -2133 11237 -12104
30723 282230 241521 -2079 11225 -12143
30725 282258 241542 -2074 11218 -12140
30731 282289 241570 -2156 11250 -12133
30735 282351 241606 -2136 11226 -12116
30736 282363 241614 -2052 11192 -12126
30741 282389 241629 -2186 11213 -12094
30749 282418 241644 -2183 11168 -12087
30759 282441 241654 -2100 11179 -12089
30766 282457 241668 -2060 11228 -12088
30777 282488 241675 -2058 11221 -12097
30791 282520 241691 -2071 11217 -12108
30810 282609 241757 -2074 11237 -12088
30828 282643 241758 -2045 11248 -12071
30837 282633 241749 -2025 11240 -12073
30859 282713 241804 -2065 11240 -12064
30879 282765 241837 -2116 11244 -12039
30893 282742 241821 -2137 11222 -12041
30904 282746 241804 -2134 11212 -12074
30926 282796 241844 -2111 11215 -12103
30947 282866 241890 -2093 11199 -12117
30968 282878 241887 -2102 11204 -12123
30976 282794 241820 -2098 11220 -12152
30987 282637 241739 -2092 11192 -12161
30979 282356 241586 -2149 11179 -12151
30966 282144 241481 -2186 11209 -12163
30944 282032 241462 -2186 11207 -12118
30920 282026 241480 -2190 11169 -12081
30892 282028 241480 -2226 11163 -12100
30873 282098 241528 -2248 11173 -12120
30862 282147 241569 -2138 11181 -12147
30844 282149 241561 -2058 11206 -12164
30837 282173 241582 -2145 11210 -12154
30838 282233 241621 -2186 11194 -12152
30838 282286 241643 -2109 11186 -12153
30847 282369 241697 -2072 11154 -12147
30848 282304 241643 -2191 11165 -12060
30853 282270 241623 -2153 11193 -12090
30863 282323 241675 -2062 11202 -12111
30873 282367 241710 -2028 11212 -12098
31170 283166 242202 -2140 11254 -12040
31181 283151 242195 -2110 11271 -12038
31199 283163 242210 -2093 11276 -12032
31228 283262 242259 -2124 11290 -12030
31249 283281 242273 -2144 11285 -12034
31261 283220 242226 -2146 11270 -12034
31277 283085 242134 -2134 11301 -12057
31275 282789 241973 -2093 11325 -12041
31261 282547 241858 -2074 11294 -12012
31242 282431 241813 -2112 11259 -11998
31218 282385 241804 -2146 11290 -12004
31186 282367 241813 -2071 11304 -12042
31160 282397 241833 -2023 11302 -12082
31140 282445 241867 -2092 11296 -12103
31126 282495 241901 -2138 11293 -12078
31112 282529 241903 -2096 11286 -12057
31105 282550 241925 -2074 11245 -12058
31096 282581 241924 -2103 11215 -12053
31096 282646 241968 -2108 11217 -12050
31092 282637 241947 -2098 11228 -12068
31098 282640 241942 -2067 11237 -12092
31101 282654 241962 -2025 11259 -12076
31112 282717 242005 -2077 11274 -12059
31105 282669 241976 -2149 11299 -12024
31101 282641 241953 -2077 11315 -12056
31098 282641 241962 -2135 11300 -12092
31092 282608 241926 -2166 11273 -12082
31089 282609 241922 -2097 11260 -12074
31094 282655 241952 -2048 11270 -12085
31093 282675 241958 -2061 11269 -12072
31092 282634 241920 -2069 11254 -12052
31089 282603 241888 -2074 11261 -12052
31100 282634 241910 -2099 11258 -12065
31105 282648 241906 -2133 11242 -12055
31119 282668 241917 -2125 11239 -12040
31128 282699 241930 -2104 11253 -12044
31137 282710 241930 -2113 11270 -12049
31148 282710 241913 -2104 11293 -12047
31159 282714 241905 -2087 11298 -12047
31169 282681 241875 -2082 11282 -12057
31181 282667 241849 -2079 11280 -12058
31185 282599 241788 -2091 11289 -12064
31197 282546 241753 -2090 11286 -12070
31207 282525 241737 -2152 11271 -12017
31215 282463 241678 -2154 11254 -12008
31231 282452 241663 -2111 11280 -12026
31236 282383 241609 -2116 11286 -12043
31234 282239 241497 -2151 11287 -12056
31252 282207 241474 -2136 11275 -12033
31258 281983 241355 -2124 11245 -12005
31268 281928 241384 -2177 11264 -11989
31303 282217 241652 -2209 11279 -12025
31236 281757 241311 -2147 11314 -12064
31153 281279 241025 -2115 11414 -11987
31138 281413 241136 -2265 11031 -12143
31120 281416 241148 -2308 10896 -12189
31110 281486 241190 -2130 11176 -12062
31143 281819 241450 -2031 11140 -12169
31197 282195 241755 -2126 11174 -12216
31246 282437 241979 -2236 11204 -12183
31320 282861 242388 -2238 11310 -12214
31405 283212 242745 -2186 11386 -12218
31469 283381 242985 -2116 11358 -12140
31481 283271 242998 -2172 11458 -12099
31462 283284 242873 -2275 11503 -12001
31220 281735 241491 -2264 11555 -11837
30962 279980 240032 -2281 11209 -11650
30763 279013 239061 -2257 10177 -11816
30579 278340 238355 -2090 10204 -11958
30473 278057 238037 -1977 11523 -11402
30388 277706 237762 -1979 11740 -11223
30281 276970 237357 -2111 11310 -11577
30310 276928 237407 -2183 11534 -11713
30352 276999 237497 -2139 10999 -12349
30415 277203 237704 -2021 10422 -12876
30537 277809 238207 -2000 10991 -12686
30732 278858 239052 -2043 11190 -12589
30943 280060 240005 -1988 10983 -12557
31116 280965 240745 -1969 10988 -12475
31278 281789 241446 -1950 11000 -12437
31414 282393 241983 -1971 11030 -12434
31553 283032 242555 -1981 11014 -12394
31680 283558 243045 -1949 11061 -12342
31789 284103 243517 -2053 11160 -12207
31841 284366 243593 -2096 11188 -12154
31732 283562 242821 -2188 11179 -12044
31538 282152 241631 -2225 10916 -11912
31467 281705 241156 -2154 10320 -11936
31473 281946 241097 -2009 10425 -12083
31450 281909 240932 -1916 11719 -11884
31467 282012 240940 -2160 12026 -11628
31436 281851 240750 -2382 11287 -11785
31299 280957 240154 -2121 11042 -12111
31220 280576 239908 -1834 10385 -12674
31179 280497 239893 -2003 11117 -12421
31154 280499 239957 -2150 11224 -12341
31179 280820 240304 -1990 11002 -12408
31235 281249 240744 -1941 11030 -12353
31285 281577 241086 -1936 10968 -12342
31331 281862 241392 -1959 10990 -12381
31384 282203 241724 -1980 11002 -12387
31421 282464 241973 -1988 11020 -12295
31458 282703 242168 -2038 10995 -12243
31474 282741 242232 -2093 11004 -12206
31490 282804 242314 -2049 11057 -12182
31511 282905 242418 -2007 11094 -12179
31533 283043 242530 -2032 11124 -12176
31549 283168 242636 -2042 11133 -12169
31548 283163 242651 -2033 11085 -12160
31495 282717 242310 -2027 10774 -12229
31428 282177 241922 -2034 10788 -12258
31424 282226 241956 -2106 11324 -12088
31442 282376 242053 -2056 11106 -12188
31439 282348 242008 -2067 11114 -12210
31434 282279 241958 -2066 11168 -12192
31445 282338 241988 -2061 11179 -12193
31464 282460 242062 -2069 11169 -12196
31483 282555 242124 -2065 11155 -12184
31508 282700 242225 -2074 11120 -12195
31528 282772 242263 -2084 11071 -12227
31540 282779 242260 -2108 11070 -12206
31559 282860 242296 -2115 11085 -12176
31585 282940 242361 -2071 11073 -12197
31602 282979 242376 -2062 11068 -12209
31621 283047 242425 -2096 11069 -12205
31644 283138 242473 -2127 11066 -12227
31676 283292 242578 -2126 11066 -12250
31695 283319 242584 -2108 11032 -12237
31697 283218 242504 -2109 11010 -12190
31704 283086 242422 -2184 11078 -12191
31710 282834 242292 -2148 11128 -12209
31704 282638 242219 -2036 11123 -12227
31693 282525 242170 -2067 11088 -12273
31664 282396 242119 -2134 11071 -12263
31633 282364 242108 -2107 11081 -12241
31617 282442 242172 -2025 11083 -12243
31602 282509 242214 -2022 11061 -12238
31586 282559 242239 -2070 11023 -12230
31574 282574 242237 -2102 11008 -12231
31569 282607 242256 -2101 11037 -12247
31570 282673 242293 -2067 11096 -12236
31578 282799 242373 -2057 11101 -12201
31595 282914 242443 -2136 11064 -12224
31592 282837 242387 -2151 11055 -12264
31594 282816 242377 -2081 11073 -12262
31602 282849 242403 -2074 11077 -12269
31608 282893 242439 -2096 11058 -12275
31612 282897 242444 -2108 11026 -12267
31608 282868 242431 -2100 11028 -12261
31615 282957 242483 -2102 11055 -12272
31627 283110 242573 -2113 11055 -12274
31638 283230 242646 -2142 11029 -12262
31641 283242 242633 -2148 11000 -12251
31648 283235 242632 -2113 11013 -12256
31643 283157 242553 -2092 11026 -12274
31630 282980 242424 -2090 10990 -12278
31619 282795 242291 -2098 10968 -12274
31600 282541 242120 -2082 10961 -12271
31588 282338 241984 -2091 10975 -12250
31588 282256 241941 -2121 11027 -12247
31601 282257 241941 -2102 11015 -12282
31612 282202 241907 -2154 10932 -12291
31614 282086 241827 -2122 10932 -12299
31612 281930 241721 -2156 10949 -12290
31631 281936 241738 -2169 10987 -12290
31656 282022 241797 -2129 10942 -12292
31677 282044 241811 -2145 10891 -12266
31693 281997 241781 -2197 10883 -12257
31717 281885 241730 -2199 10919 -12294
31722 281584 241574 -2131 10927 -12325
31702 281784 241817 -2210 10942 -12350
31707 281723 241765 -2203 10925 -12328
31713 281677 241725 -2133 10894 -12310
31739 281785 241811 -2113 10859 -12305
31763 281882 241883 -2145 10866 -12316
31773 281888 241873 -2187 10918 -12322
31779 281892 241887 -2207 10924 -12333
31789 281960 241930 -2179 10876 -12351
31807 282073 242009 -2139 10842 -12347
31821 282135 242043 -2209 10827 -12334
31834 282206 242090 -2241 10865 -12314
31849 282258 242114 -2135 10858 -12317
31863 282310 242148 -2139 10860 -12336
31889 282436 242234 -2245 10905 -12357
31915 282528 242291 -2249 10930 -12367
31934 282587 242327 -2158 10941 -12347
31950 282640 242357 -2107 10921 -12335
31967 282665 242374 -2120 10935 -12338
31989 282747 242418 -2156 10934 -12335
32010 282800 242444 -2204 10882 -12327
32035 282877 242503 -2247 10890 -12309
32058 282947 242538 -2217 10877 -12310
32081 283010 242588 -2181 10827 -12321
32116 283129 242674 -2195 10862 -12309
32136 283187 242687 -2207 10881 -12308
32156 283184 242683 -2189 10883 -12321
32168 283098 242627 -2158 10891 -12337
32176 282846 242507 -2167 10888 -12348
32174 282630 242406 -2193 10891 -12342
32171 282544 242397 -2182 10900 -12334
32158 282472 242374 -2188 10881 -12316
32143 282446 242372 -2233 10836 -12306
32134 282536 242446 -2254 10882 -12335
32125 282601 242484 -2231 10890 -12344
32118 282658 242522 -2195 10825 -12324
32113 282718 242557 -2216 10833 -12318
32120 282823 242629 -2285 10859 -12332
32140 283031 242763 -2226 10868 -12359
32157 283213 242870 -2126 10867 -12396
32177 283370 242973 -2201 10834 -12414
32191 283420 243002 -2280 10834 -12355
32206 283493 243047 -2192 10821 -12361
32229 283652 243167 -2231 10802 -12359
32263 283911 243334 -2313 10782 -12352
32293 284183 243495 -2330 10807 -12356
32330 284493 243701 -2273 10846 -12375
32366 284834 243903 -2199 10862 -12353
32397 285129 244078 -2255 10832 -12334
32419 285280 244164 -2374 10856 -12341
32415 285182 244103 -2343 10898 -12333
32412 285083 244027 -2286 10891 -12337
32414 285026 243995 -2316 10912 -12350
32416 284979 243959 -2342 10945 -12335
32423 284951 243939 -2331 10942 -12317
32422 284854 243862 -2322 10911 -12326
32426 284789 243817 -2326 10947 -12294
32431 284750 243797 -2323 10992 -12247
32441 284729 243782 -2335 10979 -12180
32454 284732 243781 -2351 10998 -12180
32463 284679 243739 -2351 11006 -12214
32469 284631 243708 -2357 11012 -12212
32480 284619 243696 -2380 11015 -12232
32489 284562 243655 -2380 10989 -12243
32505 284584 243662 -2359 10983 -12256
32512 284502 243603 -2354 10969 -12254
32512 284346 243498 -2365 10972 -12245
32520 284151 243389 -2348 11000 -12238
32508 283807 243191 -2321 10995 -12229
32496 283581 243088 -2306 10964 -12237
32483 283499 243055 -2314 10949 -12260
32465 283443 243046 -2349 10974 -12264
32444 283460 243046 -2360 11004 -12258
32434 283519 243102 -2347 10954 -12269
32435 283692 243200 -2330 10917 -12281
32444 283866 243309 -2313 10932 -12251
32451 283980 243388 -2358 10942 -12278
32450 284013 243399 -2332 10930 -12309
32445 283981 243368 -2195 10934 -12321
32451 284078 243423 -2182 10939 -12365
32448 283946 243326 -2281 10924 -12351
32441 283832 243243 -2314 10921 -12314
32446 283791 243226 -2251 10893 -12307
32447 283761 243200 -2197 10856 -12324
32449 283746 243181 -2206 10853 -12333
32459 283797 243225 -2261 10855 -12328
32464 283820 243244 -2255 10870 -12332
32470 283879 243271 -2162 10900 -12328
32477 283923 243311 -2126 10925 -12317
32488 283991 243347 -2224 10934 -12323
32498 284041 243379 -2238 10911 -12315
32504 284069 243386 -2189 10910 -12314
32511 284080 243389 -2241 10952 -12328
32517 284078 243384 -2309 10932 -12324
32530 284120 243403 -2280 10874 -12310
32548 284218 243458 -2193 10892 -12307
32562 284255 243475 -2163 10920 -12315
32575 284266 243475 -2157 10904 -12319
32586 284272 243466 -2168 10919 -12321
32603 284321 243483 -2180 10943 -12320
32623 284393 243524 -2188 10935 -12314
32640 284416 243531 -2253 10921 -12272
32647 284380 243494 -2252 10948 -12281
32661 284396 243502 -2250 10946 -12291
32681 284462 243531 -2269 10928 -12291
32704 284534 243569 -2272 10906 -12292
32716 284505 243535 -2226 10893 -12316
32726 284402 243476 -2180 10921 -12331
32728 284144 243339 -2196 10917 -12315
32717 283923 243231 -2228 10901 -12306
32700 283796 243172 -2290 10890 -12321
32673 283669 243121 -2301 10913 -12339
32653 283664 243116 -2254 10928 -12319
32638 283690 243133 -2209 10882 -12315
32617 283663 243111 -2216 10879 -12293
32600 283607 243082 -2283 10873 -12289
32586 283588 243050 -2270 10858 -12351
32587 283620 243078 -2160 10871 -12400
32582 283617 243064 -2168 10836 -12414
32574 283608 243040 -2235 10836 -12346
32568 283519 242976 -2185 10805 -12331
32560 283438 242916 -2216 10780 -12345
32556 283389 242884 -2304 10785 -12358
32556 283346 242861 -2297 10818 -12357
32547 283219 242762 -2204 10861 -12360
32529 283047 242646 -2121 10857 -12368
32502 282796 242471 -2173 10843 -12359
32452 282376 242161 -2278 10872 -12343
32388 281931 241798 -2239 10887 -12342
32211 281006 240900 -2187 10875 -12330
31898 279173 239401 -2269 10831 -12318
31573 277242 238006 -2327 10833 -12323
31383 275903 237236 -2269 10833 -12316
31404 275611 237278 -2208 10780 -12329
31354 274466 236947 -2207 10734 -12361
31271 273161 236461 -2242 10724 -12376
31310 272833 236329 -2246 10676 -12431
31412 273002 236472 -2155 10571 -12390
31583 273865 236981 -2154 10786 -12052
31859 275717 238059 -2280 11215 -11942
32220 278323 239663 -2401 11594 -12115
32557 280727 241258 -2626 11552 -12054
32836 282483 242503 -2682 9932 -12578
33008 283412 243180 -2220 9505 -12997
33016 283263 243012 -2093 10795 -12686
32852 281943 241943 -2331 10868 -12641
32596 280068 240449 -2262 10650 -12655
32377 278606 239286 -2231 10732 -12591
32183 277257 238310 -2228 10726 -12589
31984 275900 237445 -2201 10699 -12603
31856 274989 236937 -2244 10632 -12498
31909 275310 237203 -2299 10291 -12366
32090 276528 238009 -2343 9799 -12398
32122 276731 238230 -2306 10003 -12402
32076 276565 238112 -2207 10920 -12231
32129 276880 238357 -2177 11307 -12148
32272 277928 239106 -2232 11088 -12203
32447 279263 240017 -2287 11044 -12259
32643 280717 241048 -2195 11286 -12345
32815 281953 241968 -2162 11187 -12473
32966 282924 242711 -2092 9737 -12806
31615 273082 236438 -2272 11052 -12276
31607 272574 236219 -2304 11570 -12122
31705 272907 236460 -2205 11111 -12164
31845 273804 236904 -2345 11215 -12190
32084 275629 237894 -2383 11348 -12094
32361 277784 239162 -2079 10471 -12436
32571 279402 240173 -2011 9722 -12913
32727 280524 240931 -2266 10461 -12817
32854 281394 241558 -2336 10898 -12698
32946 282001 242013 -2191 10543 -12735
33006 282375 242307 -2148 10490 -12643
33052 282681 242546 -2120 10452 -12610
33084 282882 242713 -2103 10420 -12652
33113 283113 242873 -2160 10374 -12649
33112 283111 242876 -2187 10400 -12595
33061 282687 242556 -2192 10452 -12540
32995 282091 242145 -2191 10446 -12481
32968 281718 241920 -2196 10480 -12438
32946 281544 241849 -2231 10559 -12431
32915 281438 241811 -2266 10606 -12431
32877 281363 241792 -2250 10571 -12418
32834 281336 241789 -2232 10364 -12434
32803 281421 241861 -2196 10335 -12465
32779 281541 241947 -2157 10764 -12431
32761 281700 242060 -2122 10967 -12400
32744 281822 242141 -2063 10770 -12446
32727 281897 242198 -2122 10689 -12496
32719 282055 242307 -2197 10685 -12524
32718 282263 242442 -2126 10725 -12491
32722 282495 242609 -2140 10710 -12455
32715 282519 242634 -2183 10608 -12459
32712 282631 242733 -2205 10577 -12477
32728 282892 242928 -2169 10627 -12489
32758 283268 243216 -2101 10686 -12476
32794 283650 243511 -2087 10697 -12454
32801 283775 243618 -2215 10673 -12460
32800 283895 243730 -2272 10719 -12471
32797 283991 243822 -2279 10824 -12465
32797 284091 243901 -2360 10927 -12460
32796 284210 243991 -2372 10768 -12457
32790 284304 244065 -2281 10605 -12412
32789 284373 244114 -2228 10699 -12352
32784 284429 244150 -2227 10762 -12342
32780 284464 244171 -2223 10747 -12321
32772 284477 244180 -2246 10742 -12296
32768 284467 244181 -2265 10742 -12322
32761 284468 244171 -2242 10733 -12345
32751 284416 244141 -2284 10733 -12347
32751 284461 244160 -2340 10734 -12358
32756 284500 244178 -2339 10752 -12367
32749 284456 244137 -2307 10727 -12375
32745 284433 244122 -2295 10732 -12382
32740 284402 244101 -2283 10784 -12378
32744 284436 244119 -2272 10770 -12396
32740 284410 244091 -2279 10761 -12410
32732 284303 244010 -2289 10785 -12417
32723 284175 243932 -2319 10784 -12416
32715 283968 243820 -2331 10783 -12410
32692 283688 243687 -2296 10772 -12409
32661 283530 243616 -2235 10768 -12381
32625 283446 243598 -2237 10817 -12347
32582 283397 243558 -2343 10882 -12356
32544 283433 243590 -2320 10868 -12386
32514 283448 243612 -2202 10847 -12407
32481 283449 243612 -2240 10870 -12403
32453 283447 243601 -2305 10839 -12385
32432 283484 243627 -2239 10768 -12380
32417 283524 243653 -2169 10731 -12384
32388 283460 243607 -2225 10730 -12365
32377 283467 243619 -2306 10713 -12351
32361 283378 243556 -2292 10708 -12375
32352 283338 243544 -2214 10722 -12414
32342 283347 243564 -2132 10698 -12431
32339 283408 243609 -2167 10713 -12417
32336 283474 243660 -2366 10806 -12378
32324 283512 243677 -2396 10811 -12379
32320 283592 243735 -2278 10763 -12413
32318 283692 243795 -2316 10765 -12412
32320 283787 243859 -2367 10748 -12406
32318 283844 243890 -2326 10728 -12408
32318 283907 243933 -2304 10706 -12408
32322 283960 243977 -2320 10660 -12415
32322 284004 243998 -2297 10685 -12423
32332 284114 244063 -2273 10733 -12420
32339 284191 244096 -2280 10716 -12415
32344 284210 244115 -2342 10724 -12420
32349 284255 244146 -2367 10664 -12428
32355 284257 244139 -2360 10619 -12437
32354 284211 244101 -2332 10667 -12427
32356 284158 244059 -2310 10709 -12406
32357 284114 244048 -2287 10693 -12402
32362 284116 244043 -2265 10695 -12409
32367 284107 244037 -2256 10701 -12418
32378 284120 244042 -2267 10695 -12416
32389 284166 244070 -2316 10713 -12394
32400 284184 244085 -2307 10737 -12397
32407 284144 244061 -2329 10775 -12409
32416 284075 244012 -2301 10747 -12403
32407 283766 243844 -2281 10707 -12374
32390 283546 243739 -2336 10768 -12352
32375 283444 243717 -2413 10801 -12374
32349 283414 243716 -2414 10786 -12401
32331 283488 243781 -2278 10775 -12407
32317 283625 243880 -2380 10794 -12389
32312 283790 244001 -2336 10753 -12372
32304 283918 244082 -2271 10724 -12364
32301 283993 244132 -2335 10700 -12349
32296 284048 244173 -2398 10691 -12353
32295 284111 244196 -2374 10719 -12373
32299 284242 244293 -2362 10759 -12389
32296 284254 244296 -2323 10750 -12387
32291 284215 244258 -2309 10749 -12383
32305 284285 244319 -2401 10779 -12393
32312 284383 244400 -2416 10775 -12358
32315 284447 244441 -2308 10772 -12334
32312 284432 244440 -2310 10790 -12365
32313 284492 244481 -2409 10791 -12393
32319 284575 244536 -2413 10757 -12402
32326 284663 244595 -2353 10764 -12385
32332 284702 244636 -2302 10811 -12365
32329 284673 244603 -2309 10796 -12360
32346 284787 244690 -2351 10758 -12369
32359 284882 244753 -2341 10749 -12373
32365 284884 244754 -2320 10814 -12316
32377 284965 244812 -2337 10829 -12289
32391 285051 244865 -2370 10800 -12315
32407 285085 244888 -2387 10853 -12319
32424 285143 244924 -2379 10864 -12349
32439 285179 244935 -2375 10839 -12356
32453 285222 244964 -2395 10842 -12329
32475 285285 244995 -2401 10856 -12314
32491 285321 245027 -2386 10842 -12319
32510 285365 245064 -2370 10822 -12333
32524 285388 245078 -2401 10825 -12324
32546 285494 245143 -2416 10832 -12314
32578 285651 245243 -2439 10858 -12304
32601 285711 245283 -2456 10876 -12323
32611 285650 245243 -2417 10870 -12349
32620 285537 245163 -2410 10834 -12353
32624 285278 245033 -2412 10842 -12308
32611 285015 244902 -2417 10856 -12302
32601 284900 244866 -2422 10874 -12332
32582 284829 244848 -2351 10858 -12353
32556 284792 244827 -2458 10830 -12359
32539 284851 244887 -2420 10865 -12333
32526 284953 244964 -2341 10858 -12319
32509 284971 244973 -2378 10831 -12327
32494 285004 244983 -2447 10813 -12322
32483 285046 245010 -2472 10824 -12315
32486 285153 245079 -2427 10863 -12328
32478 285161 245079 -2347 10896 -12342
32479 285262 245136 -2287 10886 -12326
32486 285252 245116 -2363 10871 -12294
32486 285244 245117 -2484 10919 -12271
32496 285327 245186 -2374 10939 -12273
32499 285371 245213 -2334 10905 -12298
32502 285397 245246 -2474 10906 -12306
32502 285432 245261 -2531 10900 -12298
32512 285520 245320 -2460 10906 -12294
32519 285607 245376 -2389 10906 -12303
32523 285656 245409 -2412 10879 -12302
32524 285676 245416 -2453 10889 -12304
32533 285745 245453 -2470 10915 -12307
32544 285811 245484 -2466 10913 -12302
32557 285866 245536 -2445 10926 -12292
32573 285958 245582 -2418 10953 -12285
32590 286027 245629 -2465 10951 -12279
32600 286041 245619 -2520 10943 -12290
32612 286049 245626 -2509 10964 -12303
32630 286109 245652 -2473 10962 -12295
32835 286572 245905 -2535 10979 -12276
32843 286469 245837 -2531 10948 -12242
32843 286195 245681 -2522 10960 -12188
32844 285988 245577 -2499 10947 -12245
32848 285963 245615 -2359 10979 -12283
32843 285951 245647 -2392 11030 -12322
32829 285999 245682 -2510 11013 -12297
32815 286082 245757 -2484 10981 -12253
32808 286204 245832 -2436 10985 -12235
32800 286279 245895 -2460 10955 -12226
32787 286316 245909 -2477 10917 -12225
32774 286318 245902 -2502 11000 -12213
32771 286365 245930 -2442 11007 -12237
32763 286381 245927 -2383 11003 -12242
32760 286467 245965 -2458 11007 -12247
32754 286412 245923 -2548 11015 -12260
32745 286331 245855 -2443 11010 -12250
32742 286320 245843 -2413 11008 -12248
32743 286339 245858 -2526 10985 -12255
32739 286291 245824 -2550 10969 -12250
32732 286271 245808 -2477 10917 -12225
32729 286269 245802 -2502 11000 -12213
32724 286274 245804 -2442 11007 -12237
32717 286222 245766 -2383 11003 -12242
32679 285857 245489 -2458 11007 -12247
32588 285060 244936 -2548 11015 -12260
32477 284120 244306 -2443 11010 -12250
32376 283324 243777 -2413 11008 -12248
32280 282560 243266 -2526 10985 -12255
32173 281722 242734 -2550 10969 -12250
32090 281106 242355 -2483 10986 -12224
32044 280693 242103 -2468 10979 -12223
32032 280492 242003 -2456 10980 -12223
32030 280379 241941 -2467 10961 -12190
32014 280127 241763 -2497 10903 -12173
31978 279719 241494 -2534 10930 -12224
31939 279249 241184 -2486 10996 -12274
31900 278795 240902 -2422 10931 -12308
31853 278240 240556 -2407 10842 -12327
31795 277607 240153 -2379 10853 -12369
31735 276898 239740 -2366 10817 -12389
31660 275994 239234 -2361 10747 -12401
31515 274426 238386 -2343 10677 -12411
31194 270721 236804 -2322 10609 -12411
30929 263443 234657 -2326 10598 -12403
31559 257805 233920 -2350 10651 -12391
32527 255667 234179 -2362 10602 -12407
33670 255224 235583 -2359 10502 -12426
34820 258179 238073 -2340 10448 -12454
35614 264314 240486 -2356 10453 -12468
35866 268267 241611 -2405 10500 -12477
36019 266656 241441 -2327 10457 -12400
35793 263140 239671 -2207 10295 -12231
35449 262601 238625 -2119 9867 -12065
35276 265027 238788 -2131 9710 -12300
35350 268913 239791 -2460 10684 -12764
35493 272520 240959 -2678 11807 -12935
35549 274582 241629 -2769 12100 -12867
35555 275750 242021 -2817 11364 -12736
35399 275012 241529 -2553 9755 -12720
35019 271902 239947 -2507 9831 -12657
34622 267886 238252 -2694 10700 -12607
34447 264464 237133 -2606 10724 -12668
34532 262216 236616 -2410 10753 -12638
34811 261507 236726 -2391 10596 -12556
35232 263397 237686 -2363 10471 -12530
35668 266370 239072 -2265 10336 -12427
35720 266614 239115 -2306 10085 -12329
35583 266250 238721 -2309 9483 -12367
35652 268584 239361 -2357 10458 -12419
35790 271972 240498 -2574 11337 -12242
35938 275344 241804 -2568 11621 -12288
36054 277882 242886 -2512 11520 -12373
36109 279465 243581 -2455 11512 -12463
36143 280558 244083 -2363 10906 -12629
36103 280828 244149 -2346 9342 -12848
35970 280174 243672 -2534 9926 -12707
35686 278245 242408 -2580 10979 -12534
35401 276085 241155 -2340 10576 -12641
35213 274185 240294 -2382 10631 -12591
35178 273572 240104 -2311 10655 -12575
35296 274468 240531 -2267 10592 -12552
35530 276218 241496 -2244 10476 -12434
35663 277208 242103 -2183 9776 -12379
35650 277769 242241 -2252 9371 -12462
35724 278920 242788 -2511 10693 -12364
35871 280784 243808 -2584 11630 -12279
35889 281447 244146 -2382 10989 -12419
35935 282302 244701 -2553 11555 -12094
35968 282918 245142 -2362 10424 -12467
35979 283313 245474 -2201 9607 -12968
35964 283577 245722 -2368 10730 -12640
35959 284001 246068 -2497 11083 -12463
35934 284322 246307 -2384 10816 -12518
35868 284240 246251 -2234 10683 -12456
35737 283614 245798 -2153 10577 -12462
35619 283213 245476 -2223 10696 -12455
35544 283259 245452 -2317 10769 -12360
35478 283264 245408 -2286 10778 -12270
35422 283278 245381 -2253 10762 -12181
35376 283307 245377 -2301 10607 -12144
35330 283324 245393 -2347 10405 -12195
35290 283359 245407 -2510 10788 -12120
35248 283404 245431 -2491 11180 -12093
35211 283519 245506 -2268 11148 -12237
35171 283608 245558 -2276 11042 -12293
35127 283661 245585 -2463 10957 -12277
35092 283802 245660 -2470 10946 -12296
35066 283977 245765 -2378 10944 -12332
35029 284076 245836 -2411 10943 -12336
34989 284092 245831 -2451 10909 -12330
34959 284185 245878 -2450 10885 -12328
34932 284273 245940 -2430 10877 -12337
34900 284305 245948 -2416 10882 -12338
34872 284364 245980 -2428 10925 -12334
34847 284425 246010 -2468 10948 -12335
34823 284504 246049 -2462 10891 -12343
34797 284523 246052 -2428 10934 -12292
34768 284509 246031 -2436 10885 -12288
34743 284556 246060 -2440 10862 -12298
34722 284614 246085 -2427 10903 -12283
34704 284674 246122 -2442 10926 -12245
34692 284828 246220 -2465 10900 -12232
34673 284864 246231 -2440 10867 -12260
34647 284812 246184 -2382 10901 -12279
34614 284694 246110 -2417 10953 -12263
34582 284432 245979 -2483 10990 -12233
34537 284200 245874 -2520 10984 -12233
34479 284013 245806 -2521 10981 -12259
34406 283890 245746 -2470 10974 -12261
34327 283799 245715 -2461 10967 -12234
34241 283722 245662 -2497 10965 -12234
34160 283688 245633 -2515 11020 -12261
34092 283713 245649 -2385 10984 -12299
34025 283698 245646 -2299 10915 -12334
33964 283672 245614 -2407 10933 -12336
33916 283693 245626 -2436 10887 -12315
33861 283723 245627 -2401 10850 -12290
33824 283838 245691 -2455 10871 -12254
33778 283771 245651 -2492 10861 -12248
33730 283735 245617 -2472 10878 -12266
33695 283734 245616 -2432 10926 -12294
33650 283698 245592 -2368 10939 -12291
33609 283709 245607 -2364 10948 -12270
33574 283768 245642 -2441 10979 -12249
33530 283766 245655 -2420 10985 -12249
33488 283781 245671 -2400 10938 -12281
33452 283824 245682 -2453 10932 -12295
33410 283816 245675 -2447 10933 -12289
33380 283838 245690 -2424 10899 -12280
33362 283959 245768 -2390 10892 -12282
33338 284043 245822 -2365 10886 -12291
33307 284054 245820 -2406 10903 -12297
33281 284050 245819 -2447 10919 -12297
33247 283979 245764 -2428 10928 -12290
33221 283962 245738 -2352 10969 -12272
33203 283979 245749 -2305 10969 -12269
33191 284020 245778 -2338 10944 -12280
33172 284009 245758 -2379 10903 -12291
33149 283977 245732 -2398 10887 -12303
33144 284077 245797 -2391 10904 -12311
33130 284100 245800 -2380 10899 -12313
33115 284047 245766 -2373 10892 -12327
33101 283963 245709 -2384 10875 -12342
33086 283744 245604 -2418 10861 -12334
33044 283403 245413 -2438 10892 -12327
32994 283160 245310 -2422 10916 -12297
32929 282981 245211 -2384 10856 -12276
32864 282897 245180 -2382 10838 -12261
32808 282933 245212 -2411 10893 -12268
32761 283020 245266 -2435 10918 -12313
32712 283078 245289 -2348 10885 -12361
32663 282996 245258 -2313 10869 -12370
32605 282850 245161 -2431 10872 -12344
32563 282770 245110 -2433 10858 -12325
32530 282773 245124 -2360 10862 -12310
32514 282866 245176 -2441 10806 -12270
32481 282749 245104 -2539 10692 -12318
32463 282712 245081 -2503 10738 -12353
32447 282706 245079 -2332 10844 -12359
32426 282678 245065 -2296 10892 -12339
32409 282719 245090 -2431 10883 -12337
32385 282701 245078 -2489 10856 -12341
32363 282691 245072 -2376 10841 -12329
32352 282750 245118 -2373 10824 -12346
32334 282822 245154 -2461 10822 -12332
32322 282846 245167 -2388 10782 -12329
32312 282901 245199 -2384 10786 -12338
32308 283001 245254 -2445 10771 -12348
32300 283041 245268 -2484 10733 -12356
32294 283076 245292 -2471 10738 -12356
32291 283104 245304 -2445 10777 -12347
32293 283147 245325 -2422 10809 -12356
32297 283227 245380 -2430 10813 -12367
32307 283319 245427 -2453 10800 -12352
32311 283355 245452 -2460 10791 -12339
32321 283463 245510 -2468 10809 -12344
32327 283493 245532 -2463 10799 -12347
32329 283471 245509 -2444 10785 -12360
32332 283425 245471 -2459 10794 -12357
32347 283388 245463 -2504 10794 -12351
32339 283089 245308 -2473 10810 -12352
32318 282883 245210 -2419 10799 -12339
32294 282776 245179 -2456 10801 -12315
32256 282685 245156 -2497 10839 -12311
32225 282748 245192 -2515 10867 -12339
32199 282816 245259 -2399 10855 -12365
32174 282881 245289 -2303 10806 -12380
32154 282966 245340 -2407 10809 -12360
32140 283038 245388 -2435 10839 -12339
32134 283160 245471 -2356 10834 -12337
32116 283156 245449 -2327 10807 -12332
32110 283223 245478 -2398 10764 -12332
32103 283210 245477 -2473 10768 -12340
32102 283221 245465 -2481 10804 -12360
32111 283293 245525 -2442 10817 -12371
32114 283343 245563 -2365 10824 -12354
32116 283382 245587 -2405 10808 -12343
32121 283485 245651 -2496 10829 -12328
32126 283570 245705 -2412 10873 -12312
32128 283658 245766 -2381 10879 -12324
32137 283796 245856 -2492 10866 -12327
32145 283903 245921 -2522 10883 -12308
32148 283955 245950 -2436 10882 -12292
32159 284052 246010 -2376 10872 -12298
32174 284161 246083 -2465 10924 -12286
32189 284261 246134 -2509 10913 -12298
32195 284281 246144 -2472 10870 -12305
32204 284305 246162 -2450 10885 -12317
32218 284356 246182 -2489 10895 -12331
32230 284375 246192 -2516 10872 -12328
32242 284429 246225 -2514 10858 -12318
32259 284484 246257 -2487 10868 -12311
32280 284566 246311 -2469 10892 -12313
32306 284677 246381 -2458 10882 -12313
32321 284684 246381 -2445 10850 -12291
32331 284634 246328 -2475 10862 -12292
32347 284535 246280 -2521 10895 -12321
32347 284237 246116 -2485 10876 -12330
32339 284047 246038 -2430 10859 -12312
32322 283984 246030 -2435 10887 -12256
32299 283979 246058 -2469 10920 -12242
32273 283990 246069 -2464 10924 -12269
32251 284029 246107 -2373 10894 -12298
32228 284062 246115 -2394 10896 -12312
32210 284074 246117 -2491 10894 -12267
32199 284098 246132 -2446 10870 -12241
32187 284130 246146 -2367 10873 -12270
32185 284194 246186 -2419 10865 -12300
32183 284270 246229 -2509 10855 -12309
32181 284253 246207 -2525 10858 -12323
32178 284195 246154 -2504 10878 -12345
32182 284198 246169 -2441 10876 -12357
32188 284237 246200 -2388 10874 -12346
32195 284282 246229 -2477 10863 -12353
32197 284314 246240 -2392 10852 -12313
32197 284325 246251 -2375 10892 -12331
32203 284407 246302 -2516 10894 -12343
32214 284493 246362 -2499 10856 -12341
32215 284501 246350 -2391 10849 -12321
32223 284565 246382 -2371 10851 -12311
32236 284636 246424 -2387 10837 -12322
32240 284645 246423 -2392 10843 -12344
32252 284689 246441 -2392 10866 -12342
32261 284699 246444 -2432 10897 -12346
32268 284658 246413 -2437 10879 -12339
32278 284643 246387 -2414 10875 -12332
32297 284711 246426 -2399 10904 -12328
32314 284764 246453 -2389 10886 -12320
32329 284792 246461 -2386 10911 -12307
32343 284773 246435 -2398 10920 -12301
32354 284704 246381 -2396 10893 -12307
32370 284725 246391 -2356 10859 -12312
32371 284668 246319 -2354 10816 -12310
32316 284223 245904 -2435 10866 -12298
31939 281081 243514 -2474 10900 -12302
31252 275549 239987 -2398 10833 -12368
30876 271549 238076 -2439 10562 -12516
30890 270598 237741 -2458 9987 -12098
30793 268146 237188 -2463 9857 -11429
30874 266477 237092 -2501 10167 -11705
31096 266267 237278 -2382 10834 -12410
31320 266317 237620 -2378 11401 -12719
31457 266128 237718 -2504 11092 -12984
31613 266934 237985 -2558 10864 -13160
31834 269215 238768 -2514 10352 -13101
32129 272543 240026 -2426 9668 -13120
32428 275593 241317 -2455 10124 -12986
32610 277274 242090 -2462 10486 -12846
32713 278278 242566 -2366 10351 -12904
32777 278992 242923 -2415 10314 -12917
32801 279278 243047 -2481 10280 -12827
32641 277877 242204 -2478 10347 -12706
32391 275646 240969 -2400 10313 -12635
32232 273896 240061 -2361 10215 -12528
32154 272392 239509 -2430 9843 -12346
32184 271861 239416 -2398 9488 -12379
32308 272419 239729 -2381 10252 -12430
32390 272470 239945 -2499 11191 -12246
32374 271786 239702 -2453 10966 -12252
32492 272359 239954 -2288 10849 -12188
32633 273338 240322 -2351 10566 -12401
32773 274541 240762 -2413 9941 -12924
32903 275733 241248 -2398 10390 -12910
32999 276576 241615 -2278 10480 -12799
33088 277391 241985 -2362 10494 -12798
33171 278182 242361 -2391 10392 -12770
33152 277900 242165 -2328 10324 -12682
32943 275789 241069 -2304 10284 -12617
32759 273952 240075 -2253 10255 -12485
32691 272632 239498 -2195 9768 -12357
32719 271802 239323 -2184 9349 -12511
32868 272595 239678 -2239 10433 -12615
33127 274731 240641 -2278 11078 -12435
33223 275141 241022 -2362 11123 -12400
33124 273816 240419 -2355 11229 -12258
33157 273643 240378 -2237 9443 -12792
33247 274279 240649 -2344 9520 -12974
33312 275070 240865 -2382 10838 -12598
33423 276746 241491 -2226 10605 -12665
33533 278518 242267 -2131 10478 -12706
33613 279982 243006 -2149 10373 -12744
33671 281022 243622 -2163 10280 -12816
33709 281769 244104 -2193 10222 -12723
33732 282325 244499 -2196 10248 -12648
33753 282826 244873 -2254 10335 -12611
33765 283192 245128 -2282 10377 -12580
33777 283558 245407 -2251 10390 -12535
33779 283766 245560 -2298 10406 -12512
33777 283942 245707 -2414 10450 -12480
33782 284202 245927 -2366 10508 -12448
33784 284403 246074 -2311 10527 -12472
33773 284466 246137 -2388 10533 -12474
33745 284398 246095 -2449 10449 -12462
33716 284333 246067 -2449 10403 -12459
33708 284512 246186 -2409 10590 -12426
33712 284733 246346 -2372 10776 -12398
33703 284806 246397 -2375 10706 -12413
33679 284763 246360 -2444 10570 -12443
33661 284757 246350 -2517 10588 -12452
33659 284883 246430 -2503 10689 -12424
33664 285052 246531 -2443 10780 -12382
33673 285220 246645 -2431 10818 -12357
33677 285350 246728 -2457 10751 -12358
33675 285420 246756 -2469 10690 -12386
33674 285491 246805 -2448 10694 -12409
33693 285687 246929 -2434 10723 -12392
33706 285842 247043 -2450 10753 -12368
33711 285916 247093 -2485 10741 -12376
33715 286013 247157 -2507 10714 -12398
33722 286073 247191 -2490 10726 -12404
33734 286231 247283 -2503 10704 -12399
33745 286376 247361 -2546 10684 -12382
33737 286306 247296 -2566 10697 -12371
33713 286071 247141 -2577 10684 -12351
33701 285876 247022 -2515 10647 -12328
33700 285736 246966 -2468 10681 -12357
33678 285613 246910 -2459 10869 -12372
33648 285514 246875 -2357 10848 -12394
33606 285447 246838 -2344 10734 -12425
33566 285421 246828 -2442 10751 -12433
33534 285442 246836 -2465 10749 -12422
33503 285466 246855 -2430 10738 -12333
33480 285555 246910 -2414 10695 -12333
33463 285621 246947 -2476 10714 -12339
33440 285647 246959 -2515 10741 -12374
33417 285631 246955 -2463 10699 -12415
33389 285584 246915 -2385 10719 -12400
33377 285646 246944 -2415 10776 -12351
33366 285671 246968 -2512 10810 -12333
33359 285731 247003 -2444 10809 -12357
33347 285730 246999 -2508 10762 -12378
33333 285746 247013 -2547 10768 -12369
33322 285771 247034 -2476 10776 -12358
33313 285853 247074 -2420 10796 -12335
33307 285948 247144 -2442 10785 -12338
33302 286012 247176 -2475 10755 -12369
33287 286006 247168 -2492 10750 -12373
33276 286021 247164 -2490 10775 -12359
33265 286013 247153 -2477 10814 -12358
33277 286189 247222 -2528 10714 -12388
33277 286180 247204 -2539 10726 -12390
33276 286099 247142 -2535 10709 -12377
33280 286087 247131 -2544 10680 -12382
33279 286031 247085 -2509 10743 -12375
33273 285929 247015 -2498 10746 -12358
33274 285836 246959 -2501 10741 -12362
33265 285510 246775 -2527 10747 -12379
33246 285196 246612 -2510 10737 -12369
33226 285050 246563 -2412 10774 -12370
33207 284992 246554 -2409 10784 -12387
33177 284937 246536 -2457 10750 -12374
33155 284952 246542 -2489 10700 -12358
33136 285000 246582 -2478 10682 -12356
33118 285017 246584 -2453 10681 -12369
33109 285093 246631 -2488 10683 -12383
33103 285171 246674 -2534 10704 -12400
33093 285185 246682 -2500 10699 -12433
33086 285226 246706 -2392 10690 -12434
33087 285317 246755 -2403 10744 -12420
33086 285325 246762 -2526 10797 -12386
33094 285392 246805 -2466 10722 -12404
33105 285491 246881 -2557 10734 -12395
33109 285572 246925 -2600 10718 -12395
33113 285621 246963 -2525 10708 -12400
33114 285697 247005 -2470 10675 -12393
33113 285724 247018 -2499 10622 -12394
33104 285699 246999 -2563 10654 -12399
33108 285764 247045 -2588 10728 -12410
33116 285844 247096 -2569 10760 -12427
33120 285860 247112 -2502 10759 -12382
33117 285867 247103 -2445 10771 -12358
33131 285972 247175 -2477 10766 -12368
33146 286050 247215 -2540 10775 -12374
33160 286121 247255 -2556 10798 -12362
33178 286228 247314 -2550 10796 -12359
33201 286324 247382 -2530 10755 -12358
33213 286342 247371 -2507 10767 -12351
33228 286398 247401 -2513 10815 -12336
33245 286457 247450 -2511 10744 -12336
33340 286004 247268 -2562 10824 -12391
33319 285966 247258 -2553 10821 -12347
33301 285984 247262 -2474 10784 -12330
33292 286121 247355 -2496 10724 -12335
33291 286277 247460 -2570 10669 -12345
33284 286348 247493 -2604 10656 -12347
33271 286352 247495 -2590 10739 -12339
33266 286419 247540 -2484 10786 -12338
33270 286512 247595 -2439 10786 -12344
33269 286573 247646 -2574 10788 -12354
33263 286562 247631 -2642 10796 -12324
33253 286449 247557 -2493 10813 -12292
33253 286451 247564 -2472 10829 -12305
33267 286574 247651 -2609 10859 -12310
33280 286675 247724 -2637 10863 -12299
33288 286760 247794 -2552 10824 -12305
33296 286864 247872 -2477 10798 -12327
33303 286944 247911 -2505 10800 -12341
33308 287007 247958 -2569 10787 -12348
33320 287132 248045 -2603 10776 -12364
33332 287263 248131 -2642 10796 -12324
33354 287451 248251 -2493 10813 -12292
33366 287542 248311 -2472 10829 -12305
33380 287619 248361 -2609 10859 -12310
33390 287648 248368 -2637 10863 -12299
33397 287666 248386 -2552 10824 -12305
33416 287767 248448 -2477 10798 -12327
33425 287753 248434 -2505 10800 -12341
33435 287747 248418 -2569 10787 -12348
33449 287768 248432 -2603 10776 -12364
33460 287761 248426 -2525 10838 -12307
33475 287813 248439 -2533 10757 -12333
33483 287772 248412 -2581 10744 -12333
33495 287757 248398 -2559 10806 -12327
33506 287788 248412 -2542 10805 -12337
33529 287922 248490 -2558 10780 -12352
33556 288077 248588 -2555 10745 -12352
33570 288116 248593 -2584 10743 -12356
33578 288052 248532 -2606 10783 -12370
33580 287898 248439 -2575 10775 -12365
33572 287576 248249 -2584 10755 -12362
33568 287425 248190 -2610 10743 -12365
33559 287376 248195 -2626 10766 -12356
33527 287253 248113 -2652 10787 -12354
33497 287198 248081 -2671 10785 -12363
33472 287227 248097 -2668 10770 -12355
33457 287299 248156 -2630 10717 -12345
33443 287327 248167 -2617 10702 -12320
33426 287335 248177 -2708 10769 -12312
33417 287346 248181 -2559 10820 -12325
33403 287307 248156 -2577 10789 -12363
33391 287280 248144 -2655 10736 -12373
33400 287401 248226 -2600 10710 -12359
33406 287431 248242 -2563 10705 -12345
33409 287472 248285 -2604 10685 -12348
33414 287484 248289 -2635 10653 -12359
33409 287428 248258 -2633 10642 -12381
33414 287509 248314 -2595 10648 -12407
33424 287619 248385 -2553 10692 -12420
33425 287641 248399 -2534 10732 -12382
33428 287672 248410 -2579 10745 -12374
33439 287772 248463 -2618 10761 -12382
33454 287902 248546 -2506 10684 -12394
33486 288098 248668 -2523 10636 -12419
33515 288263 248773 -2654 10656 -12408
33547 288425 248868 -2641 10673 -12388
33578 288575 248963 -2576 10679 -12377
33606 288680 249013 -2559 10622 -12390
33619 288677 249006 -2595 10612 -12403
33636 288694 249000 -2631 10649 -12403
33653 288716 248995 -2615 10697 -12409
33667 288736 248986 -2570 10704 -12427
33688 288772 248997 -2592 10679 -12426
33695 288717 248945 -2642 10706 -12403
33708 288722 248933 -2651 10688 -12390
33720 288720 248901 -2637 10671 -12378
33731 288707 248886 -2629 10684 -12372
33747 288737 248898 -2640 10688 -12367
33753 288690 248847 -2649 10708 -12349
33760 288604 248779 -2639 10760 -12322
33765 288544 248739 -2654 10809 -12301
33784 288473 248716 -2689 10777 -12305
33779 288207 248562 -2690 10786 -12299
33772 288040 248500 -2650 10834 -12295
33754 287911 248430 -2617 10878 -12291
33723 287791 248368 -2672 10890 -12283
33701 287798 248376 -2729 10874 -12289
33690 287880 248442 -2666 10875 -12279
33672 287854 248434 -2594 10871 -12255
33652 287812 248391 -2663 10891 -12252
33644 287833 248415 -2591 10865 -12284
33629 287727 248347 -2562 10833 -12303
33567 287175 247984 -2657 10859 -12326
33449 286200 247355 -2675 10889 -12324
33315 285197 246684 -2623 10900 -12292
33210 284436 246163 -2612 10888 -12274
33208 284372 246168 -2640 10851 -12281
33344 285337 246910 -2667 10812 -12260
33587 287173 248186 -2669 10930 -12308
33536 286775 247794 -2631 10766 -12359
33485 286547 247628 -2695 10683 -12295
33535 286964 247887 -2815 10808 -12219
33614 287606 248297 -2725 11044 -12196
33666 287986 248543 -2636 11324 -12141
33748 288555 248967 -2712 11614 -12047
33845 289164 249422 -2821 11836 -11857
33940 289676 249816 -2764 11021 -12062
34014 289978 250071 -2523 10090 -12401
34054 289989 250122 -2579 10754 -12177
34082 289969 250127 -2677 11150 -12090
33971 288837 249284 -2595 11009 -12205
33770 286954 247973 -2632 11116 -12173
33674 286194 247396 -2694 11122 -12171
33669 286345 247391 -2669 11145 -12187
33703 286744 247615 -2615 11115 -12166
33813 287720 248295 -2597 11055 -12084
33957 288937 249089 -2627 10935 -11979
33975 289141 249164 -2577 10436 -12050
33892 288311 248629 -2533 10058 -12214
33900 288366 248648 -2685 11078 -12112
33911 288403 248670 -2723 11902 -11958
33919 288312 248638 -2553 11550 -11987
33955 288332 248736 -2555 11528 -12011
33987 288388 248857 -2662 11999 -11721
34020 288517 249039 -2551 10868 -11968
34054 288764 249287 -2437 9707 -12571
34087 289056 249557 -2632 10863 -12259
34099 289172 249674 -2651 11328 -12025
34022 288647 249271 -2501 10968 -12165
33859 287355 248343 -2579 10974 -12166
33736 286443 247673 -2547 10972 -12205
33689 286319 247498 -2447 11082 -12294
33629 286033 247235 -2508 11081 -12326
33579 285757 247008 -2557 11062 -12279
33576 285795 247029 -2515 11067 -12223
33659 286373 247499 -2516 10838 -12108
33891 288020 248804 -2489 10227 -12155
33925 288226 248844 -2613 10425 -12215
33890 288035 248736 -2603 11462 -12105
33863 287706 248551 -2469 11061 -12182
33892 288010 248723 -2547 11256 -12114
33919 288209 248866 -2673 11425 -12138
33952 288456 249055 -2650 11749 -12168
34007 288882 249370 -2525 12350 -11938
34057 289247 249634 -2397 11120 -11791
34096 289471 249807 -2326 9545 -12102
34140 289720 250006 -2563 10622 -12019
34175 289918 250138 -2399 11100 -11997
34197 289968 250189 -2399 11204 -11984
34208 289935 250170 -2478 11148 -11985
34219 289927 250165 -2470 11176 -12044
34226 289903 250121 -2442 11206 -12070
34204 289610 249901 -2463 11195 -12050
34168 289210 249607 -2502 11188 -12039
34153 289047 249470 -2509 11170 -12052
34145 288941 249370 -2511 11143 -12055
34147 288911 249321 -2549 11139 -12037
34149 288861 249264 -2561 11083 -12035
34147 288755 249167 -2514 10872 -12122
34132 288519 248993 -2516 10935 -12150
34109 288088 248720 -2577 11234 -12062
34072 287668 248469 -2553 11228 -12077
34042 287434 248351 -2540 11151 -12126
34014 287337 248298 -2600 11152 -12121
33982 287305 248271 -2597 11138 -12122
33956 287385 248306 -2541 11136 -12117
33936 287472 248364 -2546 11108 -12122
33905 287463 248345 -2511 11070 -12137
33875 287411 248280 -2424 11102 -12166
33850 287383 248254 -2455 11128 -12210
33837 287441 248280 -2492 11100 -12225
33819 287448 248266 -2414 11047 -12240
33816 287526 248307 -2386 10990 -12242
33801 287437 248235 -2491 10938 -12233
33788 287371 248187 -2542 10915 -12237
33788 287376 248209 -2488 10943 -12244
33785 287396 248215 -2421 10975 -12261
33777 287401 248219 -2384 10972 -12274
33769 287379 248195 -2401 10932 -12270
33766 287411 248211 -2502 10913 -12287
33765 287459 248237 -2505 10907 -12296
33764 287513 248277 -2395 10900 -12284
33770 287599 248323 -2453 10907 -12292
33768 287627 248331 -2556 10877 -12315
33763 287585 248301 -2503 10869 -12332
33767 287621 248314 -2419 10896 -12317
33771 287646 248323 -2412 10884 -12300
33767 287612 248293 -2471 10880 -12303
33773 287604 248277 -2486 10837 -12324
33782 287632 248293 -2451 10826 -12340
33785 287608 248276 -2423 10848 -12337
33787 287566 248226 -2452 10851 -12330
33794 287542 248207 -2519 10801 -12335
33806 287557 248218 -2529 10796 -12338
33812 287502 248172 -2486 10821 -12337
33815 287448 248136 -2503 10814 -12329
33822 287360 248077 -2508 10734 -12322
33827 287105 247947 -2499 10761 -12329
33814 286800 247772 -2505 10806 -12343
33794 286552 247661 -2491 10783 -12337
33769 286387 247578 -2463 10758 -12312
33737 286291 247513 -2481 10799 -12306
33721 286327 247548 -2539 10794 -12336
33710 286403 247594 -2481 10798 -12379
33689 286394 247583 -2389 10802 -12420
33673 286350 247538 -2470 10765 -12404
33663 286349 247548 -2381 10747 -12382
33652 286350 247528 -2372 10694 -12378
33645 286355 247533 -2456 10638 -12390
33648 286441 247571 -2549 10640 -12387
33647 286403 247548 -2534 10692 -12389
33651 286389 247537 -2410 10682 -12419
33655 286391 247543 -2345 10688 -12415
33652 286366 247524 -2418 10707 -12405
33654 286382 247534 -2507 10716 -12400
33651 286350 247514 -2433 10697 -12391
33649 286338 247501 -2421 10699 -12400
33650 286361 247514 -2531 10734 -12399
33647 286333 247495 -2542 10734 -12392
33641 286289 247452 -2476 10666 -12391
33647 286302 247454 -2410 10622 -12396
33655 286346 247478 -2431 10644 -12402
33661 286350 247476 -2465 10641 -12415
33670 286398 247503 -2443 10653 -12418
33685 286419 247517 -2402 10703 -12396
33693 286436 247520 -2414 10722 -12373
33708 286461 247540 -2431 10688 -12386
33719 286469 247528 -2433 10669 -12407
33733 286475 247541 -2449 10648 -12419
33752 286536 247576 -2472 10634 -12415
33733 285865 247253 -2465 10598 -12469
33729 285922 247284 -2433 10571 -12452
33732 285995 247333 -2380 10555 -12439
33738 286050 247353 -2398 10591 -12436
33746 286159 247427 -2459 10561 -12450
33755 286239 247465 -2448 10584 -12450
33761 286194 247434 -2373 10587 -12449
33772 286209 247449 -2359 10595 -12444
33791 286300 247509 -2487 10598 -12453
33802 286349 247542 -2476 10579 -12460
33807 286335 247529 -2365 10603 -12455
33809 286338 247534 -2400 10656 -12446
33805 286313 247508 -2514 10626 -12444
33809 286335 247518 -2539 10553 -12443
33815 286372 247540 -2471 10570 -12439
33821 286386 247547 -2400 10616 -12441
33829 286405 247555 -2400 10610 -12446
33836 286408 247550 -2454 10636 -12445
33845 286416 247554 -2448 10607 -12444
33852 286442 247557 -2397 10588 -12453
33872 286510 247594 -2382 10656 -12438
33884 286551 247609 -2433 10679 -12418
33906 286622 247650 -2448 10624 -12436
33922 286671 247665 -2439 10604 -12443
33937 286705 247690 -2455 10636 -12444
33960 286788 247738 -2455 10617 -12454
33975 286797 247734 -2445 10586 -12450
33994 286800 247746 -2465 10557 -12447
34012 286812 247744 -2464 10565 -12453
34019 286578 247616 -2405 10554 -12447
34016 286318 247482 -2387 10557 -12437
34015 286213 247455 -2452 10596 -12432
33996 286109 247402 -2521 10576 -12444
33982 286109 247409 -2470 10565 -12464
33973 286187 247456 -2386 10587 -12499
33964 286258 247515 -2452 10592 -12532
33959 286325 247535 -2477 10555 -12508
33952 286337 247540 -2364 10521 -12484
33944 286333 247542 -2324 10501 -12483
33958 286482 247638 -2412 10493 -12478
33956 286543 247664 -2477 10450 -12476
33962 286615 247701 -2449 10436 -12484
33958 286536 247644 -2389 10500 -12490
33969 286569 247669 -2354 10537 -12496
33984 286673 247748 -2466 10575 -12498
33994 286722 247792 -2416 10559 -12479
34000 286773 247820 -2276 10576 -12452
34004 286808 247839 -2348 10576 -12455
34014 286924 247909 -2472 10533 -12476
34021 286972 247934 -2449 10503 -12475
34023 286953 247927 -2354 10540 -12459
34028 286990 247938 -2307 10547 -12453
34035 287050 247971 -2363 10497 -12458
34045 287115 248007 -2447 10595 -12470
34061 287208 248052 -2417 10625 -12460
34070 287253 248068 -2410 10550 -12470
34079 287257 248071 -2411 10534 -12474
34087 287247 248053 -2410 10546 -12468
34100 287283 248070 -2432 10513 -12459
34125 287397 248142 -2453 10512 -12451
34150 287505 248200 -2454 10531 -12452
34164 287509 248191 -2446 10575 -12450
34190 287623 248268 -2448 10551 -12482
34217 287747 248332 -2486 10590 -12475
34233 287744 248316 -2514 10583 -12481
34239 287669 248261 -2477 10552 -12483
34250 287576 248195 -2435 10514 -12470
34260 287347 248065 -2459 10519 -12463
34259 287133 247979 -2502 10552 -12460
34259 287088 247974 -2395 10514 -12487
34239 286988 247925 -2314 10509 -12530
34204 286841 247820 -2437 10543 -12536
34180 286842 247841 -2485 10546 -12487
34166 286927 247890 -2388 10562 -12438
34150 286921 247890 -2311 10555 -12453
34133 286906 247863 -2357 10498 -12476
34118 286894 247856 -2432 10468 -12471
34105 286888 247865 -2404 10528 -12481
34089 286844 247807 -2318 10541 -12503
34086 286889 247833 -2266 10484 -12502
34077 286821 247788 -2320 10550 -12472
34076 286821 247777 -2429 10636 -12446
34080 286831 247797 -2395 10616 -12443
34077 286834 247801 -2325 10585 -12464
34073 286823 247786 -2419 10569 -12470
34075 286846 247793 -2490 10553 -12461
34070 286831 247790 -2394 10549 -12457
34069 286861 247797 -2319 10513 -12464
34076 286911 247834 -2369 10495 -12475
34073 286923 247845 -2386 10533 -12473
34068 286878 247804 -2377 10541 -12477
34069 286847 247781 -2407 10511 -12492
34072 286872 247799 -2436 10519 -12500
34083 286945 247838 -2429 10553 -12499
34095 286994 247862 -2417 10578 -12491
34123 287183 247992 -2449 10573 -12484
34167 287536 248224 -2445 10547 -12496
34187 287699 248281 -2411 10601 -12499
34176 287595 248132 -2424 10617 -12522
34193 287683 248153 -2442 10480 -12580
34270 288199 248477 -2444 10447 -12525
34289 288127 248391 -2517 10748 -12369
34282 287957 248265 -2585 10491 -12318
34309 287985 248291 -2530 10291 -12378
34349 288075 248362 -2446 10797 -12270
34383 288112 248409 -2447 10809 -12320
34444 288243 248567 -2505 10819 -12325
34507 288398 248761 -2575 10859 -12348
34570 288620 249035 -2464 10917 -12408
34614 288824 249261 -2356 11011 -12457
34658 289091 249533 -2397 10955 -12419
34678 289238 249649 -2417 10843 -12205
34584 288556 249121 -2376 10399 -12032
34354 286968 247948 -2301 9720 -12136
34236 286098 247356 -2478 10668 -12171
34280 286705 247722 -2579 12179 -11797
34350 287506 248236 -2370 11510 -11955
34324 287464 248132 -2218 10912 -12046
34241 287037 247765 -2250 10401 -12213
34172 286606 247454 -2428 10412 -12487
34158 286545 247395 -2445 11107 -12359
34170 286646 247464 -2317 10949 -12408
34202 286922 247640 -2378 10882 -12393
34250 287294 247895 -2443 10858 -12418
34277 287470 248035 -2382 10902 -12453
34303 287624 248165 -2311 10800 -12438
34327 287746 248273 -2286 10679 -12395
34212 286859 247629 -2344 10528 -12258
33927 284851 246216 -2344 9783 -12232
33716 283115 245036 -2347 9728 -12467
33621 282339 244516 -2428 11310 -12332
33590 282069 244409 -2332 11757 -12145
33656 282349 244654 -2279 10976 -12370
33830 283444 245391 -2403 11155 -12438
33920 283861 245777 -2428 11539 -12070
33889 283561 245601 -2297 10194 -12404
33832 282999 245215 -2235 9523 -12911
33880 283173 245355 -2376 10683 -12610
33943 283501 245530 -2353 10842 -12552
34023 284018 245822 -2261 10570 -12613
34173 285091 246478 -2304 10514 -12528
34339 286317 247234 -2308 10514 -12612
34463 287183 247793 -2302 10500 -12614
34557 287806 248209 -2318 10490 -12570
34627 288192 248501 -2372 10511 -12530
34685 288370 248659 -2477 10546 -12494
34715 288372 248727 -2399 10569 -12478
34729 288379 248802 -2264 10564 -12477
34733 288450 248897 -2322 10570 -12475
34722 288518 248970 -2379 10575 -12458
34715 288638 249081 -2358 10611 -12463
34708 288814 249218 -2323 10655 -12468
34708 288967 249348 -2343 10627 -12446
34709 289106 249436 -2444 10621 -12413
34708 289223 249533 -2519 10687 -12399
34701 289309 249599 -2490 10735 -12421
34683 289247 249558 -2385 10676 -12437
34660 289115 249468 -2353 10619 -12399
34647 289001 249383 -2460 10739 -12343
34626 288843 249257 -2434 10758 -12344
