2025-10-16 03:10:29    绿光---红外光---红光---X轴---Y轴---Z轴
21052 112421 144925 13674 8212 1666
21056 112426 144933 13686 8218 1661
21058 112435 144935 13701 8223 1654
21059 112436 144937 13676 8224 1654
21062 112444 144943 13627 8225 1656
21067 112449 144948 13621 8236 1666
21065 112447 144943 13629 8244 1690
21064 112446 144930 13605 8244 1706
21063 112447 144917 13593 8243 1724
21067 112448 144920 13592 8252 1760
21073 112460 144929 13579 8268 1792
21079 112467 144941 13583 8278 1799
21084 112474 144941 13597 8279 1788
21089 112488 144951 13585 8275 1793
21096 112497 144957 13567 8274 1796
21100 112504 144954 13562 8273 1796
21109 112521 144963 13557 8261 1813
21115 112536 144985 13550 8245 1850
21124 112547 144991 13556 8238 1895
21124 112547 144974 13576 8231 1905
21125 112549 144961 13594 8215 1914
21135 112552 144984 13611 8210 1913
21136 112540 144994 13635 8213 1870
21126 112522 144990 13665 8207 1828
21112 112503 144973 13681 8204 1796
21103 112499 144963 13679 8209 1777
21097 112497 144968 13685 8218 1771
21096 112499 144969 13681 8217 1772
21094 112506 144974 13660 8212 1775
21097 112509 144986 13646 8218 1799
21101 112530 145000 13648 8242 1866
21104 112538 145003 13703 8244 1790
21101 112533 144991 13742 8233 1747
21108 112541 144998 13743 8226 1747
21112 112550 145007 13704 8216 1740
21115 112557 145012 13675 8203 1730
21114 112558 145005 13667 8194 1721
21118 112561 145011 13675 8195 1728
21120 112568 145018 13705 8206 1750
21120 112573 145021 13665 8230 1806
21123 112587 145034 13658 8229 1821
21129 112595 145039 13669 8229 1828
21134 112597 145042 13663 8226 1834
21137 112606 145045 13644 8225 1846
21141 112620 145049 13620 8231 1852
21141 112622 145042 13607 8235 1854
21145 112631 145042 13605 8235 1867
21152 112643 145049 13598 8235 1872
21157 112646 145046 13599 8253 1892
21157 112651 145041 13596 8277 1929
21163 112658 145037 13594 8276 1907
21169 112670 145051 13604 8261 1871
21175 112683 145053 13587 8251 1862
21176 112683 145043 13563 8248 1866
21178 112685 145031 13563 8250 1892
21180 112676 145042 13582 8250 1896
21172 112656 145027 13590 8247 1894
21155 112619 144992 13578 8247 1925
21140 112596 144973 13559 8252 1953
21130 112585 144963 13546 8257 1972
21112 112552 144915 13541 8248 1964
21101 112530 144878 13530 8243 1942
21090 112499 144830 13528 8248 1952
21077 112455 144762 13556 8247 1970
21069 112434 144724 13588 8242 1961
21064 112415 144693 13600 8243 1929
21060 112392 144655 13600 8244 1909
21059 112382 144643 13606 8247 1900
21061 112384 144634 13615 8254 1911
21062 112376 144632 13563 8240 1967
21057 112374 144619 13563 8240 1937
21052 112366 144604 13569 8243 1911
21053 112372 144620 13561 8238 1911
21058 112388 144637 13565 8237 1930
21062 112392 144643 13577 8238 1943
21067 112401 144655 13585 8242 1948
21073 112412 144655 13582 8245 1949
21079 112427 144677 13584 8244 1953
21080 112437 144677 13548 8246 1992
21084 112450 144694 13540 8234 1987
21095 112484 144729 13553 8229 1981
21106 112499 144750 13569 8235 1976
21108 112517 144757 13578 8237 1963
21106 112505 144720 13586 8231 1947
21098 112499 144679 13601 8234 1941
21105 112521 144696 13615 8244 1947
21111 112536 144718 13599 8253 1946
21113 112537 144703 13570 8262 1945
21116 112541 144696 13554 8271 1956
21126 112564 144724 13551 8269 1960
21139 112591 144747 13534 8266 1957
21137 112591 144727 13502 8269 1965
21129 112564 144679 13486 8267 1962
21127 112549 144662 13505 8260 1941
21119 112520 144660 13522 8253 1940
21108 112500 144658 13521 8253 1941
21096 112491 144660 13534 8260 1914
21082 112474 144642 13541 8269 1888
21071 112463 144623 13534 8286 1908
21065 112464 144626 13556 8295 1937
21065 112467 144628 13597 8291 1926
21065 112468 144631 13601 8287 1906
21062 112473 144639 13586 8276 1881
21068 112486 144657 13567 8265 1869
21067 112489 144651 13544 8258 1872
21065 112488 144648 13533 8253 1867
21067 112488 144643 13528 8248 1855
21070 112495 144645 13529 8255 1839
21069 112493 144644 13546 8270 1911
21067 112502 144650 13565 8270 1889
21069 112515 144665 13579 8277 1876
21072 112526 144677 13592 8284 1886
21072 112528 144670 13573 8281 1904
21073 112535 144683 13532 8271 1912
21077 112548 144697 13525 8269 1914
21078 112549 144688 13535 8266 1915
21083 112560 144703 13537 8260 1912
21086 112568 144704 13528 8297 1960
21085 112567 144688 13533 8290 1958
21091 112576 144687 13545 8283 1957
21098 112592 144702 13560 8289 1964
21105 112609 144718 13552 8294 1963
21113 112626 144734 13534 8289 1952
21116 112635 144734 13523 8277 1937
21122 112648 144741 13503 8273 1926
21133 112670 144761 13472 8273 1935
21136 112678 144762 13464 8293 1969
21136 112680 144743 13492 8298 1942
21143 112694 144757 13514 8299 1906
21148 112709 144774 13513 8294 1898
21158 112724 144786 13520 8289 1914
21162 112731 144780 13514 8290 1926
21165 112731 144782 13477 8293 1940
21164 112716 144781 13460 8300 1952
21152 112690 144765 13479 8292 1935
21135 112660 144741 13482 8292 1929
21121 112648 144735 13478 8312 1964
21110 112638 144728 13500 8320 1992
21101 112638 144725 13539 8314 1985
21096 112637 144722 13563 8315 1956
21096 112642 144733 13552 8316 1938
21094 112635 144730 13513 8306 1933
21095 112647 144739 13468 8289 1933
21094 112661 144741 13459 8279 1937
21100 112712 144792 13456 8280 1940
21071 112822 144826 13456 8287 1937
21028 112972 144846 13493 8318 1946
21009 112826 144692 13537 8337 1928
21027 112932 144804 13550 8327 1884
21015 112882 144751 13550 8321 1884
21019 112917 144782 13640 8299 1845
21013 112904 144754 13465 8358 1972
21014 112924 144769 13334 8394 2052
21017 112925 144773 13440 8342 1960
21020 112933 144770 13431 8329 1987
21020 112941 144780 13399 8326 2019
21023 112952 144782 13380 8358 2048
21024 112949 144775 13380 8348 2010
21026 112962 144776 13410 8344 1993
21031 112970 144783 13412 8338 1983
21036 112983 144795 13406 8338 1976
21039 112992 144800 13394 8345 1985
21044 113009 144806 13375 8346 1987
21052 113024 144824 13367 8344 1976
21056 113036 144828 13374 8341 1968
21057 113036 144819 13392 8355 1978
21062 113046 144829 13392 8372 2005
21072 113069 144850 13383 8366 2001
21076 113076 144851 13384 8360 1982
21080 113082 144851 13392 8364 1985
21081 113082 144839 13375 8367 1988
21084 113082 144847 13348 8369 1983
21082 113068 144844 13365 8373 1960
21072 113050 144851 13370 8374 1921
21059 113030 144837 13353 8371 1899
21044 113016 144831 13361 8394 1934
21035 113009 144830 13377 8429 1990
21028 113008 144832 13398 8433 1979
21023 113009 144833 13420 8419 1932
21021 113009 144824 13416 8395 1909
21020 113007 144834 13398 8378 1912
21022 113016 144833 13384 8368 1917
21020 113019 144817 13385 8359 1906
21019 113014 144814 13395 8358 1886
21019 113018 144816 13404 8367 1886
21019 113020 144813 13419 8383 1911
21020 113020 144821 13414 8412 1940
21018 113024 144828 13408 8420 1955
21014 113020 144816 13403 8397 1965
21015 113019 144820 13383 8377 1968
21018 113028 144830 13383 8361 1953
21019 113026 144823 13385 8341 1934
21018 113032 144819 13384 8326 1921
21021 113037 144826 13400 8326 1912
21023 113040 144824 13424 8332 1896
21022 113047 144825 13441 8339 1863
21030 113061 144838 13451 8378 1908
21030 113062 144828 13456 8368 1894
21032 113068 144827 13457 8358 1877
21035 113072 144821 13446 8347 1850
21035 113071 144812 13444 8348 1838
21039 113074 144812 13455 8358 1860
21046 113085 144815 13455 8366 1892
21048 113092 144815 13442 8370 1903
21053 113096 144813 13423 8372 1919
21060 113103 144816 13366 8394 1994
21063 113108 144808 13352 8375 1987
21065 113111 144812 13352 8357 1965
21071 113116 144812 13350 8347 1947
21071 113124 144806 13367 8342 1930
21075 113134 144806 13386 8339 1915
21080 113142 144819 13409 8336 1896
21086 113146 144808 13435 8330 1881
21086 113146 144793 13441 8331 1883
21089 113144 144801 13439 8352 1911
21091 113135 144810 13434 8369 1939
21084 113116 144811 13423 8357 1929
21067 113091 144794 13418 8344 1935
21053 113072 144783 13418 8346 1962
21038 113064 144774 13439 8349 1960
21031 113057 144775 13464 8350 1951
21026 113052 144770 13461 8355 1942
21024 113055 144775 13438 8362 1932
21023 113065 144778 13408 8358 1925
21024 113062 144783 13394 8350 1919
21024 113065 144776 13396 8355 1920
21021 113062 144759 13403 8354 1905
21022 113064 144764 13437 8351 1890
21023 113060 144749 13463 8357 1876
21020 113063 144748 13458 8358 1862
21017 113058 144746 13459 8353 1870
21016 113054 144737 13463 8349 1899
21011 113042 144719 13463 8358 1920
21008 113042 144715 13455 8367 1933
21009 113050 144722 13427 8363 1943
21009 113048 144719 13422 8388 1988
21013 113050 144719 13414 8372 1958
21010 113043 144708 13420 8355 1934
21008 113038 144688 13409 8348 1928
21001 113023 144644 13407 8349 1915
20995 112998 144601 13422 8346 1912
20992 112981 144572 13419 8345 1917
20992 112969 144551 13398 8343 1915
20992 112964 144533 13380 8343 1930
20996 112966 144522 13401 8378 1972
20997 112970 144523 13402 8372 1959
21003 112980 144525 13403 8363 1947
21007 112986 144525 13406 8363 1950
21007 112987 144511 13413 8365 1958
21009 112983 144504 13411 8367 1949
21015 112992 144505 13386 8365 1947
21018 112998 144500 13375 8366 1973
21020 113006 144496 13368 8365 1994
21024 113010 144499 13356 8378 2010
21029 113020 144495 13360 8405 2039
21030 113024 144491 13341 8410 2053
21047 113058 144539 13303 8382 2039
21076 113130 144650 13267 8361 2040
21075 113114 144647 13268 8371 2071
21031 112996 144467 13325 8394 2082
20974 112897 144291 13374 8451 2061
20937 112807 144172 13387 8480 2084
20905 112750 144066 13409 8444 2070
20884 112716 143997 13351 8424 2035
20882 112707 144000 13329 8431 2071
20888 112728 144024 13362 8411 2050
20898 112754 144060 13311 8371 1988
20906 112785 144098 13315 8357 1955
20924 112833 144173 13393 8365 1951
20904 112719 144042 13470 8374 1949
20844 112465 143758 13487 8361 1926
20823 112377 143675 13460 8353 1930
20828 112456 143760 13398 8388 1963
20817 112527 143777 13326 8389 2025
20822 112610 143844 13318 8357 2089
20890 112806 144135 13394 8334 1987
20953 112988 144375 13479 8326 1941
20937 112906 144260 13471 8332 2025
20910 112832 144119 13392 8325 2010
20900 112797 144060 13411 8339 1938
20887 112768 143999 13360 8416 2047
20885 112745 143963 13394 8450 2113
20882 112741 143935 13447 8398 2031
20878 112721 143899 13370 8363 2059
20884 112720 143903 13338 8367 2114
20890 112741 143926 13333 8346 2070
20899 112761 143954 13366 8341 2020
20913 112805 144004 13405 8331 1991
20929 112856 144077 13433 8322 1989
20938 112851 144081 13456 8323 1985
20923 112741 143967 13438 8324 1990
20898 112630 143841 13384 8335 2019
20898 112674 143888 13338 8357 2040
20932 112875 144079 13286 8370 2140
20948 113003 144170 13357 8332 2061
20973 113087 144265 13524 8312 1921
21060 113279 144569 13500 8328 1942
21041 113173 144404 13365 8328 1941
21030 113096 144326 13416 8344 1844
21007 113036 144251 13418 8400 1994
20980 112972 144164 13498 8418 2079
20948 112899 144088 13569 8395 1939
20937 112882 144068 13498 8381 1927
20925 112868 144050 13485 8373 1961
20913 112853 144035 13448 8354 1939
20913 112860 144038 13457 8325 1879
20909 112862 144038 13484 8318 1857
20910 112857 144023 13482 8318 1860
20908 112860 144012 13481 8322 1874
20907 112864 144016 13499 8325 1873
20916 112890 144053 13505 8324 1858
20929 112936 144113 13508 8323 1863
20943 112979 144193 13490 8317 1896
20955 113004 144248 13439 8334 1952
20953 112975 144232 13398 8348 1976
20946 112950 144217 13378 8348 1974
20958 112988 144297 13345 8357 1974
20969 113032 144343 13314 8361 2008
20963 113016 144323 13381 8346 1975
20964 113012 144331 13445 8339 1916
20972 113026 144357 13416 8351 1946
20969 113031 144344 13398 8355 1966
20969 113025 144330 13425 8356 1937
20978 113047 144353 13465 8392 1924
20985 113064 144379 13427 8366 1908
20987 113060 144368 13403 8357 1920
20992 113074 144383 13390 8363 1931
21000 113090 144405 13366 8364 1927
21002 113097 144401 13379 8362 1901
21007 113104 144409 13407 8362 1880
21018 113125 144425 13388 8360 1901
21019 113134 144425 13367 8365 1921
21025 113140 144429 13369 8392 1931
21032 113154 144445 13351 8399 1930
21043 113163 144459 13339 8387 1915
21044 113168 144450 13351 8396 1906
21044 113166 144439 13373 8393 1879
21046 113167 144436 13390 8386 1855
21050 113160 144449 13406 8391 1876
21043 113141 144443 13413 8401 1909
21028 113119 144423 13414 8399 1902
21011 113098 144418 13420 8394 1881
21001 113086 144412 13400 8414 1927
20990 113074 144407 13369 8387 1929
20983 113070 144394 13333 8365 1923
20972 113050 144378 13307 8359 1919
20973 113046 144370 13307 8361 1909
20974 113053 144373 13350 8369 1915
20975 113063 144380 13396 8375 1920
20970 113054 144364 13399 8377 1907
20970 113051 144350 13387 8379 1904
20970 113046 144341 13367 8402 1964
20967 113044 144335 13335 8396 1959
20968 113042 144334 13296 8395 1949
20964 113036 144327 13268 8393 1936
20960 113031 144315 13276 8392 1917
20958 113030 144311 13308 8396 1913
20958 113038 144313 13331 8390 1903
20960 113041 144321 13353 8395 1891
20961 113050 144329 13377 8417 1876
20963 113054 144330 13385 8439 1885
20964 113054 144329 13379 8462 1924
20969 113067 144337 13359 8463 1933
20968 113059 144317 13343 8459 1913
20966 113057 144304 13329 8466 1902
20968 113062 144299 13322 8466 1893
20973 113071 144309 13325 8466 1892
20980 113079 144319 13328 8464 1894
20985 113091 144328 13337 8462 1886
20987 113096 144321 13341 8465 1889
20988 113100 144313 13320 8456 1909
20990 113098 144308 13305 8466 1951
20998 113113 144313 13292 8472 1981
21001 113117 144317 13249 8452 1987
21006 113124 144316 13211 8432 1971
21008 113125 144306 13205 8420 1961
21013 113126 144313 13237 8432 1991
21015 113121 144334 13282 8457 2002
21008 113104 144328 13298 8466 1983
20991 113079 144312 13285 8455 1968
20982 113065 144310 13258 8443 1965
20969 113059 144303 13243 8449 1994
20961 113051 144300 13241 8447 2014
20958 113055 144295 13232 8429 1988
20959 113058 144302 13230 8440 1962
20960 113059 144305 13236 8454 1948
20962 113065 144315 13248 8457 1953
20957 113063 144293 13258 8456 1950
20954 113054 144277 13250 8447 1928
20957 113056 144277 13243 8438 1921
20960 113066 144289 13239 8432 1922
20964 113067 144286 13301 8501 1930
20960 113061 144280 13339 8505 1919
20957 113057 144272 13345 8502 1915
20953 113053 144275 13326 8490 1924
20957 113060 144284 13324 8478 1918
20958 113065 144289 13330 8468 1899
20957 113067 144274 13314 8456 1886
20957 113062 144274 13299 8440 1878
20959 113068 144269 13278 8429 1880
20985 113111 144239 13291 8481 1902
20993 113123 144246 13313 8481 1876
20998 113128 144244 13311 8455 1828
21000 113129 144239 13310 8461 1824
21002 113128 144229 13336 8467 1829
21005 113125 144244 13364 8468 1817
21006 113117 144257 13377 8475 1806
20990 113091 144238 13370 8476 1804
20975 113065 144221 13353 8469 1820
20961 113051 144207 13334 8456 1826
20949 113045 144205 13317 8466 1847
20943 113037 144190 13288 8462 1860
20939 113035 144180 13248 8437 1840
20938 113032 144180 13249 8433 1825
20939 113041 144186 13278 8433 1835
20939 113042 144187 13274 8443 1858
20938 113045 144179 13256 8459 1872
20938 113050 144176 13258 8467 1889
20944 113049 144174 13265 8468 1926
20936 113044 144158 13270 8486 1969
20941 113051 144129 13229 8561 2008
20943 113055 144126 13194 8537 1994
20948 113057 144124 13181 8511 1990
20949 113058 144118 13175 8503 1985
20952 113058 144113 13173 8506 1976
20955 113066 144111 13176 8509 1978
20958 113067 144106 13169 8516 1982
20961 113069 144098 13167 8519 1988
20965 113074 144091 13170 8519 1992
20968 113082 144098 13188 8544 1989
20973 113087 144097 13200 8556 1984
20982 113099 144108 13181 8540 1970
20983 113103 144103 13156 8532 1977
20983 113092 144081 13135 8528 2000
20988 113089 144074 13142 8536 2012
20987 113075 144087 13165 8549 2021
20981 113059 144077 13188 8542 2016
20964 113034 144061 13200 8527 2003
20954 113016 144057 13191 8532 1999
20942 113015 144046 13189 8556 1997
20936 113017 144052 13222 8579 1987
20938 113025 144059 13241 8556 1968
20936 113020 144047 13222 8522 1951
20933 113019 144045 13226 8524 1964
20936 113032 144054 13273 8526 1982
20934 113026 144045 13317 8510 1974
20933 113024 144036 13317 8486 1936
20937 113028 144034 13289 8462 1910
20938 113024 144029 13262 8454 1919
20938 113024 144032 13252 8442 1919
20939 113014 144019 13265 8446 1915
20937 113012 144014 13265 8451 1914
20939 113016 144020 13268 8449 1924
20937 113015 144017 13307 8464 1941
20941 113028 144025 13328 8474 1932
20939 113024 144027 13321 8474 1920
20941 113025 144015 13318 8466 1935
20939 113029 144005 13316 8463 1956
20943 113038 144009 13311 8460 1958
20946 113040 144017 13294 8455 1948
20949 113037 143994 13288 8483 1983
20952 113035 143986 13285 8466 1977
20959 113042 143995 13282 8450 1966
20960 113044 143986 13269 8441 1948
20964 113042 143978 13269 8447 1943
20968 113053 143977 13264 8458 1949
20974 113060 143971 13243 8465 1966
20976 113065 143978 13230 8469 1993
20985 113074 143988 13235 8472 2013
20987 113077 143985 13249 8533 2040
20994 113087 143987 13236 8515 2028
21002 113103 144008 13238 8494 2012
21009 113114 144010 13235 8496 2001
21008 113116 144003 13239 8499 1977
21015 113116 144002 13252 8502 1967
21020 113116 144018 13255 8517 1989
21014 113093 144004 13249 8513 1988
21002 113076 143990 13240 8500 1971
20989 113063 143986 13248 8512 1981
20983 113062 143994 13275 8521 1984
20977 113055 143980 13273 8500 1950
20973 113055 143976 13249 8482 1939
20970 113052 143966 13254 8494 1970
20973 113057 143969 13296 8521 1986
20975 113063 143967 13341 8543 1974
20975 113055 143956 13330 8534 1956
20968 113041 143928 13270 8508 1958
20964 113033 143914 13222 8480 1975
20966 113026 143904 13212 8471 1980
20961 113021 143884 13215 8482 1983
20958 113003 143862 13214 8485 1989
20948 112970 143809 13227 8478 2003
20924 112890 143694 13256 8486 2034
20875 112739 143496 13275 8496 2029
20833 112613 143306 13267 8511 2018
20800 112531 143179 13252 8512 2028
20792 112537 143164 13219 8487 2036
20795 112617 143216 13182 8476 2042
20836 112770 143396 13168 8474 2046
20929 113062 143779 13176 8503 2066
20925 113018 143677 13178 8525 2085
20932 112937 143601 13167 8519 2068
20917 112903 143525 13197 8514 2028
20892 112860 143422 13222 8498 2016
20898 112865 143441 13213 8481 2020
20934 112946 143569 13247 8473 2015
20955 113004 143638 13291 8461 1999
20969 113046 143688 13344 8436 1931
20998 113106 143794 13431 8468 1884
20990 113023 143708 13153 8659 2231
20951 112878 143523 13280 8564 2044
20930 112835 143442 13213 8531 2063
20913 112855 143390 13204 8507 2070
20889 112858 143327 13157 8489 2027
20901 112918 143387 13206 8486 2007
20951 113035 143579 13257 8496 2014
20993 113141 143757 13246 8504 2027
21025 113243 143931 13178 8535 2126
21030 113246 143951 13228 8499 2069
21030 113166 143915 13299 8450 1937
20989 113077 143741 13271 8425 1970
20947 112988 143586 13203 8417 2045
20923 112934 143502 13217 8419 2039
20939 112964 143559 13332 8441 1953
20950 112987 143585 13442 8458 1860
20948 112988 143585 13385 8497 1888
20962 113029 143645 13247 8548 2123
20982 113065 143721 13279 8511 2158
20959 112968 143595 13284 8471 2028
20926 112857 143460 13223 8464 2036
20922 112889 143476 13239 8452 2043
20913 112930 143464 13277 8460 2011
20892 112924 143429 13311 8461 1964
20944 113044 143634 13305 8465 1954
20996 113148 143823 13292 8489 1993
21018 113164 143882 13251 8524 2086
21034 113168 143926 13189 8534 2224
21045 113207 143956 13244 8481 2121
21042 113187 143918 13361 8463 1929
21024 113150 143833 13329 8493 1998
21024 113128 143806 13212 8476 2108
21020 113099 143757 13143 8470 2089
21005 113054 143666 13136 8504 2023
21004 113040 143654 13150 8582 2298
21012 113054 143668 13222 8601 2274
21011 113056 143657 13275 8542 1941
21017 113074 143671 13261 8528 1922
21030 113116 143726 13274 8533 1931
21046 113147 143774 13285 8559 1966
21055 113163 143794 13273 8535 1949
21062 113153 143793 13280 8533 1935
21054 113092 143731 13289 8536 1942
21055 113095 143726 13265 8529 1968
21063 113139 143764 13221 8517 1986
21065 113150 143757 13180 8506 1996
21064 113138 143759 13150 8503 2015
21075 113139 143804 13139 8506 2038
21070 113130 143810 13167 8569 2096
21053 113105 143778 13182 8538 2047
21042 113101 143781 13232 8522 1965
21042 113109 143797 13260 8547 1981
21034 113111 143799 13245 8566 2048
21035 113112 143803 13248 8562 2032
21035 113122 143821 13292 8543 1967
21038 113128 143828 13322 8515 1943
21042 113146 143855 13298 8479 1956
21049 113164 143881 13266 8467 1990
21050 113173 143884 13241 8492 2016
21059 113193 143915 13231 8503 2004
21071 113226 143962 13243 8488 1975
21080 113246 143993 13265 8494 1960
21082 113238 143997 13269 8513 1960
21084 113242 143996 13255 8532 1972
21079 113231 143981 13251 8557 1988
21072 113223 143958 13258 8568 1992
21072 113223 143952 13260 8581 1996
21075 113222 143957 13245 8599 2022
21073 113222 143954 13223 8625 2086
21074 113214 143939 13202 8630 2109
21072 113205 143916 13175 8593 2075
21070 113184 143890 13137 8563 2082
21070 113184 143891 13117 8553 2094
21074 113186 143884 13104 8550 2071
21073 113180 143876 13094 8553 2039
21077 113190 143872 13103 8563 2031
21080 113197 143875 13121 8564 2030
21082 113193 143864 13134 8556 2010
21087 113199 143871 13153 8568 1998
21091 113209 143872 13170 8584 1983
21094 113207 143856 13161 8572 1970
21095 113209 143856 13158 8559 1975
21100 113217 143866 13163 8559 1967
21103 113217 143858 13181 8563 1950
21104 113218 143849 13201 8561 1919
21104 113212 143838 13222 8553 1894
21109 113215 143850 13239 8557 1894
21107 113202 143854 13242 8567 1908
21098 113182 143841 13267 8582 1929
21083 113154 143820 13262 8564 1934
21069 113139 143806 13218 8549 1938
21063 113129 143807 13195 8566 1984
21056 113130 143803 13224 8587 2026
21051 113138 143809 13247 8590 2036
21051 113140 143817 13234 8582 2054
21054 113145 143826 13204 8564 2071
21051 113137 143814 13181 8539 2067
21049 113130 143794 13166 8521 2052
21047 113129 143795 13152 8522 2040
21049 113134 143794 13136 8515 2012
21046 113129 143787 13147 8504 1994
21045 113126 143782 13188 8516 1999
21043 113124 143775 13221 8535 1985
21043 113126 143784 13224 8551 1974
21043 113127 143788 13221 8569 1978
21045 113129 143792 13217 8574 2003
21043 113138 143796 13190 8570 2023
21045 113134 143789 13177 8571 2036
21043 113133 143776 13180 8590 2076
21042 113130 143777 13162 8597 2088
21045 113133 143776 13152 8587 2056
21047 113142 143774 13187 8596 2030
21052 113149 143782 13209 8601 2021
21054 113148 143778 13194 8599 2033
21054 113157 143779 13177 8598 2049
21061 113169 143794 13159 8586 2058
21067 113177 143801 13143 8579 2074
21070 113180 143798 13135 8576 2090
21075 113187 143803 13150 8584 2096
21078 113192 143801 13133 8552 2083
21077 113186 143784 13137 8526 2049
21081 113187 143775 13153 8528 2032
21086 113192 143774 13159 8539 2037
21088 113194 143770 13156 8549 2040
21088 113194 143768 13151 8557 2039
21093 113203 143768 13144 8565 2040
21094 113197 143763 13131 8573 2051
21100 113206 143785 13139 8599 2107
21099 113193 143789 13126 8588 2112
21087 113173 143772 13103 8577 2093
21076 113156 143763 13093 8583 2095
21066 113145 143762 13119 8605 2121
21055 113133 143747 13146 8623 2123
21052 113134 143748 13155 8632 2090
21047 113131 143750 13166 8626 2065
21041 113126 143735 13159 8611 2056
21039 113117 143718 13110 8596 2080
21039 113124 143732 13095 8575 2077
21037 113123 143723 13095 8557 2074
21029 113112 143696 13106 8567 2072
21029 113106 143690 13120 8571 2074
21029 113104 143697 13145 8572 2050
21026 113103 143689 13168 8573 2026
21025 113098 143679 13181 8560 2042
21020 113078 143655 13172 8547 2059
21011 113056 143616 13149 8562 2059
21003 113034 143587 13159 8593 2062
21000 113026 143577 13180 8608 2070
20995 113026 143562 13150 8594 2065
20993 113026 143560 13125 8577 2065
20996 113035 143564 13128 8579 2075
21000 113041 143575 13128 8592 2070
21000 113042 143571 13143 8588 2070
21005 113048 143573 13169 8580 2069
21005 113050 143565 13164 8578 2072
21005 113048 143560 13144 8567 2072
21007 113059 143562 13191 8582 2081
21014 113065 143567 13179 8554 2083
21015 113068 143565 13144 8533 2093
21015 113070 143543 13118 8525 2109
21014 113061 143529 13121 8525 2102
21015 113055 143514 13135 8535 2079
21015 113050 143496 13137 8546 2088
21013 113041 143477 13116 8548 2092
21010 113019 143432 13085 8551 2084
21005 112995 143396 13092 8582 2107
20995 112961 143324 13119 8618 2121
20977 112901 143218 13133 8623 2119
20970 112860 143172 13156 8613 2098
20961 112821 143138 13163 8581 2054
20939 112764 143076 13151 8556 2046
20919 112725 143039 13143 8565 2070
20907 112708 143032 13162 8582 2089
20893 112692 143015 13196 8588 2076
20882 112685 143006 13202 8571 2056
20877 112671 142996 13182 8574 2095
20868 112656 142975 13162 8546 2102
20868 112647 142969 13128 8512 2073
20866 112650 142969 13123 8504 2044
20863 112638 142951 13145 8516 2045
20855 112626 142926 13177 8543 2059
20858 112628 142931 13223 8560 2048
20858 112627 142935 13232 8562 2035
20857 112625 142936 13205 8564 2050
20855 112618 142925 13190 8564 2087
20852 112611 142916 13208 8575 2119
20848 112607 142913 13194 8567 2113
20847 112604 142906 13147 8547 2096
20848 112607 142914 13128 8546 2105
20850 112609 142920 13124 8545 2114
20849 112607 142914 13134 8544 2119
20847 112606 142902 13146 8547 2113
20849 112603 142895 13157 8552 2091
20848 112602 142883 13176 8553 2079
20851 112603 142882 13167 8560 2096
20853 112604 142881 13167 8593 2123
20854 112605 142877 13175 8599 2123
20859 112613 142881 13168 8576 2101
20863 112623 142898 13170 8568 2090
20868 112630 142901 13172 8571 2098
20870 112629 142890 13174 8582 2117
20875 112635 142893 13157 8584 2139
20879 112646 142902 13131 8577 2144
20886 112657 142911 13124 8572 2134
20889 112660 142915 13120 8565 2126
20895 112673 142908 13126 8605 2150
20892 112660 142894 13123 8603 2144
20893 112657 142877 13148 8614 2138
20896 112659 142883 13149 8607 2119
20902 112663 142872 13139 8602 2111
20898 112656 142853 13139 8602 2107
20902 112643 142848 13138 8580 2102
20897 112625 142841 13131 8566 2085
20885 112593 142812 13114 8577 2098
20864 112553 142781 13200 8618 2125
20851 112535 142762 13216 8605 2104
20840 112523 142757 13194 8579 2082
20831 112513 142752 13164 8555 2089
20825 112507 142745 13157 8536 2085
20819 112494 142724 13159 8521 2048
20813 112484 142703 13157 8514 2018
20805 112464 142681 13176 8519 2010
20798 112449 142653 13206 8540 2009
20793 112431 142616 13232 8570 2022
20785 112407 142579 13231 8605 2026
20785 112396 142568 13214 8610 2018
20780 112383 142546 13211 8580 2033
20776 112364 142517 13208 8566 2041
20769 112347 142496 13197 8573 2030
20760 112330 142468 13181 8575 2024
20753 112311 142444 13163 8562 2026
20753 112310 142441 13152 8552 2039
20751 112312 142441 13147 8551 2056
20756 112314 142445 13151 8554 2078
20757 112323 142443 13179 8576 2104
20760 112327 142446 13191 8581 2102
20760 112331 142452 13181 8561 2077
20767 112338 142464 13171 8556 2077
20771 112348 142465 13143 8550 2099
20775 112347 142461 13132 8547 2105
20775 112355 142463 13155 8551 2082
20781 112360 142467 13170 8550 2056
20787 112370 142470 13164 8551 2048
20789 112372 142463 13162 8566 2056
20786 112372 142452 13193 8617 2098
20786 112374 142436 13175 8595 2093
20783 112361 142403 13157 8581 2082
20757 112252 142256 13138 8576 2094
20702 112036 141973 13117 8572 2116
20655 111874 141762 13106 8592 2136
20626 111778 141633 13139 8593 2105
20591 111691 141503 13182 8554 2068
20572 111650 141425 13197 8544 2080
20579 111718 141495 13193 8575 2108
20620 111941 141731 13160 8578 2140
20713 112319 142182 13112 8522 2130
20852 112782 142786 13088 8476 2115
20917 112951 143031 13222 8474 2090
20902 112825 142932 13465 8528 1971
20915 112828 142978 13323 8650 1983
20888 112779 142899 13022 8718 2253
20858 112728 142818 13170 8645 2264
20870 112767 142896 13268 8563 2067
20908 112868 143056 13171 8536 2043
20907 112878 143056 13171 8544 2072
20902 112851 143032 13193 8551 2047
20880 112742 142922 13245 8551 1983
20841 112598 142737 13257 8594 2000
20814 112535 142634 13179 8627 2125
20812 112599 142656 13082 8611 2325
20790 112619 142615 13113 8540 2310
20800 112695 142694 13231 8472 2091
20849 112813 142899 13246 8459 2071
20930 113011 143223 13160 8481 2155
20935 112990 143192 13105 8539 2205
20923 112887 143080 13151 8556 2140
20888 112804 142930 13255 8568 2035
20864 112754 142822 13253 8636 2241
20847 112712 142752 13261 8620 2315
20856 112729 142777 13233 8558 2169
20860 112735 142775 13149 8533 2203
20863 112734 142777 13135 8510 2257
20882 112781 142856 13111 8501 2250
20894 112795 142886 13104 8514 2218
20850 112654 142688 13129 8609 2238
20849 112661 142695 13078 8630 2340
20868 112766 142793 13072 8595 2397
20848 112743 142710 13194 8530 2174
20872 112786 142801 13227 8545 2043
20922 112880 142975 13118 8571 2193
20936 112876 142978 13049 8568 2254
20919 112787 142882 13059 8568 2125
20922 112761 142836 13109 8575 2353
20907 112739 142757 13249 8696 2029
20870 112659 142599 13219 8627 2000
20863 112638 142557 13164 8595 2046
20877 112673 142606 13167 8574 2120
20868 112655 142584 13173 8555 2150
20860 112650 142598 13213 8536 2092
20863 112673 142661 13216 8532 2056
20865 112709 142726 13215 8527 2066
20860 112707 142747 13194 8520 2075
20847 112684 142723 13130 8519 2129
20863 112750 142817 13162 8497 2093
20866 112777 142844 13174 8482 2042
20868 112792 142862 13165 8486 2076
20885 112819 142920 13155 8496 2094
20897 112848 142961 13156 8509 2071
20890 112834 142937 13190 8516 2058
20893 112848 142944 13195 8517 2062
20900 112869 142979 13199 8527 2067
20903 112874 142985 13213 8541 2069
20901 112865 142980 13207 8539 2078
20903 112872 142991 13177 8526 2084
20903 112872 142993 13161 8520 2064
20904 112873 142985 13176 8519 2055
20901 112871 142992 13177 8516 2061
20905 112871 143001 13164 8515 2091
20908 112871 142994 13173 8517 2114
20907 112872 142984 13192 8523 2102
20902 112864 142967 13174 8534 2112
20902 112863 142957 13142 8546 2148
20905 112864 142946 13137 8596 2139
20909 112866 142949 13131 8582 2117
20911 112868 142949 13129 8579 2102
20914 112867 142944 13133 8570 2077
20918 112870 142944 13145 8564 2054
20922 112878 142941 13165 8569 2042
20925 112884 142942 13169 8570 2037
20929 112886 142939 13155 8555 2032
20934 112892 142943 13154 8542 2019
20941 112902 142952 13142 8546 2148
20949 112912 142958 13137 8596 2139
20946 112910 142951 13131 8582 2117
20948 112914 142939 13129 8579 2102
20953 112916 142951 13133 8570 2077
20954 112907 142959 13145 8564 2054
20949 112889 142960 13165 8569 2042
20934 112866 142940 13169 8570 2037
20915 112833 142903 13155 8555 2032
20900 112810 142877 13154 8542 2019
20888 112791 142851 13193 8561 2019
20876 112773 142831 13159 8541 2017
20871 112769 142820 13158 8544 2032
20872 112774 142824 13190 8565 2051
20874 112768 142827 13210 8574 2046
20871 112767 142820 13208 8575 2025
20869 112768 142810 13192 8586 2026
20872 112768 142808 13170 8583 2040
20875 112774 142819 13151 8555 2041
20877 112782 142825 13129 8534 2040
20878 112784 142826 13088 8521 2051
20875 112780 142822 13077 8514 2046
20879 112786 142830 13123 8534 2032
20876 112778 142819 13192 8546 2015
20868 112768 142799 13226 8543 2000
20866 112760 142791 13221 8544 2013
20866 112758 142779 13217 8540 2020
20863 112748 142761 13218 8531 2002
20864 112743 142749 13208 8527 1992
20865 112746 142745 13176 8536 2015
20869 112740 142734 13153 8551 2046
20865 112729 142715 13154 8551 2049
20862 112716 142678 13171 8541 2033
20862 112703 142659 13178 8536 2010
20867 112712 142664 13157 8537 1994
20866 112703 142645 13150 8541 1989
20867 112693 142624 13183 8537 2000
20868 112691 142611 13221 8533 2006
20877 112709 142635 13226 8520 1988
20882 112715 142629 13206 8518 1976
20882 112706 142612 13200 8544 1997
20884 112710 142611 13202 8536 2028
20889 112717 142616 13199 8512 2032
20893 112714 142634 13221 8505 2010
20889 112698 142634 13224 8500 1989
20873 112673 142615 13202 8510 1989
20859 112658 142604 13179 8527 2007
20851 112660 142612 13165 8529 2030
20845 112662 142616 13168 8530 2040
20841 112654 142617 13173 8537 2030
20841 112654 142615 13201 8583 2059
20840 112654 142607 13239 8588 2055
20840 112658 142612 13253 8585 2020
20842 112664 142614 13233 8573 2014
20845 112670 142619 13206 8560 2037
20848 112676 142618 13162 8551 2048
20850 112683 142621 13124 8534 2055
20854 112689 142645 13109 8514 2072
20859 112695 142654 13106 8520 2092
20858 112699 142660 13126 8557 2105
20859 112706 142665 13168 8587 2098
20861 112711 142670 13188 8581 2069
20863 112711 142677 13181 8568 2045
20867 112719 142689 13195 8565 2030
20869 112730 142696 13200 8559 2026
20871 112738 142697 13177 8561 2038
20873 112744 142702 13177 8568 2043
20874 112745 142696 13179 8563 2043
20880 112748 142694 13153 8559 2054
20883 112754 142701 13154 8565 2063
20888 112765 142702 13179 8581 2064
20893 112768 142698 13170 8579 2055
20895 112770 142702 13153 8566 2036
20898 112777 142695 13160 8563 2019
20899 112777 142687 13173 8562 2020
20904 112782 142689 13183 8571 2029
20909 112790 142686 13182 8574 2041
20912 112791 142678 13166 8560 2055
20912 112788 142667 13147 8554 2063
20916 112789 142675 13146 8551 2061
20916 112778 142684 13166 8562 2077
20908 112758 142674 13175 8573 2084
20893 112737 142653 13166 8558 2059
20881 112723 142647 13166 8550 2058
20877 112726 142651 13166 8550 2066
20871 112720 142644 13166 8543 2060
20866 112724 142650 13151 8525 2046
20868 112728 142651 13148 8524 2044
20869 112727 142649 13183 8538 2048
20871 112729 142652 13219 8540 2042
20866 112729 142636 13243 8592 2038
20868 112721 142623 13203 8560 2015
20875 112737 142636 13178 8536 2011
20875 112736 142629 13165 8528 2013
20876 112739 142626 13154 8509 2002
20874 112731 142619 13148 8508 1983
20873 112725 142611 13175 8539 1983
20870 112722 142599 13223 8561 2002
20874 112732 142612 13224 8557 2002
20874 112732 142618 13214 8587 2028
20874 112731 142608 13210 8569 2039
20877 112735 142599 13189 8563 2043
20880 112741 142603 13156 8561 2050
20883 112748 142610 13136 8557 2074
20888 112753 142617 13149 8562 2091
20892 112758 142608 13169 8576 2085
20893 112761 142600 13181 8595 2071
20899 112771 142609 13179 8610 2061
20908 112775 142607 13180 8623 2087
20908 112776 142602 13197 8630 2125
20910 112791 142607 13189 8613 2120
20915 112792 142606 13169 8595 2098
20922 112799 142609 13158 8591 2085
20926 112809 142610 13152 8580 2085
20928 112807 142602 13145 8573 2093
20928 112809 142584 13148 8579 2099
20934 112807 142589 13163 8576 2105
20933 112794 142593 13178 8563 2101
20920 112770 142568 13178 8571 2092
20907 112750 142561 13182 8600 2104
20898 112747 142566 13183 8590 2102
20889 112743 142564 13164 8560 2076
20882 112734 142548 13147 8558 2074
20879 112730 142546 13130 8573 2102
20879 112730 142540 13130 8581 2135
20879 112730 142536 13139 8583 2137
20879 112733 142545 13134 8586 2137
20878 112732 142537 13117 8575 2142
20874 112717 142506 13100 8564 2133
20874 112716 142493 13155 8608 2116
20880 112720 142500 13145 8588 2072
20877 112716 142490 13149 8576 2046
20878 112713 142487 13174 8579 2038
20877 112709 142479 13213 8582 2034
20872 112702 142459 13230 8580 2009
20867 112695 142450 13227 8577 1979
20873 112700 142458 13228 8561 1977
20871 112707 142452 13214 8531 1981
20873 112705 142448 13227 8557 2028
20876 112711 142441 13211 8540 2046
20879 112712 142437 13188 8521 2051
20879 112709 142425 13173 8517 2048
20882 112713 142424 13165 8519 2053
20884 112715 142417 13179 8536 2053
20886 112716 142409 13188 8548 2052
20890 112725 142410 13181 8537 2055
20893 112727 142406 13197 8529 2049
20899 112730 142404 13220 8548 2057
20899 112723 142387 13214 8567 2083
20898 112721 142364 13202 8549 2080
20897 112710 142334 13205 8519 2056
20896 112697 142310 13206 8511 2039
20894 112695 142287 13200 8521 2027
20883 112680 142240 13206 8530 2029
20876 112682 142205 13216 8536 2033
20879 112713 142238 13212 8531 2025
20890 112737 142291 13203 8524 2027
20906 112774 142389 13200 8546 2046
20949 112907 142610 13203 8587 2063
20970 112984 142720 13204 8576 2074
20971 112967 142705 13194 8542 2088
20941 112902 142591 13179 8525 2105
20925 112861 142516 13176 8519 2087
20918 112838 142482 13204 8548 2066
20925 112843 142493 13257 8565 2044
20925 112836 142486 13328 8547 1972
20921 112833 142468 13355 8530 1887
20930 112851 142488 13257 8562 2034
20942 112876 142535 13193 8554 2097
20934 112855 142496 13157 8522 2078
20931 112854 142499 13213 8521 2071
20950 112945 142591 13260 8527 2041
20952 112982 142614 13275 8522 1990
20960 113015 142664 13271 8531 2001
21017 113130 142851 13272 8546 2050
20985 113024 142712 13235 8551 2085
20969 112951 142590 13144 8544 2203
20953 112907 142499 13205 8507 2029
20937 112858 142405 13155 8518 2083
20930 112835 142367 13124 8514 2129
20939 112852 142393 13092 8628 2115
20941 112861 142380 13146 8642 2195
20954 112887 142415 13289 8516 2183
20979 112940 142507 13284 8508 2069
21002 112995 142590 13241 8507 2053
20973 112875 142433 13239 8500 2059
20960 112840 142384 13256 8535 2036
20969 112934 142446 13250 8530 2022
20953 112945 142400 13222 8518 2033
21004 113093 142622 13181 8559 2098
21075 113220 142827 13116 8613 2251
21038 113082 142623 13194 8551 2125
21044 113039 142580 13339 8515 1905
21031 113025 142521 13321 8536 1968
21018 112986 142466 13266 8519 1974
21003 112941 142420 13261 8554 1896
21007 112950 142458 13148 8622 2220
21001 112952 142468 13138 8617 2318
20995 112947 142471 13223 8568 2081
21004 112983 142535 13218 8537 2090
21017 113029 142606 13238 8525 2090
21024 113069 142663 13226 8523 2080
21041 113110 142730 13230 8514 2053
21060 113156 142822 13255 8499 2007
21076 113194 142880 13259 8482 1972
21081 113196 142893 13236 8494 1977
21084 113186 142899 13193 8563 2064
21086 113172 142892 13174 8561 2102
21086 113159 142876 13158 8565 2116
21081 113130 142850 13114 8567 2118
21069 113094 142796 13085 8579 2137
21059 113066 142754 13085 8595 2158
21051 113056 142731 13090 8602 2150
21049 113046 142717 13094 8613 2115
21052 113041 142719 13105 8632 2078
21049 113031 142700 13159 8651 2044
21040 113013 142659 13150 8628 2034
21035 113006 142641 13135 8617 2039
21036 113008 142630 13149 8607 2014
21039 113008 142633 13176 8596 1996
21048 113020 142648 13183 8592 2000
21053 113029 142650 13163 8590 2016
21061 113042 142656 13137 8585 2026
21065 113048 142659 13132 8581 2020
21073 113060 142676 13174 8614 2006
21079 113072 142685 13174 8618 2006
21086 113085 142697 13151 8608 2006
21093 113098 142711 13124 8604 2006
21099 113105 142719 13120 8594 2004
21107 113118 142727 13124 8594 2003
21116 113119 142731 13113 8598 2008
21115 113114 142713 13097 8590 2009
21113 113096 142684 13091 8576 1978
21111 113088 142665 13123 8578 1956
21108 113058 142636 13158 8603 1963
21100 113013 142593 13165 8609 1945
21087 112979 142568 13188 8615 1936
21072 112953 142540 13211 8634 1974
21055 112921 142509 13201 8639 2017
21044 112906 142495 13181 8639 2031
21040 112906 142491 13179 8629 2017
21037 112905 142484 13170 8607 1996
21038 112908 142498 13128 8575 1987
21042 112922 142518 13089 8558 1986
21044 112935 142528 13087 8588 1991
21044 112940 142530 13117 8617 1990
21039 112939 142520 13163 8639 1983
21048 112955 142537 13204 8659 1974
21053 112967 142551 13185 8653 1967
21055 112971 142559 13147 8637 1975
21054 112970 142558 13135 8634 2008
21053 112972 142555 13121 8648 2040
21057 112984 142571 13119 8638 2029
21058 112984 142581 13110 8621 2024
21061 112986 142579 13109 8643 2066
21060 112986 142568 13121 8629 2056
21061 112989 142575 13135 8625 2040
21064 112990 142572 13129 8616 2029
21067 112996 142573 13124 8606 2030
21072 112993 142559 13129 8602 2034
21070 112987 142549 13133 8598 2022
21075 112988 142553 13139 8586 1999
21078 113001 142556 13132 8581 1995
21082 113000 142553 13132 8604 2025
21082 112997 142542 13131 8636 2065
21084 112995 142534 13109 8645 2073
21087 112993 142525 13095 8636 2064
21091 112994 142521 13092 8630 2062
21096 112995 142516 13091 8631 2073
21097 112995 142512 13093 8641 2070
21095 112981 142486 13112 8650 2046
21099 112983 142489 13125 8649 2041
21103 112985 142483 13116 8647 2041
21105 112985 142472 13114 8646 2049
21108 112986 142463 13129 8651 2043
21108 112986 142460 13138 8646 2005
21110 112980 142463 13130 8621 1973
21100 112955 142444 13118 8609 1990
21096 112945 142450 13138 8609 2030
21085 112933 142440 13175 8617 2037
21075 112930 142439 13181 8630 2048
21071 112927 142440 13161 8622 2052
21068 112933 142446 13124 8596 2038
21068 112935 142444 13098 8573 2035
21071 112946 142460 13104 8584 2037
21074 112950 142472 13113 8596 2024
21075 112959 142472 13130 8589 1992
21071 112956 142459 13178 8599 1975
21072 112955 142464 13234 8624 1976
21077 112962 142468 13251 8626 1967
21079 112962 142468 13220 8624 1958
21074 112954 142456 13185 8624 1975
21075 112961 142470 13159 8605 1978
21076 112960 142475 13148 8591 1978
21074 112959 142456 13152 8636 2021
21074 112960 142459 13126 8631 2004
21077 112972 142469 13128 8633 1990
21082 112980 142479 13127 8636 1980
21085 112984 142482 13131 8651 1969
21084 112987 142485 13169 8670 1948
21084 112983 142466 13200 8676 1937
21085 112991 142467 13200 8659 1942
21088 112992 142470 13177 8644 1960
21089 112994 142460 13156 8635 2007
21096 112999 142459 13162 8634 2033
21098 113000 142453 13162 8631 2033
21098 113001 142451 13143 8626 2055
21104 113011 142459 13129 8630 2084
21105 113011 142452 13114 8630 2096
21113 113021 142468 13102 8632 2087
21113 113024 142462 13095 8635 2080
21112 113018 142439 13089 8620 2066
21119 113023 142445 13092 8612 2052
21128 113035 142466 13107 8632 2063
21131 113039 142456 13123 8650 2080
21129 113034 142435 13136 8650 2060
21133 113029 142446 13156 8630 1993
21134 113022 142451 13149 8613 1947
21125 113001 142440 13136 8629 1971
21110 112978 142421 13166 8653 2013
21098 112965 142411 13212 8671 2006
21090 112957 142408 13233 8676 1971
21084 112960 142417 13208 8652 1955
21080 112956 142413 13155 8626 1968
21076 112954 142404 13122 8621 1995
21074 112956 142406 13098 8609 1997
21078 112960 142422 13073 8585 1978
21075 112964 142417 13076 8585 1969
21072 112956 142397 13103 8603 1973
21073 112951 142392 13145 8627 1993
21071 112950 142394 13165 8653 2001
21066 112947 142384 13149 8663 2003
21067 112945 142383 13135 8646 2043
21066 112945 142382 13118 8627 2084
21065 112945 142383 13112 8649 2084
21062 112947 142375 13098 8636 2068
21063 112943 142374 13093 8618 2069
21062 112945 142373 13101 8599 2054
21065 112954 142378 13104 8600 2049
21065 112961 142378 13103 8608 2046
21067 112963 142386 13113 8611 2030
21069 112970 142391 13130 8606 2018
21071 112977 142382 13152 8606 2006
21072 112975 142381 13185 8639 2023
21079 112987 142386 13143 8620 2008
21083 112998 142397 13113 8605 1999
21086 113005 142395 13112 8599 1994
21089 113004 142395 13126 8602 1985
21096 113017 142404 13134 8611 1972
21098 113019 142400 13120 8610 1974
21102 113025 142405 13120 8610 1975
21107 113034 142407 13124 8622 1964
21110 113039 142408 13121 8649 1977
21114 113046 142407 13120 8682 1992
21120 113058 142416 13111 8684 1983
21124 113060 142416 13102 8669 1978
21129 113060 142407 13103 8677 1985
21123 113058 142392 13102 8673 1993
21127 113058 142394 13089 8666 1991
21131 113052 142407 13084 8684 2003
21123 113033 142405 13100 8696 2036
21108 113005 142377 13117 8703 2045
21092 112981 142358 13116 8715 2048
21078 112970 142345 13123 8720 2064
21070 112963 142343 13104 8697 2083
21060 112954 142336 13052 8640 2083
21056 112944 142322 13016 8609 2078
21049 112933 142305 13013 8613 2065
21045 112927 142287 13041 8616 2042
21035 112918 142268 13083 8632 2045
21035 112916 142259 13132 8660 2044
21031 112916 142261 13143 8672 2006
21031 112913 142256 13128 8670 1974
21027 112903 142232 13154 8678 2005
21022 112904 142222 13170 8678 2024
21017 112900 142219 13139 8659 2010
21016 112898 142218 13104 8640 2018
21013 112895 142216 13079 8635 2034
21012 112902 142222 13064 8650 2045
21010 112904 142211 13059 8656 2053
21011 112901 142216 13061 8657 2050
21011 112903 142210 13068 8657 2042
21012 112909 142216 13078 8652 2019
21015 112912 142220 13159 8682 2010
21019 112921 142222 13147 8675 1992
21022 112932 142222 13126 8666 1999
21029 112943 142238 13119 8648 1992
21028 112943 142225 13118 8641 1975
21030 112950 142224 13111 8643 1982
21039 112958 142245 13106 8639 1990
21042 112966 142242 13104 8653 2001
21044 112969 142238 13095 8669 2017
21047 112963 142229 13087 8689 2069
21051 112973 142238 13071 8684 2096
21055 112985 142241 13069 8680 2098
21059 112990 142248 13066 8694 2097
21065 112994 142239 13070 8702 2105
21067 113007 142250 13074 8699 2100
21074 113017 142255 13063 8682 2089
21076 113019 142247 13040 8669 2090
21078 113023 142256 13034 8683 2122
21077 113010 142253 13059 8717 2151
21066 112981 142241 13092 8740 2144
21051 112958 142222 13101 8740 2124
21035 112936 142208 13095 8715 2100
21024 112925 142198 13082 8674 2081
21011 112918 142181 13036 8634 2077
21002 112910 142163 13018 8598 2072
20993 112899 142145 13034 8586 2055
20989 112898 142136 13031 8598 2058
20982 112894 142106 13042 8622 2096
20967 112873 142063 13096 8651 2118
20955 112874 142031 13132 8672 2120
20950 112884 142018 13145 8671 2092
20963 112930 142081 13147 8653 2080
20989 112980 142180 13132 8651 2082
20986 112950 142143 13147 8672 2050
20961 112833 141998 13199 8693 1958
20913 112706 141775 13169 8728 2121
20882 112640 141654 13196 8694 2222
20861 112592 141581 13194 8615 2076
20870 112605 141610 13133 8590 2097
20866 112599 141593 13152 8609 2151
20861 112596 141577 13130 8561 2130
20875 112639 141643 13114 8547 2126
20896 112698 141728 13100 8556 2158
20917 112744 141813 13076 8555 2188
20917 112749 141804 13051 8556 2230
20909 112714 141772 13022 8589 2372
20926 112793 141852 13115 8563 2265
20917 112802 141820 13208 8542 2057
20916 112825 141841 13127 8637 2210
20958 112914 141986 13116 8621 2142
21023 113069 142230 13191 8644 2023
20960 112867 141904 13151 8739 2226
20953 112781 141812 13161 8740 2319
20946 112753 141750 13148 8692 2164
20915 112691 141621 13084 8666 2169
20901 112651 141558 13080 8633 2207
20916 112675 141591 13034 8621 2216
20912 112665 141564 13083 8636 2188
20913 112668 141578 13153 8670 2165
20929 112709 141663 13178 8682 2148
20936 112740 141748 13171 8670 2133
20934 112756 141793 13142 8646 2137
20920 112730 141766 13075 8624 2230
20899 112664 141713 13063 8556 2230
20902 112728 141770 13136 8505 2056
20887 112722 141731 13151 8522 2016
20863 112684 141673 13101 8526 2104
20881 112738 141759 13132 8532 2102
20896 112782 141817 13218 8572 2053
20899 112811 141841 13286 8608 2010
20929 112893 141964 13313 8613 1950
20958 112957 142051 13260 8612 1969
20922 112808 141851 13097 8673 2262
20916 112763 141776 13124 8678 2299
20898 112723 141702 13180 8620 2082
20866 112668 141597 13142 8587 2111
20870 112662 141609 13134 8559 2172
20885 112693 141663 13080 8542 2163
20874 112676 141622 13184 8573 2108
20877 112682 141632 13192 8562 2079
20893 112733 141704 13178 8559 2057
20911 112780 141776 13155 8562 2050
20929 112826 141855 13139 8568 2066
20948 112886 141930 13125 8583 2074
20967 112927 141997 13102 8598 2052
20981 112953 142049 13078 8607 2057
20997 112973 142095 13082 8607 2059
21010 112998 142142 13080 8542 2163
21015 113005 142135 13184 8573 2108
21005 112975 142091 13192 8562 2079
21000 112962 142070 13178 8559 2057
21004 112959 142061 13155 8562 2050
21005 112951 142050 13139 8568 2066
21005 112946 142033 13125 8583 2074
21003 112946 142024 13102 8598 2052
21007 112944 142021 13078 8607 2057
21011 112943 142031 13082 8607 2059
21002 112924 142020 13166 8655 2019
20989 112890 141996 13124 8647 2046
20972 112861 141976 13097 8646 2050
20960 112842 141963 13103 8649 2018
20947 112825 141936 13129 8646 1981
20934 112801 141907 13135 8638 1976
20921 112768 141851 13114 8630 2006
20907 112732 141794 13110 8635 2044
20902 112715 141771 13140 8645 2050
20900 112702 141746 13164 8662 2078
20892 112676 141709 13131 8642 2115
20884 112652 141671 13096 8608 2125
20884 112649 141665 13078 8578 2108
20883 112637 141646 13063 8568 2086
20879 112627 141629 13053 8566 2059
20875 112610 141606 13060 8570 2054
20867 112580 141563 13096 8592 2064
20855 112545 141510 13130 8611 2040
20849 112516 141470 13145 8628 2013
20846 112502 141444 13155 8643 2025
20840 112482 141413 13148 8641 2049
20836 112463 141385 13124 8618 2057
20833 112454 141359 13100 8595 2055
20832 112439 141337 13114 8586 2054
20835 112434 141332 13130 8589 2053
20837 112436 141332 13120 8586 2061
20841 112447 141342 13115 8592 2056
20855 112474 141385 13128 8598 2010
20865 112500 141412 13144 8606 1995
20874 112518 141431 13173 8645 2055
20877 112519 141430 13140 8628 2038
20881 112533 141433 13101 8615 2043
20887 112534 141438 13092 8607 2063
20893 112546 141456 13094 8602 2082
20899 112561 141465 13074 8600 2106
20905 112570 141471 13056 8606 2121
20915 112575 141505 13052 8614 2110
20913 112574 141508 13048 8623 2090
20899 112541 141477 13125 8673 2098
20884 112520 141461 13120 8651 2092
20875 112510 141459 13091 8628 2094
20867 112502 141451 13070 8630 2095
20857 112492 141439 13098 8651 2117
20855 112492 141429 13150 8674 2125
20852 112483 141422 13184 8687 2103
20854 112488 141432 13171 8680 2091
20858 112501 141439 13131 8648 2090
20861 112501 141439 13101 8623 2103
20863 112504 141443 13077 8603 2094
20868 112518 141460 13071 8596 2079
20869 112523 141472 13090 8606 2097
20875 112532 141488 13127 8622 2107
20879 112548 141510 13140 8626 2083
20884 112565 141536 13124 8617 2059
20884 112566 141529 13124 8616 2058
20885 112562 141524 13117 8625 2072
20887 112565 141530 13120 8638 2096
20888 112572 141534 13138 8647 2117
20891 112573 141536 13114 8632 2131
20898 112591 141550 13088 8615 2120
20903 112594 141556 13089 8615 2112
20904 112601 141560 13106 8627 2108
20912 112614 141569 13125 8642 2082
20918 112618 141574 13121 8642 2055
20925 112631 141584 13096 8646 2059
20932 112641 141600 13086 8652 2084
20935 112657 141606 13109 8657 2092
20943 112671 141621 13129 8670 2110
20951 112691 141638 13126 8672 2114
20956 112698 141646 13105 8650 2097
20964 112706 141645 13093 8631 2082
20962 112705 141638 13085 8632 2069
20969 112703 141655 13084 8642 2084
20972 112701 141663 13091 8645 2091
20958 112675 141653 13071 8648 2081
20946 112658 141633 13053 8635 2060
20937 112647 141623 13065 8626 2040
20930 112642 141618 13158 8706 2088
20928 112649 141632 13179 8706 2083
20927 112650 141638 13179 8684 2047
20927 112657 141629 13160 8663 2032
20929 112659 141637 13129 8641 2040
20933 112673 141655 13111 8619 2039
20934 112671 141647 13113 8595 2028
20937 112676 141650 13120 8573 2005
20938 112680 141648 13136 8572 1995
20939 112680 141648 13160 8603 2028
20939 112679 141644 13169 8630 2064
20940 112678 141643 13156 8624 2054
20939 112672 141627 13158 8615 2059
20937 112670 141620 13163 8610 2071
20938 112671 141620 13157 8603 2074
20940 112672 141620 13136 8606 2076
20939 112664 141603 13096 8609 2069
20943 112663 141596 13083 8593 2061
20942 112668 141590 13093 8590 2056
20941 112665 141584 13124 8616 2054
20944 112666 141578 13155 8628 2047
20950 112678 141587 13147 8618 2036
20956 112685 141589 13142 8610 2035
20961 112695 141594 13156 8619 2030
20968 112707 141604 13153 8621 2023
20972 112711 141603 13132 8611 2036
20976 112714 141597 13108 8612 2046
20982 112722 141608 13104 8613 2060
20986 112725 141610 13109 8601 2059
20991 112731 141601 13120 8601 2040
20992 112732 141593 13140 8637 2047
20997 112729 141606 13139 8642 2056
20997 112716 141606 13127 8624 2052
20986 112692 141600 13127 8620 2050
20975 112675 141590 13124 8610 2036
20965 112665 141588 13113 8603 2034
20957 112662 141582 13119 8608 2053
20950 112655 141571 13148 8624 2053
20949 112650 141567 13179 8653 2030
20947 112659 141570 13198 8662 2007
20945 112651 141552 13210 8638 2009
20948 112655 141564 13184 8598 1956
20949 112663 141568 13172 8574 1917
20948 112656 141550 13158 8559 1916
20949 112661 141556 13165 8552 1923
20955 112668 141566 13187 8563 1931
20956 112669 141570 13202 8566 1929
20957 112668 141570 13207 8570 1921
20960 112682 141578 13215 8578 1934
20957 112678 141574 13215 8597 1984
20959 112681 141582 13186 8588 1981
20959 112680 141570 13163 8579 1974
20958 112680 141568 13154 8580 1979
20962 112688 141571 13139 8582 1983
20967 112690 141572 13129 8582 1993
20968 112694 141563 13137 8589 1995
20973 112699 141571 13150 8600 1988
20978 112711 141572 13158 8604 1991
20980 112713 141575 13164 8619 2002
20983 112724 141574 13176 8642 2004
20988 112729 141573 13170 8637 1987
20993 112728 141578 13148 8611 1962
21000 112739 141586 13135 8597 1953
21000 112738 141572 13116 8593 1969
21002 112738 141568 13111 8601 1962
21010 112746 141570 13122 8617 1938
21013 112748 141562 13138 8614 1921
21013 112745 141547 13161 8616 1905
21016 112753 141540 13157 8629 1918
21018 112743 141550 13167 8644 1949
21018 112731 141555 13188 8642 1945
21009 112702 141541 13169 8610 1918
20992 112670 141511 13136 8585 1906
20978 112656 141489 13132 8582 1933
20971 112657 141497 13168 8599 1947
20967 112661 141502 13197 8617 1924
20964 112653 141496 13216 8629 1911
20962 112654 141487 13204 8622 1909
20960 112647 141482 13160 8591 1922
20961 112648 141488 13154 8592 1953
20960 112653 141482 13157 8596 1967
20958 112648 141462 13149 8577 1953
20956 112648 141467 13150 8564 1948
20969 112672 141456 13130 8597 1992
20969 112675 141447 13151 8615 1988
20974 112688 141462 13159 8614 1986
20984 112712 141483 13153 8598 1974
20989 112727 141499 13147 8593 1969
21000 112763 141537 13160 8610 1997
21018 112822 141600 13160 8605 1974
21040 112908 141691 13163 8593 1964
21069 112984 141772 13147 8595 1983
21057 112913 141673 13135 8602 1975
20944 112608 141219 13254 8538 2022
20931 112578 141196 13264 8529 2007
20951 112695 141321 13217 8505 2020
20939 112695 141299 13159 8482 2041
20988 112816 141508 13090 8486 2183
20991 112766 141452 13114 8487 2211
20965 112675 141297 13266 8478 1973
20923 112587 141135 13297 8505 1983
20917 112568 141100 13243 8514 2112
20924 112576 141115 13229 8599 2314
20925 112576 141112 13273 8631 2235
20917 112559 141084 13314 8540 1965
20925 112587 141124 13289 8507 2023
20947 112649 141222 13240 8487 2092
20965 112703 141312 13180 8471 2100
20949 112640 141242 13184 8512 2109
20913 112517 141087 13173 8521 2104
20917 112584 141132 13166 8535 2106
20888 112564 141044 13122 8567 2186
20895 112597 141086 13092 8584 2298
20964 112763 141366 13220 8514 2080
21031 112922 141601 13354 8499 1900
20983 112763 141350 13283 8527 2053
20996 112750 141364 13188 8510 2124
20997 112753 141337 13277 8598 1964
20966 112673 141188 13199 8664 2173
20948 112624 141108 13231 8622 2222
20969 112651 141162 13228 8576 2066
20968 112647 141134 13170 8564 2053
20958 112621 141081 13173 8536 2062
20972 112650 141123 13141 8515 2028
20985 112676 141164 13162 8513 1985
20984 112679 141147 13194 8533 1985
20991 112696 141160 13242 8567 2011
21002 112730 141209 13269 8599 2015
21018 112769 141295 13236 8602 1997
21032 112817 141387 13196 8590 2014
21045 112865 141487 13192 8590 2056
21055 112914 141576 13209 8598 2058
21061 112945 141643 13210 8596 2031
