2025-10-16 03:02:16    绿光---红外光---红光---X轴---Y轴---Z轴
21258 105770 135105 12041 9989 3372
21260 105768 135105 12050 10010 3372
21264 105775 135104 12054 10019 3370
21269 105784 135116 12061 10020 3378
21273 105787 135125 12068 10024 3388
21280 105799 135134 12071 10024 3390
21285 105807 135144 12072 10014 3385
21292 105815 135153 12068 10002 3374
21298 105826 135160 12067 10001 3366
21303 105824 135168 12048 9958 3328
21307 105821 135183 12060 9974 3330
21302 105807 135184 12064 10004 3334
21294 105794 135183 12063 10008 3334
21287 105788 135195 12065 9997 3334
21283 105786 135201 12064 10000 3334
21277 105787 135208 12067 10015 3344
21274 105786 135205 12083 10026 3349
21272 105787 135204 12092 10032 3340
21270 105789 135210 12080 10018 3341
21272 105797 135222 12057 9977 3353
21275 105805 135229 12053 9946 3359
21274 105802 135219 12060 9948 3345
21277 105806 135231 12058 9946 3321
21277 105812 135237 12059 9946 3317
21279 105808 135229 12066 9968 3333
21280 105809 135237 12081 9992 3358
21280 105812 135240 12088 10017 3368
21281 105814 135245 12083 10040 3363
21279 105817 135246 12078 10040 3376
21280 105819 135250 12064 10010 3383
21281 105818 135249 12053 9999 3392
21283 105826 135251 12054 10013 3401
21284 105825 135254 12050 10013 3397
21288 105829 135254 12049 10010 3402
21291 105837 135259 12052 10011 3406
21293 105835 135258 12056 10002 3402
21294 105842 135264 12058 10004 3399
21297 105842 135261 12065 10019 3398
21303 105853 135267 12069 10021 3400
21307 105860 135276 12040 9975 3376
21309 105865 135268 12049 9994 3375
21317 105874 135283 12049 10007 3380
21321 105880 135290 12041 10023 3388
21325 105888 135294 12039 10041 3395
21328 105888 135292 12043 10038 3382
21333 105886 135287 12043 10036 3365
21334 105878 135296 12052 10050 3369
21330 105866 135297 12072 10066 3381
21324 105847 135289 12049 10014 3357
21315 105840 135293 12044 10004 3355
21305 105835 135301 12044 10006 3380
21300 105834 135300 12051 10015 3403
21297 105831 135303 12056 10034 3403
21293 105832 135298 12055 10041 3409
21291 105829 135301 12051 10038 3425
21292 105826 135302 12044 10025 3437
21293 105835 135304 12035 10006 3439
21291 105830 135298 11982 9952 3422
21290 105833 135298 11993 9977 3426
21290 105828 135292 12024 10011 3451
21288 105822 135287 12029 10028 3465
21288 105821 135283 12022 10037 3460
21287 105817 135285 12025 10039 3459
21287 105813 135281 12038 10040 3466
21284 105810 135270 12040 10038 3474
21281 105809 135272 12034 10039 3476
21283 105804 135272 12027 10033 3471
21282 105809 135268 12004 10003 3467
21283 105815 135264 11996 9989 3456
21283 105811 135263 12014 10000 3454
21285 105813 135258 12031 10003 3458
21291 105820 135266 12036 10011 3463
21292 105822 135268 12034 10017 3468
21295 105827 135272 12036 10007 3463
21299 105827 135279 12042 10005 3449
21302 105836 135275 12047 10003 3441
21305 105842 135271 12042 9989 3446
21306 105844 135273 12021 9961 3431
21313 105853 135282 12013 9959 3415
21316 105857 135280 12033 9989 3421
21319 105858 135274 12048 10008 3424
21320 105854 135273 12054 10016 3423
21323 105853 135280 12059 10016 3422
21320 105843 135290 12055 10021 3417
21312 105829 135280 12047 10017 3407
21302 105816 135282 12044 10011 3408
21298 105809 135286 12049 10033 3420
21291 105817 135285 12042 10026 3394
21288 105813 135287 12047 10047 3393
21285 105812 135280 12046 10048 3406
21284 105813 135282 12037 10044 3410
21284 105817 135293 12027 10033 3407
21289 105827 135300 12017 10017 3412
21288 105828 135297 12013 10012 3421
21289 105829 135295 12017 10019 3432
21291 105826 135302 12030 10041 3446
21291 105828 135294 12004 10028 3419
21288 105823 135282 12018 10040 3432
21286 105813 135275 12029 10046 3443
21282 105812 135273 12029 10050 3445
21283 105808 135269 12029 10052 3436
21285 105811 135274 12029 10055 3428
21285 105808 135267 12026 10057 3427
21280 105807 135259 12031 10059 3434
21288 105810 135262 12036 10061 3437
21285 105813 135263 12031 10045 3426
21290 105813 135258 12020 10013 3415
21289 105811 135247 12021 10014 3413
21292 105804 135240 12036 10025 3417
21289 105805 135227 12040 10022 3422
21293 105805 135219 12037 10011 3430
21295 105810 135229 12037 9999 3437
21300 105818 135230 12038 10002 3443
21304 105827 135235 12037 9995 3445
21310 105834 135244 12039 9996 3446
21312 105838 135236 12042 10001 3439
21317 105849 135241 12032 9987 3413
21323 105851 135248 12029 9997 3397
21326 105854 135244 12038 10031 3413
21326 105859 135238 12044 10044 3437
21329 105852 135232 12042 10041 3448
21327 105843 135239 12030 10044 3454
21324 105826 135235 12018 10043 3460
21314 105807 135223 12010 10034 3475
21306 105803 135225 12007 10045 3500
21300 105798 135227 12014 10069 3504
21295 105795 135222 11994 10057 3487
21292 105798 135225 11971 10047 3479
21291 105797 135224 11984 10057 3474
21288 105792 135219 12001 10057 3463
21288 105794 135225 12009 10062 3454
21289 105800 135227 12007 10070 3450
21290 105799 135224 12002 10078 3454
21288 105797 135220 12006 10094 3468
21290 105796 135225 12014 10110 3470
21289 105796 135218 12023 10117 3461
21288 105795 135222 11987 10069 3449
21288 105791 135218 11990 10071 3452
21286 105787 135208 11999 10080 3448
21284 105786 135206 12003 10082 3446
21284 105786 135201 11998 10082 3447
21285 105790 135200 12005 10080 3444
21284 105788 135194 12014 10081 3442
21287 105790 135195 12016 10082 3445
21288 105790 135197 12021 10080 3443
21290 105797 135195 12020 10062 3426
21295 105801 135200 12014 10036 3409
21297 105805 135200 12020 10032 3403
21300 105812 135201 12030 10030 3409
21304 105816 135200 12030 10030 3421
21308 105818 135196 12028 10045 3422
21311 105821 135197 12033 10054 3417
21314 105818 135193 12038 10062 3419
21316 105815 135186 12038 10064 3424
21316 105811 135173 12039 10066 3432
21316 105800 135159 12037 10070 3434
21319 105800 135161 12019 10047 3410
21325 105811 135163 12011 10033 3400
21330 105818 135164 12015 10042 3415
21335 105823 135165 12012 10047 3426
21337 105825 135166 12017 10058 3435
21340 105817 135179 12025 10067 3433
21336 105809 135177 12025 10056 3421
21329 105800 135179 12020 10055 3424
21322 105788 135180 12026 10069 3442
21318 105786 135188 12040 10088 3443
21315 105789 135193 11986 10063 3425
21312 105794 135194 11992 10061 3446
21313 105799 135197 12004 10057 3449
21313 105795 135200 12007 10042 3442
21312 105800 135205 12004 10029 3431
21312 105807 135212 12007 10041 3422
21312 105811 135204 12019 10064 3426
21313 105810 135214 12039 10079 3435
21315 105816 135216 12047 10094 3437
21315 105808 135217 12016 10079 3428
21317 105808 135214 11994 10047 3438
21318 105806 135216 12004 10046 3456
21318 105807 135221 12006 10052 3463
21320 105804 135216 12007 10048 3465
21320 105809 135220 12009 10051 3463
21321 105806 135212 12010 10060 3471
21323 105813 135222 12017 10067 3476
21323 105810 135217 12024 10073 3471
21325 105819 135211 12031 10078 3467
21324 105816 135209 12000 10045 3448
21329 105825 135212 11998 10018 3467
21332 105828 135215 12003 10003 3490
21336 105832 135219 12003 10001 3487
21340 105843 135225 12004 10010 3477
21344 105849 135232 12009 10028 3466
21349 105850 135234 12021 10040 3453
21354 105862 135235 12035 10045 3445
21357 105864 135238 12040 10050 3442
21362 105874 135239 12034 10040 3441
21365 105877 135236 12015 10018 3433
21372 105887 135242 12011 10009 3435
21372 105888 135251 12027 10023 3436
21376 105892 135253 12040 10036 3436
21380 105896 135250 12049 10037 3432
21383 105895 135235 12044 10038 3422
21383 105883 135245 12026 10033 3424
21382 105877 135239 12019 10025 3436
21377 105862 135231 12030 10032 3456
21369 105849 135231 12041 10049 3464
21363 105850 135235 12017 10043 3428
21359 105852 135245 12025 10050 3433
21357 105852 135248 12024 10038 3444
21355 105854 135246 12021 10032 3453
21356 105853 135248 12013 10027 3439
21359 105860 135255 12007 10034 3425
21359 105860 135259 12022 10057 3440
21359 105866 135252 12046 10069 3453
21358 105862 135257 12044 10076 3449
21361 105870 135254 11983 10048 3463
21364 105870 135256 11990 10055 3488
21363 105860 135246 12001 10063 3486
21360 105857 135244 12008 10067 3474
21360 105858 135244 12011 10068 3473
21362 105862 135247 12014 10066 3479
21366 105866 135250 12016 10059 3471
21366 105872 135250 12023 10052 3452
21364 105871 135248 12034 10050 3450
21367 105868 135248 12023 10054 3457
21369 105874 135251 12000 10045 3459
21369 105878 135248 12004 10037 3468
21372 105883 135248 12015 10039 3475
21376 105890 135247 12014 10034 3472
21381 105889 135251 12014 10028 3466
21382 105898 135248 12014 10028 3464
21385 105899 135254 12018 10040 3462
21387 105907 135251 12035 10045 3457
21392 105915 135250 12042 10040 3461
21395 105918 135250 12024 10039 3458
21398 105925 135257 12001 10026 3446
21404 105928 135248 12007 10026 3447
21406 105931 135248 12024 10040 3446
21410 105938 135247 12030 10039 3439
21412 105938 135242 12026 10032 3429
21416 105934 135248 12023 10034 3429
21414 105930 135251 12028 10048 3448
21409 105913 135240 12030 10064 3461
21399 105897 135234 12034 10075 3459
21393 105886 135236 12031 10080 3457
21389 105891 135242 11994 10059 3455
21386 105895 135239 11965 10031 3457
21383 105897 135242 11974 10025 3465
21383 105895 135238 11981 10035 3463
21380 105898 135235 11989 10045 3455
21382 105911 135248 12007 10056 3451
21384 105919 135251 12030 10066 3461
21384 105924 135248 12030 10072 3460
21381 105913 135227 12017 10080 3453
21377 105904 135215 12021 10086 3466
21373 105894 135196 11976 10044 3468
21368 105890 135177 11979 10053 3475
21363 105877 135161 11983 10068 3488
21357 105868 135142 11989 10078 3500
21353 105857 135128 11998 10074 3505
21351 105852 135110 12004 10075 3505
21347 105838 135099 12000 10094 3510
21347 105833 135078 11997 10100 3518
21343 105821 135054 12001 10089 3522
21342 105806 135034 11953 10024 3533
21338 105799 135016 11951 10024 3538
21334 105785 134981 11960 10028 3533
21324 105766 134939 11977 10028 3543
21311 105732 134873 11994 10037 3581
21301 105696 134807 12004 10058 3617
21292 105657 134746 12027 10075 3592
21280 105628 134685 12069 10086 3538
21277 105650 134688 12137 10118 3559
21292 105712 134755 12191 10175 3647
21324 105813 134890 12210 10328 3697
21315 105749 134825 12209 10373 3663
21267 105576 134608 11917 9954 3568
21276 105523 134636 11616 9625 3537
21288 105488 134670 11721 9500 3480
21250 105384 134511 11778 9239 3315
21235 105382 134483 11658 9127 3229
21235 105397 134489 11664 9246 3316
21219 105370 134421 11782 9521 3503
21217 105366 134425 11867 9815 3671
21234 105402 134495 11942 10049 3780
21242 105414 134520 12055 10225 3788
21240 105413 134520 12178 10322 3733
21238 105413 134530 12229 10315 3665
21236 105411 134538 12201 10232 3581
21233 105413 134539 12158 10109 3488
21231 105422 134553 12130 9976 3385
21225 105432 134541 12113 9882 3312
21224 105432 134544 12005 9770 3378
21227 105456 134569 11973 9803 3454
21240 105486 134617 11988 9877 3508
21254 105516 134659 12024 9941 3545
21260 105531 134692 12055 9996 3574
21268 105556 134730 12068 10044 3580
21274 105566 134748 12065 10056 3572
21276 105572 134761 12062 10032 3565
21276 105579 134772 12061 9996 3575
21282 105586 134781 12043 9951 3591
21287 105597 134811 12016 9914 3590
21294 105616 134834 12012 9911 3584
21300 105622 134848 12018 9916 3599
21306 105632 134864 12014 9914 3628
21310 105646 134881 12016 9910 3652
21317 105660 134897 12021 9926 3663
21324 105670 134917 12032 9944 3649
21330 105691 134929 12045 9947 3625
21332 105698 134925 12039 9946 3599
21384 105783 135063 12071 10043 3498
21376 105769 135059 12053 10014 3475
21368 105761 135061 12044 9981 3460
21360 105758 135059 12058 9983 3456
21357 105760 135065 12065 9970 3455
21355 105760 135070 12064 9944 3451
21355 105765 135074 12058 9935 3444
21354 105773 135083 12058 9947 3440
21359 105783 135097 12069 9963 3441
21358 105789 135100 12073 9976 3444
21361 105790 135102 12068 9990 3450
21362 105790 135108 12055 9977 3472
21365 105798 135118 12051 10003 3471
21366 105804 135129 12045 10017 3473
21370 105811 135138 12042 10014 3478
21373 105814 135143 12040 10020 3479
21376 105819 135159 12037 10024 3486
21380 105822 135172 12038 10034 3493
21376 105828 135167 12037 10042 3496
21378 105829 135178 12032 10048 3495
21381 105832 135185 12003 10025 3475
21383 105835 135178 12009 10021 3482
21383 105829 135171 12018 10027 3498
21384 105832 135164 12021 10029 3502
21389 105839 135171 12025 10031 3500
21392 105840 135181 12027 10031 3496
21400 105842 135184 12026 10030 3506
21403 105848 135193 12024 10036 3517
21409 105861 135201 12024 10033 3512
21415 105871 135215 12018 10016 3502
21420 105878 135224 11999 9991 3488
21427 105890 135234 11997 9993 3475
21434 105905 135243 12004 10009 3477
21439 105909 135248 11999 10011 3491
21443 105919 135252 12004 10027 3503
21446 105918 135251 12016 10043 3508
21449 105920 135261 12021 10052 3513
21447 105909 135260 12020 10053 3511
21437 105898 135254 12027 10049 3503
21426 105881 135241 12021 10039 3502
21419 105874 135231 11999 9991 3488
21409 105871 135230 11997 9993 3475
21408 105874 135237 12004 10009 3477
21406 105885 135242 11999 10011 3491
21408 105891 135250 12004 10027 3503
21409 105897 135269 12016 10043 3508
21414 105916 135290 12021 10052 3513
21418 105930 135304 12020 10053 3511
21420 105933 135314 12027 10049 3503
21424 105944 135327 12021 10039 3502
21427 105952 135328 11968 9964 3498
21427 105957 135338 11981 9983 3502
21429 105965 135342 11992 9996 3510
21429 105968 135351 12006 10013 3520
21430 105978 135363 12019 10027 3518
21430 105983 135366 12021 10035 3517
21433 105988 135370 12021 10036 3519
21435 105992 135366 12031 10035 3528
21437 106002 135379 12029 10043 3541
21439 106003 135376 11999 10033 3536
21440 106008 135377 11994 10029 3539
21442 106009 135377 12013 10047 3552
21443 106013 135375 12014 10055 3554
21447 106020 135373 12022 10051 3547
21451 106025 135375 12030 10050 3544
21450 106031 135371 12026 10048 3551
21457 106038 135377 12024 10038 3558
21459 106046 135382 12021 10036 3556
21465 106056 135383 12018 10023 3546
21468 106060 135384 11993 9955 3534
21474 106064 135384 12009 9952 3537
21476 106066 135381 12027 9958 3531
21479 106060 135386 12036 9975 3523
21477 106050 135389 12038 9988 3525
21473 106041 135390 12039 9983 3536
21467 106036 135394 12040 9976 3546
21464 106032 135399 12036 9974 3553
21460 106033 135405 12032 9962 3561
21457 106034 135401 12012 9942 3567
21458 106037 135407 11996 9931 3581
21458 106039 135402 12011 9958 3592
21462 106045 135415 12032 9999 3587
21462 106057 135428 12041 10014 3569
21464 106058 135423 12039 10016 3557
21467 106063 135426 12032 10007 3556
21469 106067 135427 12022 9998 3547
21470 106073 135431 12016 9984 3538
21473 106070 135427 12019 9983 3539
21476 106074 135432 12020 9984 3554
21478 106076 135433 11999 9978 3568
21481 106081 135433 11990 9987 3572
21480 106084 135438 12005 10006 3581
21481 106087 135430 12015 10015 3592
21481 106089 135427 12018 10020 3599
21483 106088 135420 12006 10027 3605
21485 106089 135421 11994 10039 3606
21489 106099 135417 11997 10050 3603
21492 106100 135411 12000 10045 3611
21493 106103 135407 11998 10050 3616
21496 106099 135397 11955 10015 3608
21499 106102 135392 11973 10032 3619
21501 106106 135394 11974 10033 3626
21505 106115 135394 11967 10026 3631
21512 106124 135399 11980 10026 3624
21517 106130 135399 12001 10028 3598
21522 106139 135397 12014 10034 3579
21528 106153 135409 12020 10035 3569
21533 106152 135406 12024 10011 3565
21542 106156 135411 12002 9938 3568
21540 106147 135420 12018 9957 3571
21535 106136 135414 12031 9983 3569
21530 106125 135409 12039 9993 3568
21525 106121 135415 12036 9990 3567
21524 106120 135421 12029 9993 3578
21523 106132 135423 12024 10006 3607
21523 106136 135428 12019 10027 3621
21524 106136 135426 12017 10047 3615
21524 106141 135422 12000 10043 3610
21529 106152 135434 11983 10011 3613
21531 106155 135437 11986 9988 3620
21546 106178 135413 11957 9999 3665
21550 106181 135413 11958 10004 3667
21557 106191 135416 11972 10010 3654
21561 106196 135416 11990 10012 3644
21566 106206 135420 12001 10024 3641
21566 106208 135410 12006 10035 3626
21572 106212 135426 12015 10031 3617
21579 106218 135426 12026 10024 3615
21585 106232 135433 11960 9959 3634
21588 106236 135430 11974 9961 3643
21592 106243 135427 11984 9962 3645
21600 106249 135441 11994 9975 3642
21605 106257 135442 12003 9992 3637
21609 106263 135433 12010 10003 3628
21615 106268 135432 12019 10011 3613
21619 106266 135436 12028 10022 3604
21624 106265 135442 12031 10019 3600
21621 106254 135440 11978 9957 3621
21618 106246 135439 11986 9967 3616
21613 106238 135436 11989 9979 3614
21612 106236 135437 11984 9997 3630
21609 106238 135444 11991 10024 3639
21610 106236 135437 12008 10046 3628
21607 106243 135433 12015 10057 3620
21608 106244 135430 12011 10048 3628
21610 106248 135434 12002 10028 3636
21612 106255 135436 11987 10001 3639
21611 106253 135421 11962 9967 3631
21614 106264 135427 11956 9966 3629
21615 106260 135416 11972 9987 3650
21615 106255 135415 11993 10010 3662
21616 106251 135402 12002 10024 3658
21618 106252 135396 11994 10030 3656
21618 106248 135397 11985 10024 3657
21622 106255 135397 11984 10009 3657
21623 106255 135389 11986 10008 3655
21626 106263 135398 11976 9999 3653
21626 106262 135396 11959 9977 3655
21630 106266 135392 11964 9985 3657
21631 106270 135396 11991 10007 3650
21661 106303 135339 12012 9984 3673
21664 106300 135329 12018 9995 3667
21666 106301 135315 12025 9989 3652
21668 106304 135299 12026 9975 3638
21671 106291 135296 12021 9971 3648
21669 106276 135280 12019 9970 3667
21662 106259 135265 11959 9932 3655
21653 106239 135253 11967 9941 3659
21647 106234 135243 11990 9983 3672
21640 106225 135228 12015 10002 3676
21636 106216 135219 12030 10004 3673
21631 106215 135208 12024 10000 3678
21630 106211 135198 12011 9984 3685
21630 106209 135194 11992 9968 3687
21631 106212 135192 11976 9956 3681
21628 106212 135183 11929 9911 3664
21629 106216 135174 11944 9929 3666
21630 106214 135171 11977 9966 3670
21632 106213 135170 12001 9988 3673
21629 106210 135155 12004 9992 3671
21624 106209 135147 11999 9997 3678
21624 106201 135136 11990 9994 3691
21625 106200 135129 11979 9981 3697
21622 106193 135114 11975 9967 3696
21619 106181 135098 11963 9961 3703
21609 106158 135040 11941 9952 3718
21597 106116 134973 11952 9953 3715
21577 106056 134872 11974 9964 3697
21557 106010 134782 11984 9964 3696
21555 106039 134791 11993 9954 3706
21560 106086 134806 12000 9953 3726
21528 105998 134665 12025 9990 3778
21504 105896 134550 12092 10039 3849
21512 105857 134573 12146 10033 3927
21509 105814 134545 12097 10029 3950
21493 105781 134484 11892 9933 3962
21489 105778 134473 11552 9723 3983
21475 105752 134417 11514 9616 4000
21463 105725 134358 11748 9490 3949
21464 105720 134343 11810 9348 3786
21471 105708 134323 11814 9369 3689
21476 105701 134308 11871 9527 3717
21479 105699 134298 11910 9733 3807
21480 105700 134290 11924 9925 3908
21485 105705 134299 11966 10096 3972
21487 105720 134320 12069 10254 3915
21486 105731 134338 12083 10241 3828
21489 105757 134385 12075 10187 3806
21496 105793 134440 12038 10107 3805
21501 105827 134502 11951 10005 3800
21508 105860 134551 11851 9913 3811
21520 105902 134607 11809 9861 3816
21529 105934 134651 11830 9863 3795
21540 105961 134689 11887 9906 3763
21547 105998 134730 11962 9979 3737
21556 106031 134777 12002 10024 3718
21568 106061 134821 12021 10051 3710
21580 106082 134856 12019 10061 3728
21588 106102 134882 12000 10062 3771
21592 106114 134897 11961 10051 3829
21651 106268 135113 11783 10045 4082
21661 106288 135134 11765 10033 4073
21669 106301 135160 11739 10026 4059
21676 106318 135181 11714 10028 4045
21686 106332 135200 11691 10010 4042
21688 106342 135200 11711 10015 4024
21692 106344 135195 11747 10050 4016
21694 106351 135195 11760 10067 4014
21695 106350 135191 11769 10080 3994
21696 106351 135189 11773 10087 3993
21698 106357 135188 11783 10091 3992
21702 106350 135181 11801 10097 3972
21701 106334 135184 11793 10092 3957
21697 106326 135183 11759 10074 3944
21691 106308 135169 11761 10051 3972
21677 106294 135158 11811 10079 3944
21672 106290 135157 11838 10105 3909
21665 106289 135154 11849 10108 3894
21660 106288 135153 11846 10097 3890
21655 106290 135149 11847 10086 3892
21648 106289 135145 11846 10077 3897
21650 106284 135142 11828 10069 3898
21650 106287 135151 11824 10064 3893
21646 106288 135146 11821 10034 3960
21647 106290 135147 11832 10047 3954
21645 106289 135145 11834 10060 3934
21647 106295 135153 11843 10058 3916
21645 106296 135147 11847 10065 3904
21645 106294 135151 11837 10080 3897
21646 106296 135158 11825 10085 3908
21646 106302 135166 11825 10088 3919
21644 106302 135164 11828 10096 3916
21643 106302 135163 11807 10066 3935
21641 106304 135158 11808 10082 3929
21644 106306 135167 11819 10094 3918
21645 106314 135163 11825 10093 3903
21646 106315 135166 11826 10093 3884
21646 106318 135169 11829 10087 3886
21647 106325 135165 11839 10090 3889
21651 106329 135168 11835 10087 3890
21651 106335 135175 11831 10089 3892
21653 106338 135175 11820 10088 3907
21655 106342 135174 11786 10064 3925
21658 106353 135178 11783 10063 3925
21658 106355 135175 11802 10078 3916
21659 106353 135168 11805 10082 3906
21665 106366 135183 11816 10086 3895
21665 106365 135182 11837 10095 3888
21667 106371 135178 11835 10104 3892
21669 106372 135169 11820 10086 3900
21669 106363 135163 11809 10078 3910
21668 106356 135174 11812 10092 3921
21661 106338 135160 11804 10084 3929
21648 106317 135148 11823 10096 3889
21637 106307 135152 11844 10089 3874
21629 106300 135141 11854 10083 3878
21622 106297 135143 11846 10074 3884
21616 106296 135143 11831 10065 3887
21611 106299 135137 11815 10065 3893
21608 106292 135127 11803 10078 3916
21575 106281 135099 11827 10077 3889
21573 106274 135080 11810 10060 3934
21566 106272 135066 11817 10067 3935
21560 106262 135038 11822 10073 3939
21552 106253 135012 11810 10077 3943
21546 106249 134994 11793 10089 3955
21543 106244 134966 11782 10101 3965
21532 106234 134934 11785 10108 3963
21527 106226 134908 11795 10104 3951
21515 106210 134882 11801 10102 3928
21508 106202 134842 11794 10089 3914
21502 106187 134814 11782 10059 3916
21496 106178 134777 11797 10066 3907
21491 106168 134759 11821 10079 3883
21485 106156 134728 11821 10069 3860
21477 106139 134689 11815 10055 3855
21475 106128 134664 11818 10055 3866
21467 106108 134628 11824 10082 3880
21462 106089 134615 11840 10100 3883
21452 106063 134596 11859 10114 3873
21441 106044 134579 11860 10134 3865
21427 106024 134568 11823 10125 3878
21419 106021 134562 11794 10111 3887
21405 106015 134550 11796 10118 3874
21397 106007 134543 11789 10125 3862
21389 105999 134536 11786 10132 3855
21385 105995 134524 11790 10141 3856
21379 105994 134514 11804 10150 3857
21378 105998 134520 11814 10154 3840
21373 105992 134514 11817 10156 3813
21372 105991 134508 11825 10150 3807
21375 105992 134508 11799 10129 3834
21368 105980 134491 11767 10113 3846
21361 105970 134470 11755 10114 3845
21356 105964 134462 11752 10124 3851
21352 105955 134454 11770 10138 3850
21350 105946 134442 11796 10149 3839
21342 105941 134435 11810 10155 3828
21338 105937 134433 11815 10149 3832
21337 105931 134423 11821 10137 3827
21334 105929 134415 11830 10132 3815
21331 105927 134413 11835 10082 3808
21334 105931 134413 11842 10088 3805
21337 105938 134419 11860 10103 3793
21339 105946 134424 11862 10106 3787
21341 105953 134432 11858 10101 3780
21344 105958 134436 11865 10108 3770
21347 105957 134441 11875 10106 3760
21349 105963 134443 11884 10095 3762
21352 105969 134440 11882 10093 3767
21351 105971 134442 11863 10083 3783
21353 105977 134438 11848 10067 3802
21360 105983 134448 11858 10065 3797
21361 105988 134453 11880 10061 3785
21363 105996 134454 11881 10047 3775
21363 105995 134447 11868 10045 3776
21367 106000 134447 11876 10064 3797
21369 105991 134462 11896 10089 3812
21365 105981 134459 11895 10103 3805
21352 105963 134458 11880 10104 3800
21345 105959 134458 11855 10095 3824
21338 105953 134468 11795 10067 3864
21333 105951 134473 11767 10065 3862
21327 105954 134481 11776 10081 3844
21323 105956 134481 11768 10085 3841
21319 105956 134480 11779 10099 3847
21319 105957 134487 11804 10119 3860
21319 105963 134494 11815 10134 3851
21319 105966 134490 11819 10146 3843
21321 105968 134495 11823 10156 3847
21320 105975 134497 11801 10154 3853
21320 105969 134490 11746 10125 3872
21318 105966 134490 11728 10106 3878
21313 105962 134484 11753 10116 3861
21309 105959 134482 11776 10112 3845
21309 105959 134485 11811 10104 3832
21307 105960 134481 11833 10102 3825
21304 105959 134478 11840 10104 3808
21303 105959 134475 11852 10111 3798
21303 105954 134475 11861 10107 3800
21304 105960 134465 11854 10098 3809
21304 105955 134468 11801 10053 3807
21305 105959 134467 11824 10057 3802
21303 105964 134466 11852 10067 3791
21305 105965 134456 11867 10066 3790
21307 105969 134459 11878 10074 3801
21310 105978 134467 11891 10083 3800
21312 105975 134457 11907 10083 3803
21313 105979 134463 11911 10084 3804
21316 105980 134459 11903 10080 3798
21318 105984 134457 11888 10061 3803
21323 105998 134470 11857 10032 3822
21328 106004 134478 11843 10032 3825
21330 106010 134474 11844 10044 3811
21334 106014 134476 11848 10051 3822
21335 106007 134468 11874 10066 3853
21336 106006 134484 11886 10084 3862
21332 105991 134486 11877 10096 3847
21325 105981 134486 11866 10094 3838
21315 105974 134489 11858 10088 3840
21307 105967 134494 11844 10071 3855
21301 105971 134493 11807 10028 3887
21300 105971 134499 11790 10024 3886
21294 105969 134496 11802 10063 3857
21292 105975 134497 11820 10090 3854
21291 105970 134499 11856 10105 3863
21294 105976 134501 11876 10113 3859
21290 105975 134494 11873 10119 3856
21292 105977 134500 11862 10121 3855
21291 105983 134500 11845 10116 3853
21295 105986 134510 11821 10112 3859
21293 105988 134507 11765 10081 3903
21292 105984 134503 11793 10101 3888
21291 105980 134500 11822 10108 3869
21288 105981 134503 11833 10109 3862
21286 105979 134497 11841 10106 3867
21286 105983 134502 11843 10101 3878
21285 105986 134497 11836 10090 3882
21286 105982 134491 11827 10075 3871
21283 105982 134487 11832 10068 3864
21283 105987 134480 11793 10042 3879
21286 105986 134477 11816 10046 3866
21287 105991 134474 11850 10062 3849
21287 105989 134473 11867 10070 3839
21288 105992 134466 11872 10068 3849
21286 105991 134454 11879 10064 3868
21287 105989 134449 11879 10060 3888
21286 105993 134434 11869 10057 3894
21288 105988 134417 11851 10051 3900
21287 105991 134414 11826 10034 3904
21290 105994 134415 11799 10016 3906
21295 105999 134418 11804 10018 3887
21296 105998 134413 11823 10034 3860
21294 105990 134384 11834 10054 3882
21288 105970 134357 11852 10073 3923
21281 105935 134311 11872 10083 3942
21265 105874 134237 11886 10083 3945
21234 105783 134122 11890 10058 3931
21204 105704 134022 11897 10019 3918
21178 105656 133952 11925 10020 3942
21165 105643 133943 11983 10070 4011
21166 105667 133986 12032 10162 4082
21166 105698 134027 12056 10228 4101
21189 105747 134139 11834 10096 3941
21203 105770 134199 11588 9997 3814
21192 105727 134161 11597 9954 3847
21186 105660 134118 11512 9756 3852
21152 105564 134003 11394 9620 3874
21137 105512 133937 11490 9650 3923
21127 105477 133893 11668 9764 3967
21112 105426 133814 11744 9871 4002
21103 105400 133773 11821 9980 4004
21111 105390 133781 11957 10073 3949
21120 105382 133791 12082 10114 3851
21122 105361 133771 12171 10105 3747
21123 105355 133762 12181 10048 3660
21125 105369 133767 12128 9956 3627
21127 105399 133791 12059 9866 3660
21137 105445 133838 11976 9802 3704
21144 105485 133878 11905 9796 3739
21154 105516 133927 11744 9871 4002
21168 105556 133981 11821 9980 4004
21186 105599 134033 11957 10073 3949
21196 105645 134084 12082 10114 3851
21204 105679 134116 12171 10105 3747
21212 105713 134150 12181 10048 3660
21226 105747 134193 12128 9956 3627
21236 105778 134230 12059 9866 3660
21251 105808 134275 11976 9802 3704
21261 105832 134310 11905 9796 3739
21270 105859 134345 11866 9864 3774
21283 105886 134391 11919 9964 3752
21297 105905 134418 11976 10036 3741
21305 105921 134440 11989 10069 3752
21314 105936 134470 11974 10088 3779
21323 105946 134503 11962 10093 3812
21326 105944 134527 11950 10095 3835
21327 105950 134555 11922 10089 3854
21327 105953 134592 11891 10074 3878
21328 105966 134627 11866 10039 3913
21327 105981 134654 11839 10013 3921
21328 105988 134674 11813 10017 3896
21332 106007 134699 11796 10030 3894
21338 106019 134727 11809 10063 3913
21343 106034 134757 11829 10084 3925
21351 106048 134787 11834 10086 3925
21356 106059 134810 11832 10091 3915
21363 106073 134834 11831 10100 3894
21371 106086 134853 11819 10093 3869
21372 106087 134864 11786 10073 3850
21375 106093 134873 11735 10059 3854
21374 106092 134875 11717 10059 3848
21376 106092 134880 11744 10080 3828
21376 106091 134881 11795 10110 3815
21376 106096 134882 11829 10128 3795
21375 106090 134875 11832 10134 3776
21374 106087 134875 11841 10141 3762
21373 106089 134873 11859 10146 3745
21378 106092 134877 11873 10140 3723
21378 106094 134878 11883 10129 3701
21382 106104 134883 11857 10098 3709
21381 106112 134888 11850 10078 3714
21386 106111 134893 11888 10079 3709
21389 106113 134897 11904 10065 3710
21395 106126 134903 11908 10054 3709
21398 106136 134909 11914 10049 3715
21402 106143 134915 11923 10045 3721
21409 106149 134927 11929 10050 3735
21414 106157 134933 11919 10051 3744
21417 106168 134936 11905 10041 3740
21419 106169 134937 11883 10017 3738
21424 106169 134940 11873 10008 3734
21423 106159 134951 11899 10034 3722
21417 106140 134943 11913 10056 3712
21409 106126 134933 11916 10067 3708
21400 106113 134932 11924 10080 3713
21394 106109 134937 11931 10088 3722
21383 106105 134932 11924 10097 3718
21378 106102 134926 11904 10094 3710
21375 106097 134922 11884 10088 3711
21373 106097 134928 11840 10112 3734
21374 106099 134930 11848 10133 3726
21374 106101 134939 11862 10143 3714
21370 106098 134925 11868 10152 3698
21373 106098 134927 11867 10156 3690
21375 106100 134931 11868 10156 3695
21375 106099 134936 11856 10150 3698
21377 106099 134938 11825 10142 3700
21375 106098 134943 11824 10135 3700
21374 106096 134944 11831 10140 3718
21374 106095 134942 11811 10152 3732
21372 106093 134948 11804 10160 3720
21372 106097 134942 11824 10168 3719
21372 106094 134938 11839 10159 3734
21373 106097 134940 11843 10153 3736
21375 106100 134944 11842 10158 3733
21375 106098 134936 11842 10157 3737
21375 106096 134934 11854 10158 3746
21377 106099 134927 11865 10146 3757
21379 106100 134924 11863 10125 3758
21379 106103 134922 11844 10100 3761
21382 106105 134921 11849 10092 3764
21383 106109 134916 11867 10103 3765
21385 106112 134912 11877 10098 3763
21390 106116 134910 11886 10096 3767
21392 106113 134909 11883 10090 3782
21392 106112 134899 11878 10087 3788
21391 106110 134882 11866 10085 3784
21391 106103 134872 11864 10078 3782
21392 106091 134875 11881 10078 3774
21390 106084 134881 11862 10046 3780
21380 106067 134870 11871 10061 3773
21373 106060 134870 11879 10073 3779
21361 106046 134870 11893 10086 3781
21358 106051 134878 11897 10091 3775
21354 106046 134877 11894 10081 3758
21349 106044 134872 11892 10080 3755
21346 106044 134871 11901 10091 3772
21346 106041 134876 11909 10101 3773
21350 106049 134883 11887 10096 3769
21343 106059 134897 11846 10108 3794
21345 106066 134902 11844 10105 3806
21346 106066 134896 11843 10116 3803
21346 106067 134892 11826 10118 3802
21349 106067 134890 11821 10123 3791
21347 106077 134891 11829 10131 3787
21351 106074 134889 11840 10128 3798
21351 106076 134887 11847 10129 3806
21354 106082 134885 11850 10142 3796
21355 106083 134879 11846 10137 3788
21356 106081 134871 11818 10114 3809
21362 106090 134877 11811 10107 3821
21364 106093 134872 11828 10111 3821
21367 106092 134865 11836 10117 3815
21367 106091 134867 11838 10116 3794
21369 106086 134870 11840 10111 3784
21370 106079 134879 11849 10116 3778
21364 106065 134875 11853 10117 3764
21355 106048 134871 11850 10115 3750
21347 106038 134865 11849 10110 3755
21341 106035 134864 11818 10072 3783
21336 106034 134863 11824 10081 3763
21331 106032 134865 11826 10094 3762
21326 106033 134861 11845 10114 3765
21326 106028 134856 11868 10134 3763
21326 106032 134863 11872 10147 3755
21326 106032 134861 11865 10153 3756
21323 106033 134856 11851 10146 3772
21327 106032 134862 11840 10133 3775
21328 106038 134871 11786 10072 3782
21329 106038 134875 11801 10077 3778
21326 106037 134872 11823 10106 3777
21326 106028 134875 11848 10119 3787
21327 106031 134870 11863 10119 3775
21326 106032 134872 11857 10122 3756
21328 106033 134875 11857 10132 3757
21325 106035 134870 11854 10131 3771
21325 106033 134867 11850 10120 3784
21327 106037 134869 11801 10090 3804
21330 106044 134875 11822 10095 3799
21332 106045 134875 11843 10112 3790
21335 106052 134882 11844 10123 3779
21342 106058 134892 11856 10131 3765
21344 106066 134894 11868 10137 3762
21348 106067 134896 11872 10132 3765
21351 106078 134898 11869 10120 3759
21354 106080 134900 11864 10105 3751
21356 106087 134906 11844 10099 3760
21361 106089 134901 11810 10088 3775
21364 106099 134918 11815 10086 3774
21368 106102 134916 11835 10101 3773
21376 106109 134919 11832 10103 3780
21376 106108 134910 11839 10108 3779
21376 106103 134908 11855 10116 3777
21377 106095 134919 11863 10123 3778
21374 106081 134920 11862 10129 3770
21366 106063 134916 11859 10132 3760
21357 106052 134910 11853 10128 3751
21350 106046 134908 11824 10094 3754
21345 106036 134913 11810 10080 3758
21342 106039 134908 11840 10105 3772
21339 106039 134907 11865 10128 3790
21336 106040 134900 11868 10150 3778
21336 106039 134909 11864 10159 3761
21333 106041 134912 11862 10153 3762
21330 106040 134906 11850 10136 3764
21331 106041 134905 11836 10115 3751
21331 106043 134895 11827 10108 3737
21331 106032 134889 11806 10102 3749
21330 106030 134887 11809 10102 3767
21329 106028 134890 11850 10115 3769
21331 106030 134896 11872 10120 3758
21329 106034 134898 11865 10125 3758
21327 106032 134899 11856 10131 3786
21327 106030 134896 11852 10131 3798
21326 106036 134899 11839 10122 3785
21329 106036 134895 11829 10118 3792
21328 106038 134894 11827 10129 3799
21330 106038 134894 11802 10112 3809
21330 106040 134888 11808 10112 3810
21330 106043 134880 11818 10117 3805
21333 106034 134873 11818 10112 3806
21332 106033 134860 11824 10115 3805
21329 106031 134850 11825 10118 3805
21330 106031 134829 11822 10118 3801
21324 106019 134819 11826 10109 3792
21324 106018 134800 11826 10106 3791
21321 106007 134779 11815 10105 3803
21319 105997 134758 11805 10079 3812
21315 105989 134727 11813 10067 3799
21312 105975 134690 11833 10083 3790
21303 105949 134650 11838 10105 3796
21292 105924 134614 11835 10119 3792
21276 105885 134571 11845 10118 3772
21260 105852 134533 11860 10123 3764
21244 105824 134504 11862 10133 3759
21232 105808 134485 11847 10122 3743
21223 105788 134465 11829 10115 3747
21213 105774 134444 11813 10112 3786
21202 105760 134423 11837 10122 3799
21195 105750 134398 11859 10149 3785
21192 105739 134384 11848 10158 3780
21185 105731 134370 11845 10153 3781
21176 105707 134331 11840 10143 3784
21166 105680 134275 11838 10130 3777
21151 105642 134221 11835 10119 3765
21136 105608 134152 11825 10121 3758
21121 105574 134094 11833 10130 3771
21105 105541 134042 11816 10110 3813
21089 105507 133982 11827 10124 3803
21082 105484 133950 11838 10128 3815
21067 105453 133900 11835 10124 3839
21052 105411 133841 11825 10116 3847
21039 105380 133784 11829 10113 3851
21032 105373 133767 11838 10113 3855
21034 105385 133781 11831 10105 3875
21028 105400 133779 11813 10085 3898
21043 105458 133855 11820 10036 3900
21083 105513 134012 11865 10055 3897
21086 105489 134010 11905 10064 3910
21068 105413 133937 11930 10071 3914
21047 105310 133839 11930 10081 3929
21008 105195 133685 11933 10130 4053
20994 105160 133652 11995 10241 4198
20992 105142 133627 11936 10050 4073
20978 105110 133570 11719 9841 3882
20981 105097 133551 11690 9854 3955
20991 105092 133553 11668 9702 4088
21001 105091 133560 11520 9543 4163
21007 105087 133541 11548 9541 4230
21003 105062 133507 11645 9667 4284
20990 105016 133448 11649 9827 4285
20973 104964 133395 11636 9953 4234
20962 104927 133372 11705 10043 4129
20962 104928 133396 11846 10127 3959
20958 104925 133403 11970 10196 3809
20952 104923 133402 12035 10210 3752
20954 104943 133427 12009 10160 3764
20961 104970 133464 11960 10098 3760
20967 104993 133501 11947 10042 3725
20979 105012 133541 11936 9988 3667
20989 105045 133586 11915 9969 3616
20997 105071 133617 11888 9982 3628
21008 105095 133659 11869 10013 3674
21021 105125 133710 11859 10059 3725
21029 105144 133743 11855 10117 3784
21035 105164 133766 11838 10153 3837
21038 105173 133782 11748 10181 3900
21042 105190 133803 11774 10204 3913
21048 105205 133825 11803 10210 3921
21055 105228 133855 11798 10207 3913
21061 105247 133882 11782 10198 3918
21068 105268 133911 11776 10181 3936
21079 105289 133941 11771 10150 3959
21084 105307 133966 11739 10122 3979
21095 105326 133995 11714 10119 3994
21104 105347 134024 11703 10094 4027
21115 105363 134050 11712 10066 4063
21123 105382 134079 11731 10065 4076
21134 105402 134111 11726 10066 4073
21147 105422 134146 11729 10059 4064
21154 105440 134171 11736 10058 4049
21159 105450 134178 11735 10056 4021
21165 105465 134200 11748 10040 3981
21174 105479 134217 11764 10032 3949
21180 105492 134227 11771 10032 3920
21185 105496 134236 11789 10057 3899
21190 105498 134249 11801 10091 3893
21195 105501 134270 11821 10127 3874
21195 105490 134278 11839 10142 3824
21191 105476 134282 11851 10151 3769
21186 105474 134287 11847 10161 3756
21183 105474 134295 11856 10175 3770
21178 105474 134302 11872 10185 3770
21178 105483 134321 11865 10185 3761
21178 105485 134330 11836 10181 3755
21178 105490 134339 11811 10158 3760
21181 105499 134348 11814 10148 3753
21181 105508 134361 11807 10152 3743
21183 105513 134367 11785 10143 3745
21186 105522 134380 11773 10143 3743
21193 105534 134399 11774 10150 3759
21195 105541 134405 11792 10163 3790
21198 105548 134418 11789 10177 3802
21201 105549 134423 11774 10181 3801
21204 105560 134445 11768 10184 3810
21207 105573 134466 11741 10173 3833
21212 105589 134486 11716 10161 3841
21217 105605 134510 11722 10169 3833
21219 105618 134526 11735 10177 3834
21220 105629 134533 11741 10176 3839
21228 105650 134553 11750 10181 3845
21235 105668 134576 11771 10188 3860
21241 105675 134591 11778 10191 3872
21247 105695 134608 11767 10187 3863
21252 105704 134616 11759 10175 3845
21252 105711 134621 11722 10143 3870
21255 105719 134632 11751 10145 3850
21259 105725 134637 11766 10144 3823
21265 105741 134652 11786 10135 3813
21270 105753 134659 11806 10128 3812
21274 105765 134667 11820 10136 3815
21279 105772 134677 11831 10138 3807
21284 105773 134678 11833 10137 3798
21289 105773 134686 11836 10137 3803
21290 105766 134696 11780 10097 3827
21284 105757 134702 11778 10105 3820
21276 105746 134700 11785 10137 3816
21270 105741 134700 11805 10159 3823
21266 105739 134702 11814 10180 3823
21266 105746 134722 11815 10189 3813
21268 105750 134729 11809 10186 3809
21266 105756 134729 11791 10174 3809
21263 105757 134733 11781 10155 3798
21267 105771 134746 11767 10132 3776
21271 105778 134756 11757 10098 3763
21272 105781 134759 11775 10101 3771
21274 105780 134768 11802 10131 3819
21278 105788 134775 11793 10145 3859
21283 105792 134792 11765 10157 3855
21280 105793 134795 11758 10165 3863
21283 105793 134794 11754 10166 3883
21282 105793 134797 11734 10168 3885
21282 105797 134799 11733 10177 3857
21284 105793 134796 11744 10174 3835
21286 105800 134796 11734 10150 3843
21284 105805 134797 11739 10143 3840
21287 105804 134803 11752 10160 3831
21286 105811 134803 11762 10172 3831
21292 105817 134810 11780 10183 3825
21292 105825 134811 11791 10186 3825
21296 105829 134815 11790 10181 3825
21302 105835 134820 11781 10176 3808
21301 105837 134820 11774 10170 3798
21307 105843 134823 11774 10170 3806
21309 105855 134825 11744 10150 3829
21313 105860 134820 11757 10156 3811
21317 105861 134824 11768 10156 3805
21320 105864 134824 11780 10156 3803
21326 105872 134820 11784 10160 3806
21323 105863 134810 11782 10156 3806
21324 105858 134806 11774 10145 3804
21324 105850 134814 11761 10146 3806
21320 105832 134803 11757 10158 3816
21310 105816 134794 11753 10168 3837
21303 105799 134786 11754 10184 3856
21298 105804 134783 11780 10201 3842
21294 105796 134784 11795 10196 3822
21292 105800 134784 11795 10180 3819
21290 105798 134783 11779 10158 3820
21288 105802 134779 11754 10146 3818
21290 105802 134788 11744 10141 3818
21290 105810 134786 11738 10146 3825
21291 105807 134782 11747 10159 3833
21291 105807 134780 11757 10153 3851
21292 105802 134777 11760 10155 3828
21292 105800 134775 11776 10161 3831
21290 105795 134769 11776 10160 3850
21290 105798 134766 11770 10163 3851
21289 105800 134771 11771 10167 3836
21292 105797 134762 11784 10169 3835
21290 105790 134763 11794 10164 3839
21293 105795 134760 11797 10160 3835
21291 105793 134751 11788 10158 3839
21293 105793 134744 11758 10159 3844
21294 105794 134745 11760 10160 3835
21294 105792 134734 11783 10157 3824
21295 105786 134729 11779 10152 3822
21298 105787 134724 11787 10153 3836
21301 105793 134723 11795 10148 3845
21303 105795 134721 11790 10139 3838
21304 105794 134715 11799 10143 3832
21309 105797 134715 11807 10147 3824
21309 105802 134715 11814 10152 3821
21315 105810 134716 11785 10102 3824
21318 105817 134721 11803 10124 3810
21324 105821 134726 11808 10135 3809
21328 105824 134723 11820 10140 3810
21330 105822 134720 11814 10142 3802
21332 105814 134719 11799 10147 3798
21334 105807 134721 11794 10156 3805
21329 105797 134723 11802 10171 3820
21323 105782 134714 11821 10183 3827
21313 105769 134704 11784 10167 3827
21306 105765 134697 11780 10163 3835
21302 105749 134688 11768 10165 3842
21299 105744 134669 11748 10160 3827
21295 105740 134666 11741 10146 3799
21294 105733 134661 11747 10142 3782
21294 105732 134658 11770 10156 3785
21290 105717 134617 11828 10147 3832
21292 105722 134620 11824 10140 3827
21293 105726 134621 11798 10130 3852
21293 105726 134618 11795 10136 3864
21298 105731 134617 11803 10146 3856
21299 105734 134622 11798 10136 3854
21302 105740 134620 11801 10126 3849
21306 105747 134626 11807 10121 3847
21309 105758 134634 11827 10120 3839
21314 105762 134637 11849 10117 3830
21316 105775 134638 11854 10115 3832
21322 105782 134643 11847 10112 3834
21323 105786 134644 11814 10087 3836
21326 105788 134639 11802 10078 3831
21327 105789 134641 11812 10092 3835
21331 105802 134649 11809 10100 3845
21336 105804 134649 11812 10111 3843
21339 105813 134646 11813 10124 3833
21339 105809 134627 11806 10122 3817
21340 105801 134621 11791 10123 3811
21339 105790 134612 11791 10141 3827
21336 105769 134597 11807 10162 3848
21327 105750 134588 11756 10147 3879
21317 105737 134585 11762 10158 3881
21310 105729 134582 11752 10157 3885
21305 105729 134575 11742 10149 3867
21302 105732 134572 11739 10154 3840
21298 105731 134569 11750 10158 3829
21295 105728 134563 11768 10162 3828
21298 105734 134568 11792 10169 3832
21295 105733 134559 11808 10172 3830
21292 105729 134545 11747 10142 3852
21289 105724 134536 11745 10141 3859
21288 105720 134523 11756 10148 3855
21286 105711 134509 11766 10146 3853
21278 105701 134483 11773 10142 3850
21274 105686 134464 11784 10149 3863
21268 105678 134447 11802 10157 3870
21264 105677 134431 11817 10156 3865
21258 105666 134408 11827 10155 3863
21252 105649 134379 11814 10138 3870
21245 105638 134345 11790 10112 3885
21234 105622 134304 11796 10109 3886
21228 105606 134267 11801 10111 3869
21221 105601 134242 11808 10109 3860
21218 105591 134216 11820 10106 3870
21211 105580 134192 11818 10095 3878
21209 105572 134175 11814 10096 3893
21206 105569 134153 11814 10095 3903
21202 105560 134133 11811 10089 3899
21200 105561 134115 11797 10093 3897
21200 105559 134108 11769 10079 3912
21202 105559 134102 11778 10082 3924
21203 105564 134100 11811 10110 3916
21199 105561 134074 11812 10122 3900
21197 105552 134057 11804 10116 3872
21192 105541 134022 11801 10118 3858
21183 105523 133985 11815 10132 3870
21179 105504 133959 11831 10142 3885
21168 105482 133923 11827 10151 3903
21149 105447 133873 11798 10161 3929
21125 105407 133814 11708 10166 3965
21116 105386 133800 11787 10200 3920
21110 105382 133811 11895 10234 3923
21111 105415 133855 11972 10312 4009
21126 105481 133956 11835 10149 4025
21133 105502 134018 11471 9949 4071
21096 105433 133894 11449 9999 4187
21129 105469 134044 11731 9995 4106
21139 105457 134081 11806 9912 3945
21114 105373 133986 11727 9847 3928
21098 105330 133925 11654 9869 4032
21093 105301 133902 11616 9940 4089
21085 105272 133859 11579 10007 4053
21080 105258 133845 11567 10081 3998
21089 105264 133867 11633 10163 3932
21102 105278 133890 11748 10237 3856
21102 105259 133871 11826 10280 3799
21093 105225 133818 11867 10284 3756
21086 105184 133774 11910 10258 3719
21075 105134 133711 11935 10199 3694
21062 105081 133639 11932 10124 3675
21053 105046 133587 11926 10072 3667
21044 105024 133552 11908 10052 3695
21039 105011 133515 11877 10044 3765
21039 105017 133517 11826 10034 3831
21046 105025 133533 11765 10036 3878
21058 105037 133561 11744 10058 3905
21070 105059 133593 11754 10086 3928
21082 105078 133629 11763 10115 3952
21096 105108 133674 11769 10135 3962
21111 105132 133718 11774 10148 3968
21127 105157 133763 11804 10168 3957
21146 105192 133830 11836 10181 3926
21164 105220 133881 11819 10164 3913
21176 105243 133917 11775 10133 3920
21189 105260 133945 11760 10118 3943
21200 105278 133989 11776 10106 3956
21207 105288 134030 11780 10109 3952
21209 105301 134069 11790 10122 3945
21213 105308 134100 11805 10113 3935
21214 105320 134139 11781 10056 3925
21218 105338 134170 11821 10047 3878
21223 105349 134198 11857 10037 3837
21230 105366 134223 11894 10037 3785
21230 105377 134245 11915 10045 3740
21232 105388 134262 11909 10050 3715
21235 105397 134277 11900 10063 3713
21238 105402 134280 11902 10082 3713
21243 105414 134294 11902 10099 3714
21245 105417 134298 11805 10113 3935
21246 105417 134296 11781 10056 3925
21247 105419 134303 11821 10047 3878
21244 105418 134299 11857 10037 3837
21246 105421 134308 11894 10037 3785
21248 105429 134315 11915 10045 3740
21248 105429 134317 11909 10050 3715
21250 105437 134325 11900 10063 3713
21250 105444 134331 11902 10082 3713
21254 105450 134342 11902 10099 3714
21260 105468 134359 11845 10103 3753
21263 105475 134374 11839 10127 3766
21269 105488 134377 11837 10141 3784
21271 105495 134388 11839 10147 3785
21275 105508 134396 11830 10151 3779
21280 105517 134407 11826 10156 3782
21288 105532 134418 11838 10159 3787
21290 105542 134431 11844 10159 3791
21297 105552 134445 11838 10158 3799
21303 105573 134459 11807 10150 3811
21307 105581 134470 11774 10146 3825
21314 105596 134481 11769 10143 3824
21318 105606 134483 11761 10141 3824
21323 105610 134495 11746 10152 3832
21325 105612 134516 11732 10165 3841
21321 105606 134526 11718 10183 3845
21315 105605 134537 11716 10195 3844
21309 105606 134542 11725 10199 3838
21307 105615 134564 11724 10203 3829
21307 105629 134585 11701 10200 3826
21305 105640 134594 11676 10188 3834
21306 105652 134611 11679 10195 3837
21307 105666 134625 11710 10219 3839
21310 105681 134644 11733 10235 3857
21314 105697 134657 11733 10235 3858
21315 105707 134667 11722 10233 3832
21318 105721 134679 11710 10230 3821
21320 105733 134693 11700 10217 3814
21323 105735 134692 11695 10206 3799
21320 105735 134693 11683 10204 3801
21318 105737 134695 11665 10199 3830
21320 105742 134703 11675 10206 3852
21321 105746 134710 11695 10216 3845
21320 105754 134720 11683 10215 3834
21321 105761 134716 11675 10217 3831
21321 105771 134721 11686 10219 3837
21325 105776 134727 11688 10213 3836
21326 105779 134731 11689 10208 3827
21328 105790 134741 11697 10213 3824
21335 105802 134748 11701 10211 3822
21335 105814 134757 11696 10193 3850
21340 105816 134758 11720 10200 3849
21343 105827 134769 11736 10205 3857
21347 105833 134768 11743 10197 3872
21350 105842 134769 11735 10189 3886
21355 105851 134783 11726 10185 3877
21360 105861 134789 11728 10173 3857
21362 105869 134793 11736 10167 3842
21367 105874 134790 11740 10169 3829
21368 105872 134791 11724 10140 3876
21371 105869 134795 11741 10152 3864
21365 105856 134788 11754 10163 3845
21357 105839 134788 11765 10163 3838
21349 105826 134777 11770 10162 3819
21343 105823 134777 11762 10156 3800
21336 105823 134781 11761 10155 3805
21331 105825 134780 11770 10167 3818
21330 105828 134780 11783 10181 3821
21328 105838 134785 11782 10197 3816
21330 105842 134794 11755 10192 3813
21330 105854 134803 11757 10183 3809
21332 105855 134802 11784 10177 3799
21335 105861 134811 11776 10169 3785
21335 105863 134809 11748 10162 3778
21335 105864 134806 11734 10153 3769
21333 105862 134803 11750 10157 3764
21336 105866 134810 11779 10169 3780
21338 105870 134818 11790 10177 3792
21337 105874 134824 11772 10189 3796
21338 105883 134824 11737 10186 3826
21339 105885 134825 11723 10178 3840
21339 105885 134827 11725 10183 3830
21340 105891 134825 11725 10181 3830
21339 105892 134825 11725 10184 3831
21343 105901 134832 11723 10193 3829
21346 105906 134830 11745 10202 3828
21350 105912 134833 11762 10199 3826
21352 105916 134831 11772 10192 3817
21355 105923 134837 11775 10190 3810
21358 105930 134838 11722 10143 3851
21361 105933 134834 11740 10147 3827
21363 105944 134840 11750 10155 3818
21372 105951 134853 11756 10150 3822
21375 105955 134848 11755 10142 3814
21378 105960 134845 11749 10151 3802
21379 105963 134840 11751 10167 3792
21386 105957 134847 11766 10175 3783
21384 105950 134847 11782 10171 3780
21372 105928 134845 11756 10152 3827
21365 105919 134842 11764 10152 3810
21357 105915 134834 11769 10152 3787
21349 105908 134836 11767 10168 3792
21346 105908 134835 11781 10194 3802
21345 105912 134832 11804 10206 3803
21340 105908 134831 11802 10207 3796
21342 105913 134831 11794 10204 3802
21342 105922 134847 11782 10190 3809
21343 105926 134845 11748 10160 3820
21343 105928 134839 11714 10125 3832
21345 105928 134835 11708 10115 3814
21346 105928 134830 11719 10132 3789
21345 105928 134832 11740 10156 3789
21344 105925 134827 11758 10174 3799
21343 105926 134830 11764 10182 3801
21342 105928 134834 11774 10184 3807
21345 105929 134838 11781 10178 3824
21348 105935 134838 11767 10171 3838
21349 105938 134840 11732 10160 3848
21350 105942 134845 11699 10148 3874
21355 105946 134834 11701 10151 3886
21352 105946 134837 11731 10168 3861
21356 105948 134842 11751 10173 3837
21359 105957 134850 11769 10169 3833
21363 105965 134853 11782 10174 3820
21368 105974 134860 11784 10175 3809
21372 105980 134865 11785 10165 3815
21378 105989 134868 11775 10159 3815
21382 105996 134874 11760 10162 3805
21384 106002 134868 11726 10135 3823
21388 106005 134873 11744 10157 3811
21393 106014 134876 11765 10169 3800
21398 106018 134875 11781 10180 3795
21400 106022 134882 11791 10182 3794
21405 106023 134878 11789 10186 3792
21407 106019 134882 11782 10190 3795
21405 106004 134879 11785 10193 3799
21400 105992 134880 11782 10196 3801
21390 105986 134881 11711 10157 3813
21387 105983 134890 11719 10175 3825
21384 105984 134896 11743 10195 3845
21380 105993 134899 11745 10211 3844
21380 105993 134900 11735 10207 3831
21380 105996 134903 11718 10197 3833
21381 106000 134916 11706 10192 3845
21384 106006 134916 11697 10187 3855
21378 105996 134899 11686 10183 3853
21380 105997 134893 11662 10153 3869
21379 105996 134890 11698 10174 3864
21379 105996 134884 11734 10192 3845
21378 105995 134877 11745 10200 3830
21378 105990 134875 11748 10203 3829
21379 105994 134881 11751 10194 3845
21382 105999 134883 11750 10185 3858
21381 106001 134883 11738 10182 3853
21384 105999 134881 11724 10179 3860
21383 106002 134880 11719 10175 3872
21384 106006 134877 11711 10166 3877
21387 106005 134879 11733 10165 3866
21387 106005 134878 11765 10168 3843
21387 106013 134871 11773 10163 3836
21393 106016 134877 11777 10163 3839
21395 106026 134880 11770 10160 3839
21402 106027 134880 11765 10154 3840
21403 106034 134877 11761 10150 3836
21408 106038 134875 11749 10153 3827
21409 106043 134875 11745 10154 3826
21412 106044 134865 11736 10138 3840
21415 106051 134870 11752 10139 3848
21419 106059 134876 11793 10159 3846
21423 106068 134875 11818 10170 3839
21426 106074 134874 11822 10179 3823
21429 106073 134865 11805 10183 3815
21433 106070 134868 11797 10176 3810
21429 106054 134864 11796 10167 3804
21423 106029 134845 11777 10161 3802
21413 106016 134837 11745 10150 3806
21407 106005 134830 11709 10128 3850
21401 106007 134835 11691 10134 3891
21399 106013 134846 11693 10174 3896
21399 106014 134846 11692 10188 3892
21399 106020 134849 11685 10188 3896
21399 106025 134855 11676 10182 3910
21401 106032 134858 11675 10163 3919
21400 106027 134850 11662 10143 3913
21398 106032 134844 11641 10137 3896
21401 106026 134841 11627 10150 3891
21400 106025 134836 11633 10182 3960
21396 106020 134820 11645 10197 3953
21394 106008 134804 11642 10203 3963
21390 106002 134784 11643 10197 3982
21383 105994 134769 11647 10194 3992
21381 105988 134749 11650 10192 3993
21377 105979 134729 11656 10191 3985
21370 105970 134708 11679 10195 3968
21365 105961 134680 11706 10192 3954
21357 105944 134645 11714 10177 3947
21352 105935 134616 11700 10156 3943
21344 105918 134580 11704 10143 3933
21338 105904 134546 11722 10144 3928
21326 105878 134489 11729 10141 3926
21313 105850 134428 11737 10139 3917
21297 105801 134338 11740 10140 3912
21280 105757 134254 11744 10138 3918
21274 105775 134254 11766 10143 3913
21279 105787 134267 11782 10148 3905
21270 105755 134226 11781 10138 3914
21253 105694 134139 11784 10142 3948
21261 105656 134151 11859 10180 3984
21247 105577 134083 11987 10237 4014
21216 105490 133949 12037 10303 4067
21201 105452 133897 11758 10153 4023
21187 105413 133847 11360 10027 3969
21170 105361 133784 11372 10079 4028
21162 105338 133767 11473 9981 4012
21169 105338 133789 11369 9879 3966
21164 105318 133777 11388 9923 3991
21153 105287 133738 11578 10059 4075
21133 105244 133673 11639 10136 4063
21119 105197 133614 11774 10206 4039
21107 105164 133572 11931 10247 3958
21105 105143 133554 12025 10228 3857
21105 105149 133565 12023 10140 3766
21106 105155 133564 11939 10004 3703
21110 105173 133582 11863 9898 3677
21120 105206 133628 11853 9869 3678
21130 105235 133659 11846 9921 3716
21140 105269 133706 11846 10007 3745
21149 105302 133759 11887 10094 3806
21156 105328 133793 11918 10150 3881
21166 105356 133834 11934 10180 3935
21178 105388 133885 11954 10187 3962
21188 105419 133935 11966 10174 3986
21201 105454 133983 11944 10137 4021
21212 105486 134034 11910 10076 4048
21224 105519 134081 11873 9993 4077
21239 105551 134134 11823 9916 4116
21251 105583 134170 11794 9885 4146
21262 105605 134205 11770 9890 4152
21273 105634 134245 11746 9905 4156
21283 105655 134271 11730 9923 4178
21341 105742 134426 11637 10173 3999
21336 105738 134432 11642 10191 3986
21330 105737 134445 11686 10210 3974
21331 105742 134465 11720 10221 3954
21328 105747 134480 11725 10221 3929
21324 105754 134478 11698 10201 3944
21326 105756 134486 11669 10188 3950
21327 105762 134496 11666 10183 3919
21333 105775 134518 11672 10172 3899
21335 105786 134532 11678 10157 3878
21336 105786 134536 11676 10154 3857
21337 105795 134543 11704 10161 3844
21342 105805 134559 11734 10167 3834
21342 105802 134562 11746 10166 3818
21344 105803 134568 11754 10153 3816
21344 105804 134570 11742 10140 3837
21341 105803 134564 11736 10146 3855
21341 105800 134561 11765 10158 3858
21339 105798 134560 11785 10153 3858
21336 105801 134548 11775 10142 3858
