2025-08-20 02:43:45    绿光---红外光---红光---X轴---Y轴---Z轴
51043 392108 398868 -15360 5688 45
51153 392188 398906 -15362 5664 78
51276 392298 398981 -15366 5634 101
51405 392417 399050 -15368 5602 125
51534 392486 399082 -15358 5587 142
51663 392519 399101 -15337 5584 154
51787 392579 399122 -15317 5567 173
51907 392636 399143 -15319 5540 201
52041 392736 399200 -15331 5509 237
52177 392842 399259 -15324 5501 286
52306 392925 399307 -15317 5537 323
52432 392962 399320 -15329 5558 325
52551 392975 399316 -15322 5553 318
52668 392988 399292 -15325 5552 325
52798 393031 399310 -15332 5546 333
52939 393134 399379 -15332 5535 349
53076 393247 399445 -15347 5519 358
53170 393277 399446 -15367 5498 347
53141 393221 399394 -15385 5481 338
52948 393049 399298 -15408 5463 354
51646 392486 399057 -15424 5385 416
51671 392493 399050 -15410 5386 400
51675 392495 399068 -15409 5395 395
51656 392479 399064 -15424 5410 405
51630 392492 399068 -15435 5429 401
51620 392496 399076 -15438 5465 375
51632 392517 399100 -15414 5515 333
51666 392566 399131 -15375 5554 272
51722 392641 399174 -15353 5580 225
51792 392722 399227 -15340 5610 189
51882 392786 399261 -15316 5637 144
51975 392844 399295 -15291 5651 113
52082 392906 399334 -15271 5663 91
52203 392981 399357 -15266 5681 51
52330 393065 399414 -15287 5712 11
52468 393158 399469 -15309 5759 -16
52605 393222 399509 -15303 5803 -51
52752 393334 399555 -15294 5834 -94
52897 393402 399608 -15295 5864 -141
53046 393491 399656 -15294 5886 -198
53192 393564 399685 -15274 5921 -255
53340 393644 399725 -15222 5972 -312
53486 393742 399772 -15165 6017 -370
53628 393835 399829 -15121 6065 -419
53770 393937 399884 -15090 6104 -453
53909 394007 399927 -15080 6126 -488
54053 394095 399950 -15074 6147 -521
54197 394166 399996 -15060 6174 -541
54351 394272 400030 -15050 6193 -565
54509 394353 400076 -15061 6169 -600
54665 394423 400128 -15077 6164 -640
54780 394492 400160 -15076 6220 -683
54783 394449 400137 -15070 6248 -727
54641 394354 400085 -15061 6255 -770
54369 394199 399991 -15050 6272 -795
54065 394005 399885 -15048 6283 -810
53809 393875 399811 -15052 6278 -812
53640 393795 399780 -15046 6276 -811
53550 393760 399771 -15030 6287 -825
53510 393761 399764 -15103 6281 -903
53499 393752 399772 -15126 6304 -921
53516 393779 399777 -15117 6319 -924
53569 393837 399805 -15082 6318 -947
53644 393879 399832 -15033 6317 -989
53702 393904 399841 -14993 6325 -1031
53731 393930 399850 -14974 6320 -1059
53729 393885 399835 -14965 6303 -1084
53705 393878 399817 -14958 6299 -1095
53683 393871 399823 -14965 6298 -1101
53673 393869 399828 -14983 6287 -1098
53684 393874 399820 -14979 6291 -1100
53721 393914 399846 -14966 6314 -1122
53772 393953 399861 -14986 6334 -1139
53839 393988 399891 -15021 6348 -1151
53916 394028 399911 -15041 6344 -1147
54007 394115 399950 -15044 6324 -1123
54105 394181 399993 -15037 6309 -1101
54209 394254 400024 -15038 6296 -1098
54327 394326 400056 -15048 6273 -1108
54452 394416 400118 -15077 6235 -1121
54591 394524 400176 -15095 6220 -1115
54726 394636 400250 -15076 6232 -1105
54860 394741 400285 -15051 6237 -1106
55000 394819 400325 -15022 6251 -1105
55134 394898 400379 -15002 6275 -1106
55267 394971 400412 -15006 6279 -1078
55400 395054 400457 -15040 6262 -1039
55530 395120 400478 -15067 6255 -1034
55660 395171 400518 -15059 6256 -1053
55783 395242 400553 -15066 6223 -1113
55907 395320 400597 -15036 6232 -1127
55994 395352 400602 -15035 6238 -1116
55969 395281 400554 -15046 6248 -1092
55821 395186 400495 -15050 6264 -1084
55570 395042 400424 -15047 6275 -1079
55286 394881 400313 -15043 6275 -1061
55046 394747 400241 -15028 6272 -1046
54891 394669 400206 -14999 6279 -1046
54809 394662 400188 -15071 6266 -1082
54780 394669 400186 -15079 6286 -1067
54777 394676 400187 -15061 6307 -1038
54806 394709 400219 -15043 6318 -1030
54876 394773 400249 -15038 6323 -1031
54956 394815 400267 -15042 6320 -1030
55018 394845 400273 -15027 6313 -1032
55047 394871 400294 -15004 6317 -1030
55048 394862 400273 -14999 6316 -1045
55035 394846 400270 -15010 6299 -1059
55019 394833 400272 -15025 6282 -1068
55023 394843 400261 -15024 6288 -1093
55045 394852 400272 -15025 6313 -1117
55082 394881 400292 -15029 6332 -1114
55138 394919 400307 -15020 6340 -1102
55202 394962 400320 -15005 6342 -1093
55277 394988 400337 -15003 6344 -1076
55360 395047 400348 -15007 6351 -1060
55450 395070 400377 -14999 6357 -1054
55548 395138 400403 -15008 6350 -1056
55650 395194 400428 -15043 6332 -1053
55759 395229 400451 -15049 6329 -1045
57034 395862 400766 -15063 6298 -938
57139 395918 400792 -15054 6288 -930
57201 395929 400787 -15045 6281 -919
57146 395846 400719 -15040 6283 -913
56951 395712 400635 -15048 6292 -911
56628 395540 400540 -15059 6293 -905
56265 395335 400418 -15052 6280 -889
55953 395172 400338 -15058 6268 -934
55730 395068 400272 -15060 6298 -959
55585 395004 400250 -15086 6324 -937
55497 394978 400229 -15095 6335 -921
55438 394970 400215 -15066 6330 -924
55395 394977 400213 -15033 6320 -924
55387 395001 400227 -15014 6306 -938
55412 395033 400239 -15013 6295 -932
55431 395038 400245 -15015 6290 -903
55431 395046 400247 -15052 6262 -872
55399 395012 400227 -15047 6267 -852
55345 394995 400215 -15038 6287 -838
55284 394967 400189 -15044 6300 -844
55231 394927 400184 -15038 6311 -854
55194 394927 400155 -15037 6318 -856
55177 394918 400154 -15043 6319 -850
55175 394930 400166 -15046 6316 -825
55197 394947 400166 -15054 6312 -809
55234 394984 400186 -15065 6298 -821
55281 395022 400204 -15086 6279 -822
55337 395057 400235 -15091 6274 -801
55410 395099 400249 -15077 6275 -781
55490 395159 400278 -15074 6278 -776
55577 395193 400308 -15059 6283 -788
55676 395254 400334 -15049 6283 -796
55778 395337 400365 -15051 6277 -794
55879 395402 400409 -15055 6265 -789
55987 395452 400430 -15061 6249 -771
56093 395496 400457 -15064 6243 -753
56199 395581 400485 -15094 6220 -748
56300 395632 400530 -15102 6207 -742
56399 395694 400551 -15072 6238 -735
56494 395742 400578 -15065 6258 -737
55496 395091 400167 -15055 6299 -748
55236 394955 400102 -15069 6301 -748
55056 394872 400068 -15066 6291 -738
54923 394819 400039 -15055 6286 -736
54828 394800 400014 -15048 6286 -729
54753 394756 400016 -15070 6216 -736
54716 394765 400019 -15061 6220 -727
54714 394787 400038 -15066 6245 -719
54713 394805 400032 -15081 6261 -718
54689 394799 400023 -15077 6272 -715
54630 394754 400020 -15072 6285 -721
54548 394721 399976 -15070 6287 -734
54464 394684 399963 -15058 6292 -751
54387 394662 399946 -15052 6300 -759
54329 394626 399928 -15067 6288 -753
54299 394614 399923 -15085 6256 -754
54288 394592 399926 -15078 6243 -759
54297 394618 399948 -15060 6251 -755
54320 394620 399957 -15053 6262 -745
54353 394654 399953 -15061 6266 -736
55264 395164 400231 -15079 6223 -762
55355 395195 400243 -15087 6241 -778
55446 395232 400261 -15090 6247 -786
55531 395277 400283 -15083 6243 -772
55617 395328 400300 -15070 6240 -761
55712 395355 400316 -15094 6155 -781
55807 395415 400352 -15098 6177 -781
55895 395459 400371 -15116 6202 -787
55929 395438 400359 -15115 6216 -791
55829 395342 400311 -15086 6216 -788
55577 395223 400214 -15067 6213 -783
55203 395009 400076 -15092 6224 -782
54811 394784 399963 -15139 6234 -781
54492 394621 399873 -15162 6225 -770
54268 394518 399828 -15174 6175 -760
54121 394464 399793 -15166 6124 -757
54030 394425 399777 -15127 6132 -758
53968 394423 399785 -15087 6153 -763
53934 394422 399786 -15077 6163 -774
53940 394446 399807 -15080 6171 -793
53960 394449 399796 -15076 6178 -823
53959 394462 399803 -15057 6178 -833
53928 394428 399789 -15041 6186 -834
53863 394392 399761 -15045 6202 -843
53781 394365 399740 -15063 6201 -846
53704 394331 399739 -15111 6191 -863
53641 394298 399724 -15130 6203 -881
53608 394293 399731 -15099 6225 -882
53597 394299 399738 -15078 6234 -877
53611 394341 399750 -15073 6233 -864
53634 394355 399762 -15081 6234 -861
53666 394383 399760 -15088 6236 -872
53714 394420 399806 -15081 6240 -875
53775 394472 399839 -15074 6240 -872
53845 394529 399858 -15078 6221 -890
53925 394566 399880 -15093 6183 -925
54013 394617 399924 -15089 6176 -934
54109 394671 399950 -15065 6202 -911
54215 394751 399975 -15053 6215 -891
54323 394809 400014 -15046 6217 -889
53150 394179 399689 -15029 6267 -858
53183 394189 399693 -15039 6281 -846
53183 394189 399698 -15050 6296 -853
53145 394144 399677 -15068 6289 -866
53081 394116 399663 -15088 6268 -863
53010 394054 399632 -15085 6264 -855
52950 394029 399625 -15073 6281 -843
52919 394026 399623 -15066 6286 -829
52904 394021 399626 -15054 6285 -827
52917 394031 399626 -15048 6283 -833
52953 394044 399650 -15052 6274 -841
52997 394081 399670 -15048 6272 -841
53051 394122 399703 -15038 6284 -841
53117 394167 399726 -15047 6287 -839
53198 394216 399749 -15065 6274 -839
53282 394246 399789 -15049 6271 -841
53379 394309 399821 -15020 6281 -838
53485 394372 399847 -15011 6291 -843
53591 394429 399888 -15015 6294 -841
53710 394511 399937 -15031 6287 -817
53826 394576 399956 -15047 6281 -794
53942 394641 399995 -15065 6282 -771
54054 394705 400041 -15068 6284 -757
54166 394754 400082 -15058 6277 -760
54271 394796 400094 -15073 6242 -780
54378 394874 400133 -15078 6235 -782
54488 394941 400176 -15066 6262 -759
54601 394983 400192 -15071 6271 -744
54715 395020 400218 -15069 6273 -740
54825 395082 400248 -15052 6281 -747
54914 395112 400254 -15051 6293 -745
54892 395031 400215 -15068 6292 -725
54713 394897 400135 -15055 6280 -701
54356 394673 399988 -15035 6276 -699
53912 394405 399852 -15112 6241 -735
53501 394181 399738 -15123 6232 -708
53188 393998 399652 -15107 6223 -674
52964 393904 399602 -15086 6214 -659
52808 393845 399583 -15066 6201 -652
52688 393792 399539 -15056 6188 -644
52193 393587 399487 -15099 6154 -623
52190 393587 399491 -15117 6145 -618
52204 393601 399506 -15138 6137 -609
52239 393633 399521 -15155 6127 -610
52288 393655 399547 -15146 6139 -608
52349 393695 399556 -15125 6160 -616
52420 393728 399599 -15113 6163 -630
52507 393793 399620 -15100 6167 -621
52601 393837 399643 -15083 6168 -620
52703 393883 399685 -15086 6162 -629
52816 393953 399710 -15096 6160 -621
52935 394019 399753 -15101 6160 -606
53054 394075 399777 -15109 6152 -608
53173 394125 399814 -15127 6107 -607
53292 394181 399858 -15152 6090 -604
53409 394245 399886 -15144 6123 -609
53521 394297 399911 -15137 6137 -619
53632 394347 399949 -15135 6140 -625
53749 394429 399969 -15120 6147 -627
53863 394481 400015 -15116 6148 -637
53979 394535 400043 -15120 6140 -642
54098 394601 400070 -15117 6139 -630
54221 394640 400109 -15112 6157 -625
54349 394723 400136 -15147 6117 -653
54471 394770 400162 -15112 6133 -650
54528 394764 400145 -15098 6140 -650
54444 394660 400085 -15115 6167 -651
54187 394495 399981 -15155 6192 -654
53807 394239 399848 -15187 6190 -647
53416 393997 399718 -15187 6176 -631
52423 393548 399503 -15166 6080 -614
52358 393506 399468 -15167 6086 -616
52288 393471 399456 -15178 6077 -630
52233 393444 399435 -15181 6054 -635
52196 393419 399421 -15171 6039 -627
52182 393418 399429 -15171 6044 -626
52191 393417 399423 -15189 6071 -627
52216 393433 399434 -15201 6089 -638
52259 393463 399437 -15180 6087 -650
52321 393506 399472 -15147 6093 -648
53435 394095 399785 -15144 6081 -632
53548 394152 399831 -15133 6075 -628
53655 394225 399842 -15124 6068 -625
53764 394260 399858 -15137 6031 -625
53882 394324 399893 -15153 6012 -618
54005 394391 399928 -15152 6034 -581
54129 394468 399972 -15157 6037 -545
54225 394498 399995 -15155 6025 -528
54228 394468 399957 -15141 6024 -518
54083 394359 399881 -15156 6049 -532
53803 394184 399792 -15197 6085 -558
53466 393966 399672 -15215 6123 -566
53175 393804 399597 -15214 6147 -565
52962 393707 399540 -15208 6144 -576
52833 393667 399524 -15181 6151 -592
52761 393642 399509 -15129 6162 -590
52727 393640 399502 -15078 6165 -590
52717 393664 399501 -15047 6174 -605
52741 393675 399535 -15043 6177 -611
52802 393719 399539 -15050 6182 -589
52863 393750 399557 -15068 6191 -560
52891 393758 399563 -15092 6196 -561
52884 393738 399547 -15111 6201 -568
52844 393687 399519 -15159 6175 -538
52805 393670 399509 -15128 6202 -525
52778 393675 399511 -15099 6201 -518
52766 393676 399522 -15086 6200 -514
52774 393684 399527 -15079 6202 -524
52810 393710 399542 -15077 6196 -520
52859 393770 399562 -15077 6193 -503
52921 393809 399595 -15073 6194 -509
52991 393845 399608 -15071 6192 -523
53079 393914 399651 -15118 6151 -564
53176 393958 399683 -15105 6178 -559
53282 394012 399709 -15086 6194 -550
53395 394100 399743 -15073 6188 -546
53518 394157 399785 -15086 6175 -535
53645 394225 399820 -15101 6165 -506
53773 394296 399856 -15119 6163 -469
53900 394378 399893 -15132 6157 -449
54026 394429 399935 -15126 6139 -446
54149 394491 399976 -15164 6068 -437
54268 394571 400009 -15168 6073 -434
54386 394638 400036 -15146 6100 -440
54501 394707 400084 -15133 6117 -455
54623 394770 400108 -15137 6137 -478
54741 394830 400130 -15125 6152 -481
54862 394915 400170 -15105 6150 -470
54980 394958 400199 -15093 6158 -473
55059 394972 400201 -15092 6170 -486
55018 394917 400162 -15128 6168 -498
54819 394784 400067 -15172 6135 -496
54477 394562 399945 -15176 6127 -485
54091 394330 399817 -15140 6154 -487
53761 394148 399720 -15109 6160 -492
53518 394033 399678 -15099 6153 -491
53352 393950 399619 -15096 6144 -488
53243 393913 399608 -15085 6138 -484
53167 393872 399589 -15080 6141 -487
53105 393852 399576 -15092 6147 -495
53085 393864 399581 -15106 6159 -497
53096 393897 399596 -15121 6143 -497
53122 393918 399607 -15131 6137 -516
53133 393911 399612 -15124 6166 -532
53118 393916 399603 -15113 6182 -534
53078 393881 399590 -15109 6188 -533
53029 393859 399578 -15097 6186 -519
52982 393833 399564 -15074 6180 -509
52956 393834 399551 -15059 6180 -511
52952 393810 399560 -15066 6179 -513
52970 393836 399578 -15083 6180 -511
53003 393873 399596 -15164 6161 -523
53050 393902 399608 -15150 6180 -511
53112 393941 399638 -15119 6186 -501
53187 393996 399668 -15104 6184 -508
53275 394059 399710 -15092 6185 -512
53375 394092 399728 -15088 6187 -519
53476 394160 399755 -15093 6187 -527
53588 394227 399791 -15101 6184 -522
53706 394289 399821 -15115 6187 -519
53832 394349 399865 -15147 6124 -550
53959 394426 399902 -15135 6143 -563
54082 394501 399932 -15119 6162 -574
54201 394560 399973 -15100 6167 -575
54321 394634 400003 -15099 6162 -572
54436 394691 400034 -15108 6163 -575
54547 394747 400073 -15110 6169 -587
54661 394820 400104 -15106 6172 -599
54774 394882 400124 -15094 6173 -597
54892 394918 400157 -15090 6153 -593
55011 394990 400173 -15093 6124 -609
55123 395044 400204 -15105 6137 -622
55182 395030 400190 -15126 6177 -615
55102 394949 400130 -15133 6199 -602
54867 394795 400036 -15126 6185 -588
54510 394532 399902 -15118 6165 -582
54135 394278 399757 -15105 6162 -584
53827 394099 399645 -15089 6151 -589
53604 393937 399567 -15082 6129 -589
53450 393851 399509 -15100 6098 -596
53347 393786 399490 -15139 6052 -616
53269 393747 399459 -15154 6037 -614
53210 393716 399445 -15142 6053 -597
53188 393724 399426 -15135 6052 -593
53197 393706 399422 -15146 6046 -595
53195 393664 399393 -15168 6052 -591
53182 393648 399386 -15185 6048 -581
53130 393594 399362 -15185 6034 -572
53057 393553 399327 -15170 6021 -568
52983 393505 399298 -15155 6007 -570
52920 393472 399273 -15139 6052 -616
52883 393449 399278 -15154 6037 -614
52872 393472 399285 -15142 6053 -597
52884 393479 399284 -15135 6052 -593
52906 393491 399290 -15146 6046 -595
52938 393512 399304 -15168 6052 -591
52987 393550 399324 -15185 6048 -581
53050 393621 399357 -15185 6034 -572
53129 393695 399409 -15170 6021 -568
53217 393770 399452 -15155 6007 -570
53313 393851 399495 -15199 5978 -580
53416 393890 399526 -15182 5993 -581
53520 393966 399563 -15179 6006 -594
53634 394052 399605 -15175 6017 -600
53751 394126 399664 -15162 6017 -599
53864 394195 399695 -15148 6010 -598
53972 394262 399730 -15142 6014 -597
54081 394335 399772 -15141 6016 -589
54194 394421 399831 -15158 6010 -585
54306 394498 399892 -15198 5983 -584
54427 394586 399947 -15223 5979 -573
54566 394705 400021 -15210 6011 -555
54707 394859 400093 -15197 6029 -556
54831 394903 400123 -15197 6025 -574
54886 394874 400110 -15185 6031 -581
54797 394715 399983 -15168 6056 -583
54547 394454 399829 -15163 6061 -586
54185 394070 399586 -15165 6065 -584
53811 393700 399364 -15161 6079 -600
53495 393370 399149 -15153 6076 -622
51905 389911 396685 -15163 5994 -627
51831 389936 396706 -15195 5990 -635
51782 390053 396788 -15253 5975 -626
51754 390168 396895 -15246 5991 -629
51746 390281 396970 -15184 6038 -671
51749 390324 397005 -15152 6054 -727
51769 390405 397069 -15157 6027 -747
51811 390587 397186 -15196 5987 -732
51868 390745 397297 -15162 5963 -729
51926 390812 397339 -15101 5921 -734
51998 390880 397384 -15157 5854 -684
52089 391033 397471 -15264 5822 -634
52208 391297 397659 -15284 5836 -641
52342 391546 397837 -15241 5884 -681
52480 391745 397945 -15244 5955 -717
52620 391912 398058 -15299 6020 -752
52754 392094 398155 -15298 6065 -805
52879 392226 398239 -15199 6099 -897
52986 392316 398287 -15085 6121 -969
53087 392418 398375 -15065 6113 -960
51797 391856 398147 -15092 6206 -988
51729 391879 398159 -15075 6237 -1029
51683 391877 398177 -15082 6283 -1072
51679 391930 398199 -15090 6300 -1080
51714 391981 398230 -15053 6295 -1075
51750 392041 398263 -15002 6293 -1085
51771 392116 398298 -14976 6291 -1085
51760 392159 398343 -14978 6281 -1074
51734 392208 398383 -14985 6274 -1064
51685 392189 398369 -14998 6266 -1075
51646 392158 398350 -15027 6251 -1090
51619 392173 398370 -15037 6253 -1083
51613 392194 398399 -15037 6278 -1063
51628 392248 398427 -15052 6300 -1051
51657 392276 398448 -15061 6314 -1039
51698 392302 398474 -15071 6323 -1021
51754 392331 398490 -15076 6305 -1003
51830 392394 398534 -15078 6271 -991
51924 392459 398564 -15073 6257 -992
52021 392518 398598 -15054 6261 -1010
52122 392604 398643 -15055 6245 -1023
52226 392635 398664 -15067 6231 -1017
52334 392711 398719 -15063 6242 -1010
52446 392778 398746 -15042 6255 -1008
52567 392842 398806 -15021 6267 -1022
52687 392927 398833 -15016 6267 -1022
52797 393000 398870 -15031 6261 -1008
52874 393038 398894 -15044 6251 -997
52851 392995 398853 -15050 6240 -976
52673 392846 398792 -15057 6242 -965
52374 392637 398691 -15090 6227 -964
52038 392443 398573 -15093 6253 -965
51742 392284 398505 -15103 6263 -948
51514 392192 398457 -15096 6267 -937
51346 392151 398434 -15075 6260 -934
51224 392121 398425 -15049 6260 -939
51134 392109 398411 -15033 6264 -954
51067 392106 398412 -15056 6267 -954
51044 392127 398423 -15081 6276 -932
51065 392172 398445 -15096 6275 -912
51959 392794 398865 -15061 6206 -920
52068 392862 398908 -15071 6195 -898
52173 392924 398940 -15079 6225 -873
52266 392963 398973 -15092 6236 -839
52345 393003 398970 -15083 6243 -821
52320 392932 398935 -15066 6259 -821
52145 392794 398871 -15054 6269 -830
51829 392590 398768 -15051 6267 -834
51473 392374 398645 -15060 6262 -833
51145 392209 398557 -15053 6255 -848
50887 392077 398495 -15067 6220 -868
50698 391998 398474 -15092 6198 -875
50563 391942 398427 -15079 6199 -860
50460 391918 398414 -15065 6203 -841
50386 391897 398397 -15079 6223 -825
50352 391886 398402 -15116 6238 -804
50358 391891 398418 -15139 6243 -787
50378 391899 398407 -15121 6238 -775
50385 391876 398405 -15085 6235 -772
50354 391850 398392 -15075 6222 -778
50362 391881 398478 -15150 6085 -660
50455 391932 398509 -15148 6098 -640
50549 391976 398526 -15148 6105 -618
50650 392030 398560 -15156 6100 -601
50757 392057 398570 -15168 6091 -591
50865 392111 398614 -15176 6088 -591
50975 392175 398653 -15177 6094 -585
51078 392213 398658 -15174 6102 -583
51180 392267 398702 -15180 6085 -608
51278 392306 398738 -15183 6043 -641
51380 392353 398761 -15167 6021 -652
51477 392414 398796 -15133 6015 -650
51579 392480 398841 -15127 6010 -642
51680 392535 398866 -15157 6015 -632
51777 392574 398890 -15183 6032 -623
51828 392574 398886 -15197 6048 -618
51745 392475 398830 -15205 6059 -627
51505 392290 398719 -15197 6060 -638
51162 392043 398593 -15185 6049 -657
50815 391843 398480 -15198 6023 -689
49986 391555 398357 -15197 5955 -661
49916 391499 398342 -15205 5955 -644
49854 391478 398334 -15205 5962 -646
49808 391457 398322 -15184 5961 -656
49787 391449 398337 -15176 5962 -663
49786 391446 398334 -15205 5981 -671
49804 391477 398349 -15225 6013 -681
49831 391501 398373 -15210 6028 -683
49875 391531 398399 -15206 5959 -708
49933 391575 398408 -15194 5960 -717
50001 391610 398443 -15202 5978 -710
50077 391681 398482 -15209 5990 -704
50163 391732 398499 -15209 6001 -712
50250 391800 398552 -15211 6018 -715
50339 391856 398584 -15196 6025 -711
50436 391921 398629 -15171 6022 -715
50535 391958 398646 -15157 6019 -724
50631 392008 398682 -15151 6005 -727
50727 392089 398710 -15173 5990 -742
50830 392157 398763 -15188 6002 -747
50927 392198 398776 -15179 6017 -729
51025 392226 398802 -15177 6016 -725
51131 392297 398841 -15164 6027 -731
51209 392319 398861 -15158 6040 -735
51198 392263 398840 -15157 6044 -736
51035 392110 398762 -15156 6049 -736
50753 391922 398655 -15165 6049 -744
50430 391721 398544 -15159 6036 -737
50151 391586 398478 -15149 5992 -721
49938 391500 398427 -15147 5972 -717
49680 391510 398489 -15124 6046 -745
49656 391510 398499 -15139 6055 -746
49661 391528 398514 -15160 6066 -756
49683 391549 398542 -15168 6076 -750
49727 391603 398573 -15178 6086 -729
49783 391645 398600 -15191 6095 -724
49852 391707 398640 -15189 6098 -721
49926 391755 398675 -15178 6039 -748
50018 391830 398728 -15166 6068 -752
50121 391888 398759 -15166 6104 -763
51426 392588 399184 -15147 6117 -761
51539 392652 399220 -15141 6120 -764
51646 392724 399245 -15139 6132 -759
51704 392719 399237 -15144 6141 -755
51617 392598 399167 -15140 6144 -749
51373 392411 399075 -15141 6145 -741
51031 392181 398963 -15157 6126 -730
50698 391987 398856 -15158 6084 -720
50425 391872 398783 -15148 6086 -707
50223 391759 398725 -15154 6135 -704
50086 391707 398692 -15178 6154 -714
49986 391688 398685 -15200 6154 -718
49909 391678 398698 -15183 6151 -707
49858 391664 398678 -15150 6136 -692
49852 391698 398711 -15124 6119 -694
49890 391737 398745 -15102 6096 -667
49926 391757 398755 -15114 6059 -621
49935 391764 398759 -15165 6018 -635
49917 391743 398745 -15188 6072 -643
49877 391721 398721 -15186 6108 -649
49837 391693 398724 -15165 6136 -675
49810 391682 398715 -15165 6159 -703
49807 391692 398719 -15174 6173 -720
49820 391693 398719 -15158 6175 -728
49857 391730 398744 -15136 6177 -723
49910 391777 398767 -15120 6173 -703
49982 391838 398813 -15153 6104 -676
50066 391857 398839 -15139 6095 -643
50162 391929 398865 -15128 6071 -595
50267 391994 398900 -15153 6046 -571
50384 392075 398944 -15173 6029 -573
50506 392151 398983 -15183 6030 -587
50632 392202 399036 -15190 6043 -589
50750 392263 399057 -15181 6052 -602
50871 392342 399109 -15168 6068 -620
50997 392411 399135 -15172 6063 -641
51120 392470 399171 -15183 6050 -668
51241 392523 399202 -15177 6069 -666
51364 392591 399238 -15177 6099 -642
51482 392648 399270 -15190 6109 -613
51602 392712 399319 -15188 6110 -588
51727 392783 399329 -15174 6120 -576
51850 392854 399363 -15164 6123 -576
51982 392921 399401 -15153 6118 -585
52111 392981 399445 -15151 6110 -592
52227 393053 399461 -15160 6091 -602
52267 393020 399434 -15176 6069 -611
52144 392889 399363 -15177 6077 -615
51865 392681 399257 -15162 6100 -604
51507 392442 399139 -15144 6113 -588
51177 392252 399040 -15132 6120 -585
50914 392140 398975 -15135 6130 -588
50726 392084 398941 -15162 6141 -592
50591 392035 398912 -15173 6144 -590
50492 392014 398903 -15166 6140 -587
50410 391991 398882 -15170 6123 -583
50356 391980 398894 -15184 6072 -580
50342 392027 398900 -15191 6031 -569
50365 392039 398919 -15166 6033 -553
50392 392046 398918 -15149 6038 -550
50551 392174 399000 -15177 6057 -639
50656 392224 399049 -15168 6059 -621
50765 392297 399082 -15173 6052 -610
50876 392360 399105 -15181 6052 -617
50995 392417 399136 -15164 6054 -625
51120 392498 399182 -15195 6024 -635
51249 392563 399231 -15179 6023 -632
51379 392631 399258 -15161 6036 -621
51509 392700 399287 -15150 6059 -620
51631 392752 399309 -15147 6063 -618
51761 392835 399345 -15150 6059 -597
51886 392888 399388 -15155 6070 -577
52007 392954 399426 -15173 6068 -581
52127 393006 399434 -15168 6059 -593
52250 393059 399475 -15172 6045 -600
52381 393154 399514 -15193 6001 -609
52512 393215 399551 -15182 5985 -600
52648 393266 399578 -15173 6010 -590
52790 393345 399624 -15172 6029 -589
52929 393414 399660 -15172 6052 -582
53049 393453 399684 -15189 6078 -593
53061 393391 399633 -15187 6100 -617
52913 393235 399533 -15137 6099 -616
52635 393019 399421 -15093 6082 -598
52313 392800 399299 -15108 6071 -596
52033 392661 399238 -15172 6042 -600
51823 392579 399189 -15224 6032 -585
51675 392525 399152 -15225 6046 -566
51582 392517 399166 -15209 6038 -555
51524 392524 399177 -15205 6018 -549
51481 392536 399174 -15198 5994 -557
51475 392537 399173 -15196 5982 -575
51510 392600 399206 -15179 5978 -582
51557 392649 399244 -15172 5982 -578
51587 392651 399231 -15197 6007 -582
51589 392635 399218 -15215 6011 -628
51572 392609 399208 -15183 6055 -673
51539 392586 399193 -15165 6072 -688
51513 392558 399178 -15155 6078 -686
51503 392558 399179 -15151 6069 -672
52380 392994 399374 -15172 5984 -688
52507 393055 399407 -15182 5981 -675
52628 393118 399453 -15195 5984 -655
52748 393169 399480 -15209 5963 -651
52865 393229 399513 -15211 5926 -657
52982 393297 399521 -15208 5912 -653
53099 393346 399554 -15203 5921 -643
53213 393396 399587 -15205 5930 -639
53330 393457 399611 -15209 5930 -642
53448 393513 399634 -15215 5931 -643
53572 393587 399676 -15229 5928 -642
53700 393666 399714 -15234 5919 -648
53825 393717 399739 -15235 5924 -653
53959 393775 399760 -15244 5931 -671
54096 393856 399803 -15261 5915 -696
54212 393900 399812 -15257 5902 -698
54240 393872 399784 -15230 5901 -688
54123 393724 399715 -15203 5906 -680
53886 393569 399614 -15201 5937 -691
53607 393380 399517 -15220 5968 -706
53365 393232 399444 -15244 5976 -704
53200 393171 399410 -15267 5970 -691
53097 393130 399392 -15261 5954 -690
53047 393123 399369 -15242 5934 -704
53026 393149 399377 -15235 5884 -709
53024 393171 399393 -15231 5855 -702
53054 393221 399408 -15231 5875 -693
53105 393265 399427 -15236 5906 -689
53154 393272 399435 -15230 5926 -680
53182 393283 399447 -15218 5932 -674
53171 393266 399419 -15230 5948 -681
53146 393255 399426 -15246 5961 -694
53117 393225 399406 -15241 5959 -694
53097 393224 399405 -15222 5960 -691
53096 393235 399414 -15223 5917 -734
53122 393260 399414 -15210 5943 -729
53166 393307 399445 -15192 5948 -714
53224 393336 399437 -15183 5956 -705
53285 393378 399465 -15184 5964 -706
53355 393399 399486 -15194 5961 -716
54795 394061 399796 -15245 6026 -648
54530 393892 399724 -15250 6017 -631
54322 393798 399666 -15253 5993 -633
54183 393755 399617 -15244 5955 -649
54108 393731 399600 -15223 5938 -651
54068 393755 399621 -15200 5943 -649
54050 393748 399619 -15180 5929 -646
54053 393789 399635 -15179 5932 -642
54095 393840 399660 -15199 5955 -629
54153 393896 399693 -15212 5978 -620
54193 393917 399692 -15214 6001 -627
54198 393907 399691 -15212 6015 -648
54177 393905 399679 -15210 6020 -666
54147 393883 399664 -15215 5991 -676
54116 393885 399661 -15216 5964 -677
54100 393871 399655 -15196 5977 -661
54098 393875 399659 -15185 5981 -657
54124 393891 399669 -15179 5976 -658
54157 393922 399669 -15176 5977 -653
54205 393955 399689 -15190 5988 -659
54263 393986 399713 -15208 5996 -663
54336 394029 399725 -15212 5994 -659
54418 394059 399762 -15199 5998 -657
54511 394115 399775 -15201 5947 -647
54617 394188 399827 -15199 5966 -628
54727 394245 399857 -15194 5991 -614
54837 394298 399885 -15191 6004 -609
54958 394366 399909 -15202 6009 -603
55076 394437 399950 -15211 6013 -592
55192 394524 399981 -15219 6019 -584
55311 394590 400025 -15222 6019 -579
55428 394641 400056 -15221 6019 -582
55541 394703 400079 -15217 5978 -592
55658 394785 400127 -15205 5986 -597
55774 394844 400159 -15199 6016 -589
55893 394909 400184 -15218 6037 -577
56014 394978 400221 -15215 6041 -562
56125 395057 400253 -15190 6052 -554
56176 395042 400261 -15179 6073 -575
56092 394951 400178 -15188 6080 -597
55852 394775 400068 -15199 6083 -596
55509 394553 399962 -15211 6067 -590
55166 394352 399846 -15218 6027 -592
54883 394175 399775 -15206 6009 -585
54675 394088 399719 -15182 6018 -580
54534 394038 399699 -15169 6020 -585
54440 394039 399682 -15161 6022 -588
54367 394021 399671 -15155 6034 -588
54312 394008 399661 -15152 6038 -588
54294 394051 399698 -15153 6033 -582
54307 394073 399713 -15160 6047 -583
54322 394089 399701 -15166 6057 -610
54312 394109 399722 -15208 6012 -629
54280 394085 399701 -15204 6035 -613
54225 394046 399677 -15194 6050 -615
54165 394012 399665 -15176 6057 -630
54107 393991 399650 -15167 6049 -629
54070 393977 399647 -15163 6045 -618
54056 393991 399646 -15175 6047 -610
54062 394017 399660 -15186 6047 -606
54086 394034 399681 -15188 6039 -609
54121 394060 399698 -15204 5990 -632
54169 394094 399702 -15191 5981 -620
54232 394109 399723 -15181 5973 -604
54305 394167 399745 -15193 5967 -586
54389 394199 399773 -15213 5971 -573
54479 394256 399803 -15220 5972 -572
54573 394309 399831 -15215 5968 -566
54678 394359 399871 -15211 5963 -558
54782 394416 399897 -15209 5952 -557
54884 394468 399916 -15214 5924 -565
54989 394517 399935 -15207 5935 -576
55094 394558 399978 -15196 5960 -591
55196 394609 399999 -15190 5972 -596
55301 394653 400027 -15194 5972 -596
55405 394724 400053 -15197 5981 -605
55508 394753 400074 -15196 5974 -614
55614 394790 400084 -15186 5969 -625
55722 394818 400111 -15174 5994 -658
55821 394839 400130 -15206 5994 -692
55869 394817 400100 -15245 5976 -715
55787 394699 400008 -15245 5990 -725
55543 394497 399917 -15228 6016 -729
55173 394233 399769 -15187 6031 -769
54798 393997 399634 -15118 6048 -834
54486 393837 399566 -15084 6064 -864
54257 393718 399512 -15128 6069 -861
54098 393657 399492 -15179 6058 -848
53992 393694 399523 -15155 6061 -867
53930 393798 399590 -15123 6096 -917
53890 393903 399642 -15179 6100 -942
53890 394036 399730 -15199 6118 -956
53910 394052 399734 -15178 6161 -979
53923 394069 399744 -15171 6165 -1002
53911 394060 399730 -15147 6166 -1023
53870 394029 399703 -15133 6167 -1047
53812 393998 399693 -15096 6159 -1062
53750 393960 399686 -15060 6153 -1084
53690 393895 399637 -15043 6139 -1115
53623 393725 399504 -15108 6089 -1110
53553 393442 399311 -15222 6035 -1108
53461 393071 399046 -15215 6045 -1130
53352 392673 398758 -15122 6088 -1161
53246 392295 398491 -15110 6103 -1197
53152 391911 398202 -15131 6091 -1201
53076 391543 397932 -15115 6071 -1191
53031 391254 397725 -15112 6055 -1237
53010 391035 397572 -15103 6049 -1283
53011 390841 397422 -15119 6019 -1235
53034 390707 397332 -15142 5975 -1168
54013 392166 398381 -15240 6052 -1007
54028 392136 398356 -15270 6059 -986
53894 392054 398327 -15224 6089 -991
53630 391932 398271 -15152 6094 -1021
53302 391775 398211 -15101 6088 -1031
53005 391675 398159 -15078 6100 -1041
52762 391628 398152 -15081 6099 -1049
52551 391572 398144 -15093 6088 -1039
52368 391538 398112 -15098 6103 -1036
52222 391514 398116 -15110 6126 -1049
51874 391671 398288 -15086 6225 -1142
51866 391669 398306 -15102 6214 -1134
51886 391714 398323 -15077 6227 -1124
51920 391742 398359 -15063 6231 -1109
51962 391769 398386 -15060 6239 -1091
52012 391826 398413 -15055 6239 -1074
52078 391874 398430 -15055 6230 -1067
52155 391934 398451 -15058 6221 -1064
52246 392008 398509 -15069 6209 -1055
52337 392075 398559 -15081 6194 -1038
52440 392157 398611 -15086 6225 -1142
52542 392233 398660 -15102 6214 -1134
52650 392286 398677 -15077 6227 -1124
52762 392363 398722 -15063 6231 -1109
52873 392419 398761 -15060 6239 -1091
52979 392466 398799 -15055 6239 -1074
53069 392534 398832 -15055 6230 -1067
53083 392501 398809 -15058 6221 -1064
52961 392399 398762 -15069 6209 -1055
52702 392223 398677 -15081 6194 -1038
52376 392031 398581 -15123 6139 -1034
52066 391847 398490 -15127 6164 -1042
51814 391749 398440 -15117 6173 -1023
51631 391681 398410 -15102 6172 -999
51508 391659 398398 -15087 6196 -999
51426 391658 398407 -15076 6223 -1014
51372 391651 398403 -15098 6242 -1026
51356 391685 398427 -15136 6252 -1029
51394 391744 398473 -15144 6250 -1012
51443 391790 398503 -15141 6221 -1004
51528 391923 398649 -15072 6206 -1134
51602 391975 398650 -15069 6207 -1129
51681 392008 398685 -15046 6219 -1129
51777 392083 398732 -15026 6220 -1139
51882 392160 398782 -15022 6235 -1145
51990 392213 398813 -15028 6255 -1157
52104 392284 398845 -15045 6256 -1175
52218 392346 398892 -15062 6266 -1177
52332 392425 398936 -15057 6279 -1179
52448 392510 398974 -15041 6278 -1200
51053 391657 398552 -15076 6218 -1192
50992 391629 398554 -15093 6249 -1200
50974 391654 398555 -15094 6259 -1197
51006 391706 398583 -15078 6245 -1187
51052 391719 398600 -15066 6226 -1185
51091 391737 398605 -15052 6209 -1188
51101 391733 398605 -15049 6204 -1184
51073 391684 398592 -15053 6197 -1163
51031 391671 398582 -15040 6179 -1143
50992 391666 398589 -15112 6110 -1143
50966 391650 398567 -15109 6129 -1166
50957 391615 398562 -15084 6152 -1180
50969 391605 398564 -15070 6171 -1173
50998 391628 398558 -15069 6193 -1183
51041 391642 398556 -15088 6205 -1191
51102 391655 398569 -15094 6207 -1177
51169 391666 398570 -15090 6193 -1142
51246 391726 398592 -15087 6175 -1098
51343 391757 398614 -15106 6150 -1069
51445 391827 398656 -15129 6109 -1062
51552 391901 398694 -15117 6103 -1061
51663 391968 398738 -15108 6124 -1056
51772 392025 398778 -15118 6135 -1046
51881 392101 398802 -15125 6146 -1008
51991 392149 398837 -15129 6142 -960
52103 392210 398872 -15153 6104 -939
52214 392275 398903 -15186 6059 -955
52317 392332 398950 -15200 6037 -966
52409 392388 398960 -15180 6014 -961
52423 392329 398934 -15162 5974 -962
50754 391672 398605 -15189 6038 -960
50801 391693 398619 -15195 6062 -951
50858 391708 398629 -15194 6064 -948
50924 391756 398624 -15179 6078 -957
51010 391824 398664 -15156 6094 -965
51104 391859 398683 -15130 6094 -989
51205 391924 398742 -15113 6103 -1026
51311 391995 398782 -15105 6116 -1059
51418 392087 398830 -15129 6070 -1092
51534 392174 398875 -15115 6081 -1101
51649 392232 398910 -15106 6110 -1111
51757 392311 398940 -15107 6112 -1112
51873 392391 398976 -15107 6109 -1096
51988 392458 399024 -15109 6110 -1077
52097 392514 399056 -15113 6102 -1063
52162 392521 399052 -15110 6100 -1062
52129 392437 399008 -15112 6107 -1063
51946 392290 398905 -15131 6106 -1070
51658 392101 398808 -15154 6087 -1068
51346 391928 398699 -15147 6088 -1062
51088 391802 398639 -15119 6106 -1075
50901 391712 398597 -15090 6126 -1088
50778 391696 398593 -15080 6157 -1096
50707 391690 398573 -15117 6176 -1091
50664 391683 398580 -15149 6195 -1065
50661 391709 398580 -15151 6201 -1047
50701 391761 398618 -15143 6195 -1059
50760 391801 398631 -15116 6188 -1077
50807 391844 398658 -15107 6147 -1076
50823 391863 398672 -15107 6128 -1074
50809 391855 398655 -15084 6159 -1089
50784 391837 398640 -15079 6178 -1093
50754 391801 398627 -15072 6179 -1086
50744 391803 398633 -15050 6185 -1089
50745 391819 398658 -15064 6198 -1110
50766 391850 398666 -15084 6205 -1129
50806 391861 398672 -15087 6216 -1117
50856 391899 398678 -15081 6230 -1098
50922 391942 398714 -15117 6174 -1093
50993 392008 398741 -15104 6192 -1091
52211 392563 399042 -15083 6206 -1022
52339 392638 399078 -15095 6196 -1013
52451 392735 399124 -15112 6195 -1016
52552 392796 399164 -15121 6198 -1030
52565 392744 399146 -15104 6205 -1034
52424 392600 399050 -15093 6215 -1045
52148 392404 398960 -15111 6206 -1057
51811 392196 398848 -15127 6173 -1058
51505 392050 398756 -15110 6176 -1050
51264 391946 398693 -15086 6210 -1056
51093 391885 398659 -15092 6229 -1080
50983 391860 398634 -15100 6240 -1077
50899 391850 398629 -15092 6237 -1068
50837 391827 398623 -15087 6234 -1074
50818 391848 398630 -15082 6226 -1067
50839 391877 398644 -15075 6202 -1060
50872 391908 398658 -15089 6158 -1089
50899 391936 398680 -15071 6174 -1100
50903 391936 398662 -15069 6198 -1098
50871 391911 398650 -15071 6221 -1096
50833 391910 398635 -15070 6230 -1104
50792 391894 398633 -15063 6228 -1110
50771 391901 398640 -15071 6236 -1122
50774 391903 398647 -15084 6237 -1134
50793 391936 398658 -15075 6236 -1139
50833 391970 398681 -15083 6228 -1138
50895 392016 398704 -15093 6212 -1126
50961 392046 398711 -15077 6210 -1115
51043 392085 398745 -15066 6229 -1116
51131 392124 398768 -15068 6243 -1118
51236 392189 398806 -15061 6241 -1125
51351 392275 398852 -15062 6236 -1141
51470 392328 398867 -15070 6232 -1132
51589 392364 398891 -15060 6226 -1112
51713 392423 398930 -15061 6223 -1093
51832 392508 398968 -15078 6213 -1065
51957 392583 399001 -15095 6191 -1057
52073 392620 399029 -15102 6189 -1068
52185 392670 399048 -15092 6192 -1066
52295 392724 399084 -15081 6189 -1050
52405 392774 399115 -15077 6196 -1048
52527 392835 399139 -15076 6208 -1058
52648 392891 399156 -15078 6208 -1067
52757 392926 399174 -15078 6207 -1064
52851 392963 399206 -15077 6214 -1048
52842 392933 399177 -15070 6215 -1036
52678 392765 399092 -15120 6174 -1021
52397 392540 398955 -15098 6197 -1012
52093 392348 398845 -15079 6221 -1023
51833 392236 398798 -15087 6234 -1040
51428 392179 398740 -15098 6099 -982
51393 392142 398705 -15097 6109 -998
51368 392128 398693 -15124 6108 -985
51367 392124 398697 -15163 6099 -945
51385 392159 398726 -15205 6032 -857
51420 392189 398734 -15211 6026 -838
51472 392225 398754 -15204 6044 -826
51531 392264 398774 -15187 6056 -835
51608 392312 398798 -15192 6065 -853
51692 392382 398846 -15208 6077 -871
51792 392437 398864 -15185 6084 -897
51892 392481 398890 -15146 6085 -912
52002 392533 398923 -15128 6102 -918
52118 392589 398957 -15136 6105 -922
52236 392664 398990 -15159 6061 -924
52363 392744 399050 -15151 6050 -922
52491 392800 399061 -15129 6084 -920
52611 392876 399091 -15123 6111 -930
52727 392925 399128 -15130 6128 -932
52841 392969 399149 -15126 6143 -925
52955 393024 399209 -15094 6158 -930
53070 393095 399221 -15072 6156 -941
53186 393143 399260 -15079 6151 -961
53305 393204 399302 -15102 6159 -975
53435 393273 399327 -15152 6145 -986
53562 393347 399375 -15136 6155 -1000
53687 393429 399409 -15121 6151 -984
53759 393425 399407 -15107 6153 -951
53702 393313 399346 -15087 6156 -944
53508 393152 399247 -15080 6176 -969
53244 392979 399154 -15093 6194 -992
52998 392840 399068 -15103 6192 -1003
52812 392754 399017 -15096 6170 -1000
52692 392734 399000 -15112 6110 -998
52627 392743 398995 -15101 6114 -989
52594 392767 399004 -15095 6109 -974
52586 392788 399015 -15095 6109 -970
52610 392815 399041 -15095 6112 -979
52662 392870 399044 -15090 6112 -986
52718 392906 399064 -15089 6125 -996
52760 392920 399079 -15111 6142 -1018
52764 392929 399076 -15124 6153 -1029
52748 392909 399064 -15134 6123 -1011
52719 392884 399061 -15133 6133 -1007
52701 392887 399056 -15129 6143 -1011
52704 392913 399081 -15127 6140 -1014
52730 392942 399100 -15125 6142 -1005
52769 392982 399116 -15113 6159 -1007
52822 393024 399125 -15098 6178 -1023
52884 393066 399158 -15090 6183 -1032
52960 393102 399177 -15089 6187 -1028
53041 393147 399191 -15097 6164 -1028
53130 393230 399233 -15115 6127 -1047
53231 393294 399280 -15106 6137 -1047
53334 393352 399296 -15078 6155 -1023
53448 393405 399345 -15069 6167 -1000
53570 393477 399377 -15082 6187 -981
53692 393540 399410 -15104 6193 -969
53815 393623 399464 -15115 6193 -953
53937 393691 399495 -15125 6191 -943
54061 393753 399531 -15135 6196 -952
54175 393830 399576 -15132 6201 -958
54293 393896 399610 -15152 6177 -973
54408 393973 399644 -15149 6175 -992
54523 394032 399682 -15101 6209 -1009
54642 394095 399726 -15070 6234 -1034
54766 394163 399765 -15055 6248 -1036
54883 394237 399790 -15055 6246 -1025
54980 394278 399819 -15050 6239 -1008
54987 394235 399778 -15029 6242 -1010
54851 394101 399695 -15037 6251 -1042
54601 393911 399613 -15075 6259 -1053
54299 393706 399491 -15122 6230 -1043
54033 393544 399395 -15083 6244 -1042
53835 393458 399357 -15048 6240 -1052
53697 393429 399350 -15037 6231 -1077
53620 393430 399357 -15025 6224 -1085
53561 393421 399341 -15021 6228 -1085
53520 393434 399345 -15034 6239 -1093
53511 393470 399371 -15051 6244 -1092
53533 393525 399405 -15054 6240 -1085
53566 393556 399410 -15068 6197 -1111
53587 393567 399426 -15061 6208 -1144
53578 393544 399421 -15055 6223 -1146
53542 393514 399402 -15054 6229 -1116
53497 393481 399382 -15051 6225 -1086
53460 393475 399379 -15046 6224 -1079
53432 393451 399372 -15059 6234 -1071
53428 393447 399372 -15083 6241 -1060
53443 393470 399404 -15079 6238 -1063
53483 393519 399420 -15076 6228 -1070
53525 393545 399420 -15096 6203 -1065
53580 393567 399440 -15092 6182 -1051
53647 393606 399467 -15078 6186 -1047
53724 393655 399506 -15081 6192 -1036
53809 393701 399518 -15081 6192 -1018
53903 393726 399531 -15089 6191 -1006
54002 393787 399566 -15103 6191 -992
54105 393854 399603 -15118 6186 -977
54216 393921 399634 -15124 6169 -968
54324 393970 399651 -15125 6159 -953
54431 394022 399673 -15155 6142 -944
54544 394105 399728 -15147 6137 -961
54660 394167 399770 -15111 6164 -975
54768 394190 399776 -15101 6184 -978
54870 394242 399811 -15092 6197 -981
54976 394306 399860 -15083 6205 -973
55086 394387 399880 -15069 6205 -968
55198 394435 399928 -15060 6204 -977
55308 394476 399931 -15075 6200 -974
54213 393707 399507 -15088 6187 -1000
54106 393667 399475 -15112 6136 -956
54031 393655 399475 -15109 6145 -956
53976 393656 399455 -15110 6172 -956
53957 393670 399484 -15094 6191 -972
53968 393700 399493 -15091 6199 -984
53984 393709 399489 -15102 6202 -993
53981 393724 399498 -15104 6209 -996
53950 393673 399464 -15095 6206 -978
53894 393642 399451 -15092 6197 -964
53836 393600 399433 -15135 6155 -966
53783 393571 399411 -15143 6164 -949
53753 393544 399398 -15127 6189 -950
53739 393552 399400 -15110 6194 -955
53748 393575 399409 -15100 6191 -967
53775 393604 399429 -15095 6191 -980
53811 393621 399443 -15090 6190 -980
53863 393637 399456 -15088 6194 -981
53929 393673 399474 -15086 6183 -971
53999 393714 399494 -15103 6174 -948
54087 393770 399531 -15141 6141 -944
54175 393815 399553 -15153 6126 -944
54272 393871 399590 -15147 6158 -938
54375 393918 399609 -15141 6174 -945
54487 393981 399644 -15123 6183 -948
54596 394027 399678 -15104 6195 -959
54707 394092 399702 -15081 6206 -981
54817 394178 399729 -15059 6203 -991
54926 394234 399767 -15053 6196 -978
55034 394276 399780 -15073 6194 -954
55137 394316 399811 -15141 6141 -944
55240 394382 399846 -15153 6126 -944
55350 394418 399873 -15147 6158 -938
55456 394467 399880 -15141 6174 -945
55568 394522 399934 -15123 6183 -948
55689 394580 399953 -15104 6195 -959
55807 394657 399999 -15081 6206 -981
55899 394685 400001 -15059 6203 -991
55886 394632 399950 -15053 6196 -978
55726 394499 399881 -15073 6194 -954
55441 394294 399764 -15131 6149 -937
55126 394092 399651 -15131 6184 -926
54858 393927 399570 -15137 6210 -923
54664 393848 399521 -15121 6212 -927
54540 393789 399501 -15087 6204 -923
54469 393766 399488 -15064 6214 -931
54428 393771 399501 -15079 6232 -949
54413 393801 399520 -15098 6237 -945
54441 393849 399534 -15106 6237 -929
54489 393870 399539 -15127 6216 -926
55295 394444 399821 -15113 6152 -903
55403 394504 399866 -15094 6170 -890
55507 394566 399898 -15109 6175 -893
55612 394616 399916 -15123 6182 -889
55718 394672 399951 -15115 6191 -874
55829 394754 399996 -15100 6197 -873
55942 394834 400031 -15098 6194 -878
56044 394872 400066 -15097 6196 -882
56102 394880 400051 -15093 6197 -885
56046 394802 400005 -15104 6174 -915
55845 394668 399918 -15103 6173 -942
55538 394478 399798 -15089 6208 -936
55215 394260 399700 -15085 6233 -933
54945 394124 399622 -15076 6251 -930
54752 394045 399581 -15050 6257 -929
54634 394000 399533 -15024 6261 -937
54555 393956 399537 -15032 6280 -955
54512 393954 399524 -15066 6296 -975
54496 393958 399530 -15090 6299 -966
54522 393981 399527 -15124 6232 -960
54567 393991 399538 -15088 6241 -967
54592 394010 399537 -15055 6236 -944
54587 393998 399538 -15035 6224 -935
54545 393956 399510 -15027 6221 -947
54488 393929 399482 -15038 6228 -954
54428 393890 399468 -15048 6233 -961
54375 393853 399449 -15045 6244 -960
54350 393851 399445 -15060 6258 -968
54343 393852 399460 -15124 6216 -980
54350 393870 399454 -15097 6213 -976
54379 393916 399474 -15074 6222 -971
54419 393953 399506 -15072 6218 -970
54467 393971 399518 -15072 6198 -963
54523 394026 399551 -15079 6195 -943
54600 394099 399603 -15095 6213 -933
54687 394169 399644 -15100 6215 -927
54786 394259 399713 -15099 6216 -938
54902 394398 399797 -15099 6202 -960
55029 394529 399893 -15106 6166 -970
55159 394696 399995 -15099 6158 -978
52848 391181 397534 -15143 6056 -1122
52864 391350 397666 -15104 6062 -1149
52875 391512 397775 -15076 6058 -1188
52851 391592 397856 -15046 6049 -1218
52791 391611 397882 -15012 6046 -1209
52696 391595 397866 -15015 6066 -1186
52597 391583 397869 -15045 6087 -1160
52518 391581 397896 -15076 6100 -1140
52463 391617 397898 -15146 6068 -1133
52434 391639 397914 -15177 6103 -1145
52432 391678 397943 -15190 6162 -1151
52459 391753 397987 -15175 6203 -1128
52510 391840 398045 -15147 6216 -1101
52564 391895 398082 -15136 6219 -1082
52618 391958 398122 -15138 6219 -1063
52674 392043 398188 -15140 6209 -1045
52733 392122 398239 -15144 6193 -1031
52799 392182 398266 -15107 6187 -1110
52874 392231 398301 -15068 6194 -1154
52962 392316 398363 -15040 6197 -1154
53062 392403 398416 -15054 6183 -1125
53167 392489 398472 -15063 6185 -1121
53273 392590 398536 -15049 6181 -1127
53384 392670 398569 -15051 6183 -1128
53483 392730 398600 -15065 6192 -1124
53573 392803 398643 -15087 6204 -1112
53603 392776 398646 -15107 6208 -1100
53508 392680 398581 -15135 6181 -1102
53267 392485 398489 -15140 6189 -1095
52937 392266 398365 -15109 6219 -1069
52610 392094 398276 -15081 6228 -1052
52334 391950 398196 -15057 6238 -1047
52124 391861 398151 -15047 6262 -1068
51971 391825 398141 -15052 6282 -1101
51859 391803 398117 -15064 6286 -1107
51779 391781 398100 -15066 6280 -1100
51733 391785 398119 -15063 6262 -1081
51726 391825 398137 -15087 6193 -1063
51748 391862 398153 -15070 6205 -1053
51754 391869 398163 -15064 6211 -1036
51636 391922 398223 -15096 6242 -1007
51696 391962 398243 -15096 6244 -1010
51769 392023 398290 -15085 6243 -1026
51851 392081 398313 -15076 6239 -1037
51939 392138 398357 -15074 6230 -1025
52035 392229 398407 -15108 6188 -1044
52136 392282 398436 -15089 6182 -1045
52238 392344 398485 -15085 6194 -1036
52341 392405 398505 -15085 6206 -1026
52439 392493 398562 -15096 6216 -1018
52529 392575 398616 -15113 6227 -1011
52553 392549 398587 -15113 6229 -999
52449 392420 398510 -15103 6229 -1005
52209 392259 398440 -15078 6233 -1026
51895 392074 398335 -15068 6234 -1047
51583 391885 398251 -15097 6215 -1054
51325 391733 398156 -15124 6214 -1045
51140 391670 398123 -15116 6240 -1036
51012 391653 398107 -15110 6243 -1036
50922 391632 398089 -15105 6242 -1044
50854 391599 398075 -15084 6231 -1048
50832 391643 398118 -15065 6221 -1046
50861 391725 398170 -15062 6220 -1044
50902 391762 398184 -15069 6224 -1044
50926 391773 398181 -15087 6230 -1040
50923 391742 398180 -15108 6213 -1034
50893 391724 398185 -15100 6211 -1055
50843 391704 398166 -15075 6233 -1088
50795 391671 398150 -15060 6241 -1094
50765 391675 398161 -15063 6250 -1093
50763 391679 398178 -15052 6250 -1093
50776 391695 398181 -15031 6242 -1089
50806 391743 398207 -15034 6236 -1085
50851 391803 398255 -15047 6234 -1087
50909 391840 398271 -15064 6244 -1089
50978 391877 398282 -15105 6210 -1104
51056 391929 398324 -15081 6224 -1115
51143 391984 398355 -15079 6228 -1098
51236 392036 398396 -15087 6237 -1076
51336 392102 398433 -15076 6242 -1070
51444 392156 398471 -15071 6244 -1066
51550 392214 398497 -15068 6251 -1072
51660 392264 398521 -15060 6245 -1076
51772 392313 398545 -15055 6238 -1074
51887 392357 398585 -15076 6208 -1085
51994 392416 398621 -15089 6178 -1092
52095 392468 398648 -15074 6193 -1093
52187 392514 398670 -15075 6223 -1089
52210 392469 398640 -15074 6238 -1091
52094 392348 398576 -15063 6232 -1095
51849 392165 398478 -15051 6232 -1090
51536 391968 398372 -15042 6242 -1094
51246 391826 398292 -15065 6242 -1092
51017 391728 398245 -15094 6246 -1076
50855 391640 398205 -15108 6233 -1060
50745 391555 398135 -15125 6206 -1059
50669 391525 398109 -15113 6210 -1065
50618 391535 398105 -15075 6221 -1076
50603 391540 398127 -15050 6213 -1080
50630 391569 398153 -15031 6217 -1085
50662 391604 398164 -15037 6224 -1086
50678 391618 398174 -15048 6225 -1076
50670 391653 398198 -15047 6230 -1075
50633 391643 398207 -15057 6230 -1087
50589 391623 398198 -15076 6220 -1098
50546 391603 398175 -15110 6186 -1089
50522 391610 398194 -15119 6176 -1092
50519 391626 398205 -15097 6188 -1093
50535 391617 398203 -15083 6179 -1080
50567 391636 398218 -15089 6185 -1068
50610 391666 398247 -15100 6200 -1062
50668 391706 398256 -15102 6207 -1072
50739 391734 398284 -15106 6207 -1081
50818 391796 398319 -15104 6201 -1085
50908 391843 398347 -15087 6196 -1095
51007 391886 398393 -15079 6169 -1096
51108 391938 398391 -15081 6148 -1095
51208 391981 398436 -15081 6162 -1110
51315 392042 398462 -15081 6177 -1110
51415 392110 398508 -15077 6190 -1108
51519 392183 398535 -15076 6193 -1108
51626 392230 398570 -15078 6188 -1088
51735 392288 398603 -15085 6179 -1070
51843 392352 398631 -15091 6182 -1076
51939 392398 398674 -15095 6185 -1093
51982 392378 398662 -15127 6120 -1122
51907 392290 398592 -15110 6112 -1118
51712 392120 398513 -15083 6115 -1108
51453 391962 398425 -15077 6131 -1116
51207 391847 398361 -15102 6145 -1114
51025 391772 398320 -15128 6150 -1090
50906 391764 398296 -15147 6147 -1068
50837 391762 398300 -15157 6138 -1064
50795 391763 398322 -15143 6132 -1073
50786 391787 398317 -15128 6091 -1091
50821 391862 398364 -15115 6089 -1107
50883 391906 398390 -15109 6111 -1109
50940 391954 398410 -15101 6127 -1106
50968 391976 398424 -15090 6141 -1109
50960 391958 398427 -15098 6153 -1121
50934 391960 398417 -15101 6162 -1132
50910 391942 398409 -15098 6165 -1121
50896 391925 398417 -15096 6159 -1101
50902 391958 398421 -15102 6144 -1100
50925 391983 398442 -15121 6122 -1113
50969 392014 398455 -15124 6120 -1109
51027 392059 398482 -15113 6138 -1087
51092 392117 398506 -15106 6161 -1064
51167 392165 398522 -15102 6179 -1051
51248 392209 398560 -15100 6178 -1058
52466 392882 398937 -15098 6166 -1010
52580 392953 398965 -15107 6174 -999
52683 393005 399010 -15119 6176 -984
52731 392999 398995 -15124 6136 -977
52657 392896 398927 -15111 6163 -978
52453 392696 398824 -15131 6185 -980
52189 392523 398735 -15155 6196 -972
51928 392402 398666 -15154 6194 -962
51726 392336 398623 -15136 6177 -958
51583 392293 398599 -15113 6161 -962
51482 392257 398584 -15102 6138 -976
51418 392253 398568 -15097 6119 -976
51369 392264 398588 -15126 6081 -997
51349 392280 398610 -15122 6095 -999
51370 392318 398614 -15106 6112 -998
51411 392351 398631 -15087 6122 -1004
51444 392373 398652 -15088 6143 -1019
51453 392367 398654 -15103 6169 -1032
51439 392371 398634 -15096 6180 -1038
51414 392370 398640 -15092 6174 -1045
51393 392336 398615 -15090 6163 -1053
51382 392355 398621 -15086 6141 -1059
51395 392379 398629 -15107 6117 -1052
51430 392405 398653 -15116 6108 -1031
51485 392430 398679 -15121 6116 -1019
51548 392470 398689 -15135 6140 -1033
51624 392510 398722 -15129 6161 -1039
51708 392567 398768 -15119 6164 -1044
51802 392632 398803 -15104 6161 -1042
51905 392676 398818 -15084 6150 -1026
52590 392951 398942 -15136 6134 -955
52580 392933 398930 -15156 6096 -950
52552 392919 398906 -15157 6083 -943
52524 392888 398913 -15144 6098 -939
52506 392895 398903 -15137 6110 -938
52504 392898 398910 -15137 6117 -946
52525 392919 398908 -15146 6122 -948
52563 392957 398931 -15140 6123 -950
52621 392995 398955 -15122 6114 -963
52688 393040 398964 -15116 6088 -973
52761 393071 398988 -15125 6066 -974
52843 393117 399005 -15156 6030 -977
52931 393165 399032 -15170 6006 -962
53025 393205 399075 -15163 6026 -948
53124 393264 399102 -15166 6043 -937
53230 393313 399137 -15183 6043 -922
53340 393379 399163 -15190 6031 -924
53449 393439 399195 -15177 6028 -926
53561 393484 399225 -15159 6039 -935
53673 393547 399256 -15133 6053 -946
53783 393597 399289 -15123 6067 -962
53888 393635 399312 -15154 6050 -999
53994 393699 399347 -15131 6082 -1001
54105 393738 399361 -15135 6096 -993
54216 393824 399393 -15142 6087 -989
54327 393864 399421 -15132 6088 -986
54439 393918 399456 -15133 6094 -972
54560 393991 399503 -15140 6092 -955
54682 394041 399531 -15137 6080 -945
54807 394101 399561 -15133 6077 -940
54930 394166 399587 -15123 6067 -962
55006 394164 399568 -15154 6050 -999
54966 394068 399522 -15131 6082 -1001
54803 393940 399438 -15135 6096 -993
54565 393767 399357 -15142 6087 -989
54327 393622 399267 -15132 6088 -986
54140 393537 399204 -15133 6094 -972
54010 393518 399190 -15140 6092 -955
53932 393515 399196 -15137 6080 -945
53879 393508 399183 -15133 6077 -940
53844 393504 399175 -15192 6062 -997
53827 393524 399186 -15216 6080 -990
53842 393567 399199 -15205 6088 -981
53871 393587 399208 -15170 6075 -981
53887 393589 399218 -15125 6047 -969
53876 393581 399219 -15088 6029 -954
53838 393564 399190 -15080 6025 -950
53795 393546 399200 -15101 6015 -942
53752 393537 399186 -15140 6019 -925
53717 393544 399173 -15189 6014 -917
53709 393550 399181 -15206 6019 -899
53716 393583 399183 -15204 6051 -884
53743 393621 399209 -15214 6068 -884
53775 393643 399234 -15219 6083 -874
53819 393671 399238 -15206 6090 -873
53872 393713 399258 -15188 6084 -874
53936 393772 399276 -15164 6073 -880
54009 393812 399324 -15145 6069 -899
54093 393850 399346 -15148 6084 -914
54179 393911 399375 -15154 6081 -924
54274 393977 399403 -15162 6064 -941
54369 394039 399435 -15156 6072 -947
54465 394104 399468 -15130 6085 -944
54564 394165 399491 -15112 6089 -951
54664 394217 399529 -15111 6090 -948
54765 394267 399562 -15129 6086 -937
54861 394325 399599 -15147 6089 -927
54959 394374 399635 -15148 6095 -908
55058 394424 399657 -15150 6089 -890
55161 394492 399690 -15152 6096 -899
54171 393888 399323 -15156 6111 -943
54113 393880 399314 -15179 6136 -931
54071 393888 399322 -15179 6129 -912
54057 393920 399335 -15159 6112 -903
54075 393955 399340 -15146 6107 -910
54088 393975 399370 -15136 6098 -911
54088 393981 399349 -15134 6084 -906
54059 393933 399342 -15124 6065 -913
54011 393911 399308 -15158 6014 -946
53961 393892 399301 -15159 6020 -931
53916 393888 399300 -15143 6041 -917
53892 393890 399311 -15136 6045 -931
53889 393904 399312 -15136 6056 -940
53903 393931 399326 -15138 6071 -928
53930 393949 399331 -15166 6079 -910
53970 393975 399362 -15187 6078 -897
54016 394022 399376 -15176 6077 -904
54073 394054 399398 -15163 6077 -917
54139 394108 399424 -15176 6058 -918
54217 394167 399471 -15187 6069 -916
54783 394240 399521 -15168 6083 -873
54548 394132 399461 -15157 6070 -874
54377 394089 399424 -15162 6059 -898
54253 394058 399396 -15175 6045 -912
54158 394033 399398 -15174 6028 -909
54079 394011 399390 -15173 6016 -919
54024 394004 399378 -15183 5993 -926
54008 394028 399395 -15195 5930 -932
54009 394055 399408 -15171 5936 -940
54008 394067 399404 -15143 5964 -940
53979 394047 399403 -15149 5996 -934
53933 394012 399374 -15173 6026 -924
53873 393968 399354 -15177 6048 -923
53812 393937 399332 -15155 6062 -934
53762 393905 399317 -15132 6068 -955
53727 393888 399326 -15134 6072 -976
53728 393908 399329 -15146 6053 -980
53740 393909 399339 -15152 6031 -970
53763 393928 399339 -15147 6028 -961
53802 393959 399356 -15150 6037 -940
53852 393997 399380 -15168 6051 -910
53918 394027 399396 -15178 6055 -890
53993 394053 399427 -15180 6053 -889
54082 394101 399441 -15181 6052 -895
54177 394139 399464 -15172 6046 -900
54276 394183 399513 -15165 6040 -902
54380 394247 399543 -15164 6023 -896
54480 394300 399567 -15174 5983 -900
54582 394333 399589 -15189 5972 -892
54686 394408 399616 -15180 6006 -871
54794 394462 399661 -15176 6033 -852
54896 394497 399686 -15195 6034 -833
54999 394544 399705 -15218 6036 -816
55102 394571 399724 -15217 6042 -814
55199 394625 399756 -15199 6048 -832
55308 394680 399786 -15192 6051 -852
55418 394743 399822 -15190 6050 -869
55533 394798 399846 -15198 6011 -864
55658 394843 399865 -15203 6046 -855
55781 394907 399911 -15202 6060 -850
55889 394956 399939 -15177 6050 -842
55929 394933 399928 -15163 6055 -858
55831 394844 399853 -15161 6068 -885
55595 394655 399759 -15150 6062 -891
55287 394434 399640 -15136 6043 -889
54986 394242 399547 -15124 6052 -906
54752 394132 399469 -15147 6052 -951
54590 394061 399429 -15193 6040 -975
54490 394040 399423 -15207 6062 -960
54425 394025 399420 -15201 6066 -939
54377 394011 399411 -15191 6042 -921
54356 394025 399416 -15174 6029 -911
54374 394041 399420 -15163 6031 -913
54408 394075 399444 -15160 6036 -925
54427 394085 399446 -15161 6032 -922
54422 394070 399430 -15181 6024 -901
54387 394037 399419 -15206 5979 -923
54334 394008 399397 -15196 5990 -939
54284 393971 399383 -15189 6025 -949
54248 393945 399361 -15190 6048 -941
54227 393950 399353 -15200 6058 -933
54231 393950 399366 -15189 6059 -936
54251 393969 399369 -15150 6040 -934
54285 394003 399391 -15141 6025 -940
54329 394030 399405 -15162 6031 -948
54385 394044 399402 -15180 6030 -952
54447 394097 399440 -15189 6001 -938
54522 394138 399461 -15191 5997 -936
54605 394171 399481 -15189 6028 -943
54691 394219 399497 -15175 6033 -938
54784 394283 399530 -15158 6035 -942
54887 394323 399560 -15156 6048 -931
54990 394395 399597 -15153 6055 -924
55096 394440 399633 -15154 6057 -935
55197 394485 399651 -15168 6054 -936
55301 394543 399672 -15179 6053 -932
55395 394601 399714 -15203 6009 -962
55498 394639 399718 -15189 6024 -957
55596 394687 399748 -15178 6025 -944
55697 394737 399782 -15177 6034 -925
54841 394201 399485 -15179 6017 -935
54826 394228 399481 -15160 6008 -931
54835 394242 399492 -15155 6011 -933
54880 394291 399530 -15150 6020 -949
54950 394326 399533 -15159 5996 -957
55003 394381 399554 -15155 6003 -950
55031 394395 399567 -15173 6013 -955
55017 394378 399569 -15194 6013 -947
54982 394362 399549 -15203 6001 -925
54940 394346 399543 -15204 5984 -917
54915 394326 399526 -15192 5977 -925
54905 394330 399532 -15185 5976 -941
54920 394357 399546 -15183 5975 -950
54943 394385 399575 -15174 5961 -945
54982 394427 399587 -15187 5941 -957
55032 394457 399598 -15196 5958 -968
55088 394472 399609 -15180 5992 -963
55153 394515 399640 -15158 5996 -965
55229 394561 399648 -15143 5987 -959
55310 394593 399676 -15142 5985 -940
55397 394644 399699 -15147 5990 -936
55489 394686 399724 -15159 5983 -926
55589 394738 399747 -15180 5980 -906
55690 394787 399766 -15202 5979 -902
55795 394856 399798 -15226 5957 -895
55900 394908 399818 -15230 5965 -894
56000 394958 399849 -15207 5986 -888
56101 394994 399855 -15202 5987 -875
56202 395036 399888 -15210 5991 -873
56298 395079 399905 -15209 6002 -880
54864 394418 399550 -15159 5993 -886
54857 394537 399627 -15151 5992 -891
54891 394682 399724 -15180 5994 -895
54945 394819 399820 -15212 5968 -886
54987 394896 399867 -15225 5955 -889
54997 394902 399875 -15214 5980 -913
54968 394892 399875 -15192 6020 -950
54914 394857 399843 -15205 6025 -955
54862 394830 399819 -15213 5986 -930
54807 394791 399805 -15191 5952 -910
54764 394732 399755 -15179 5939 -906
54713 394548 399640 -15171 5940 -926
54651 394318 399482 -15183 5938 -950
54562 393962 399226 -15216 5921 -949
54469 393576 398926 -15268 5901 -920
54391 393244 398676 -15353 5897 -911
54328 392921 398441 -15363 5900 -928
54280 392628 398204 -15284 5909 -938
54241 392325 397979 -15252 5876 -936
54225 392064 397779 -15268 5818 -940
54825 392513 398117 -15253 5826 -938
54755 392492 398120 -15289 5828 -872
54550 392353 398055 -15334 5839 -846
54254 392249 398009 -15337 5902 -878
53942 392223 398007 -15300 5943 -943
53673 392212 398015 -15312 5951 -936
53461 392218 398022 -15335 5969 -880
53308 392231 398039 -15320 5962 -865
53186 392237 398059 -15269 5928 -890
53069 392233 398055 -15194 5911 -939
52956 392219 398061 -15134 5927 -992
52879 392228 398074 -15099 5941 -1004
52849 392253 398090 -15119 5946 -976
52833 392270 398123 -15172 5960 -948
52818 392317 398138 -15211 5955 -945
52785 392338 398162 -15218 5981 -955
52731 392337 398167 -15231 6019 -963
52663 392359 398191 -15230 6055 -963
52607 392367 398205 -15219 6066 -970
52565 392378 398208 -15191 6059 -985
52545 392411 398242 -15167 6056 -1023
52550 392444 398265 -15133 6057 -1050
52575 392443 398291 -15101 6059 -1039
52609 392496 398320 -15125 6037 -1050
52658 392545 398349 -15129 6028 -1080
52715 392573 398364 -15101 6062 -1098
52781 392621 398398 -15096 6079 -1093
52859 392679 398445 -15098 6086 -1068
52942 392744 398480 -15114 6088 -1039
53027 392793 398526 -15129 6076 -1014
53116 392854 398538 -15136 6066 -995
53211 392892 398583 -15152 6060 -979
53311 392970 398619 -15162 6049 -960
53405 393017 398660 -15206 6010 -965
53496 393085 398694 -15196 6029 -957
53559 393110 398701 -15160 6051 -941
53540 393062 398685 -15118 6062 -942
53394 392951 398637 -15112 6089 -964
53136 392768 398562 -15143 6107 -974
52841 392608 398449 -15165 6117 -969
52572 392465 398397 -15171 6121 -962
52360 392391 398359 -15166 6112 -953
52199 392361 398340 -15165 6067 -947
52078 392328 398322 -15143 6064 -967
51989 392312 398319 -15115 6083 -979
51914 392277 398312 -15110 6084 -981
51888 392299 398325 -15111 6079 -983
51905 392337 398360 -15109 6082 -986
51926 392358 398359 -15113 6097 -1000
51940 392351 398373 -15117 6117 -1020
51925 392346 398377 -15120 6128 -1036
51889 392328 398365 -15128 6117 -1028
51837 392305 398356 -15148 6091 -1019
51798 392297 398352 -15148 6085 -1019
51775 392319 398372 -15117 6098 -1022
51766 392335 398393 -15101 6112 -1023
51783 392377 398418 -15111 6131 -1010
51810 392422 398443 -15124 6132 -991
51857 392445 398464 -15136 6121 -969
51913 392493 398495 -15137 6105 -944
51984 392537 398529 -15129 6072 -938
52057 392584 398551 -15122 6042 -945
52140 392612 398560 -15138 6005 -946
52224 392641 398613 -15171 5974 -919
52320 392702 398650 -15203 5953 -869
52418 392754 398663 -15212 5934 -834
52517 392765 398688 -15213 5931 -804
52618 392827 398720 -15234 5926 -773
52712 392899 398759 -15267 5910 -742
52799 392918 398768 -15286 5897 -713
52840 392912 398753 -15267 5882 -698
52775 392807 398710 -15252 5874 -701
52581 392637 398609 -15283 5862 -719
52298 392443 398496 -15292 5869 -690
52010 392291 398414 -15279 5863 -674
51769 392194 398362 -15256 5858 -678
51584 392126 398338 -15231 5851 -673
51448 392082 398315 -15229 5846 -664
51346 392051 398286 -15233 5848 -654
51270 392052 398291 -15232 5851 -652
51226 392068 398310 -15226 5857 -661
51231 392095 398317 -15234 5857 -727
51259 392111 398339 -15238 5881 -730
51285 392127 398357 -15250 5912 -725
51296 392162 398361 -15241 5926 -717
51279 392127 398364 -15237 5943 -722
51241 392074 398326 -15237 5952 -736
51195 392069 398325 -15231 5942 -735
51169 392064 398337 -15226 5936 -728
51166 392076 398342 -15215 5937 -722
51172 392077 398345 -15215 5928 -738
51202 392111 398371 -15240 5907 -763
51242 392110 398367 -15248 5907 -771
51295 392159 398405 -15223 5929 -777
51360 392198 398406 -15214 5944 -790
51433 392240 398458 -15211 5938 -803
51519 392284 398479 -15195 5919 -802
51608 392321 398503 -15191 5905 -782
51713 392376 398533 -15203 5897 -766
51823 392437 398565 -15215 5889 -758
51937 392484 398597 -15233 5877 -747
52045 392544 398627 -15257 5858 -736
52150 392597 398647 -15263 5852 -738
52256 392632 398691 -15254 5867 -731
52364 392691 398732 -15251 5886 -728
52464 392745 398764 -15265 5895 -741
52570 392802 398796 -15261 5886 -745
52671 392857 398815 -15232 5877 -739
52758 392899 398836 -15214 5883 -741
52773 392860 398827 -15227 5904 -754
52662 392729 398752 -15266 5922 -774
52418 392577 398667 -15289 5882 -790
52127 392403 398572 -15275 5879 -775
51858 392250 398476 -15264 5878 -768
51646 392178 398445 -15242 5865 -771
51500 392131 398422 -15207 5850 -768
51401 392089 398402 -15216 5850 -775
51329 392080 398396 -15242 5858 -793
51281 392066 398400 -15235 5855 -798
51269 392101 398405 -15231 5847 -788
51288 392139 398431 -15266 5922 -774
51315 392158 398436 -15289 5882 -790
51322 392153 398438 -15275 5879 -775
51297 392117 398417 -15264 5878 -768
51250 392076 398396 -15242 5865 -771
51198 392036 398388 -15207 5850 -768
51154 392021 398371 -15216 5850 -775
51130 392011 398368 -15242 5858 -793
51121 392019 398377 -15235 5855 -798
51133 392043 398376 -15231 5847 -788
51671 392198 398485 -15260 5813 -832
51489 392121 398441 -15268 5820 -818
51371 392092 398438 -15269 5825 -800
51302 392112 398431 -15264 5831 -783
51261 392115 398445 -15251 5858 -788
51241 392128 398453 -15267 5888 -813
51265 392179 398483 -15300 5900 -819
51317 392231 398498 -15308 5903 -798
51369 392237 398513 -15296 5899 -786
51393 392264 398513 -15268 5884 -795
51389 392237 398516 -15252 5850 -815
51362 392231 398506 -15239 5821 -821
51334 392246 398501 -15206 5823 -830
51315 392235 398515 -15191 5838 -842
51310 392238 398520 -15180 5848 -854
51333 392271 398529 -15167 5864 -861
51372 392305 398557 -15177 5886 -848
51423 392332 398583 -15215 5894 -842
51488 392374 398603 -15237 5896 -842
51562 392423 398622 -15234 5901 -837
51644 392476 398643 -15248 5839 -848
51737 392516 398672 -15216 5861 -836
51831 392572 398697 -15197 5881 -820
51931 392636 398740 -15199 5908 -809
52046 392699 398769 -15215 5916 -812
52162 392768 398797 -15227 5921 -820
52275 392807 398839 -15220 5942 -815
52389 392874 398871 -15205 5955 -796
52502 392938 398900 -15207 5945 -773
52614 392987 398934 -15212 5890 -764
52725 393040 398945 -15210 5891 -749
52834 393082 398969 -15213 5896 -746
52938 393132 399004 -15221 5901 -722
53010 393150 399003 -15241 5915 -694
52980 393051 398937 -15257 5926 -679
52809 392895 398861 -15233 5933 -673
52555 392718 398758 -15213 5936 -680
52289 392578 398681 -15225 5939 -682
52070 392478 398610 -15239 5923 -682
51915 392414 398604 -15233 5887 -675
51681 392457 398577 -15224 5857 -690
51665 392453 398596 -15236 5877 -685
51663 392467 398604 -15239 5892 -672
51692 392478 398614 -15240 5919 -681
51731 392509 398619 -15236 5948 -704
51788 392555 398647 -15230 5960 -716
51852 392598 398669 -15228 5966 -716
51931 392641 398679 -15232 5955 -713
52020 392690 398705 -15223 5939 -709
52113 392717 398735 -15231 5889 -691
52215 392792 398760 -15232 5905 -695
52325 392843 398802 -15243 5924 -704
52436 392894 398834 -15232 5933 -707
52552 392955 398870 -15219 5929 -707
52671 393037 398918 -15226 5921 -707
52793 393105 398936 -15219 5906 -696
52910 393147 398958 -15222 5890 -678
53021 393187 398999 -15230 5868 -669
53134 393256 399038 -15273 5837 -665
53245 393303 399056 -15269 5852 -641
53355 393361 399092 -15255 5864 -640
53469 393422 399117 -15254 5880 -648
53588 393483 399165 -15247 5882 -650
53707 393556 399200 -15241 5864 -644
53821 393601 399216 -15236 5861 -638
53874 393580 399183 -15243 5870 -632
53809 393467 399133 -15242 5877 -630
53621 393324 399050 -15237 5879 -640
53373 393154 398954 -15249 5874 -651
53131 393036 398872 -15266 5871 -642
52574 392952 398792 -15202 5900 -697
52547 392913 398766 -15209 5914 -689
52519 392899 398762 -15210 5922 -689
52503 392899 398756 -15193 5921 -687
52512 392904 398754 -15189 5927 -695
52533 392939 398781 -15204 5937 -703
52571 392956 398782 -15221 5938 -695
52625 392991 398793 -15235 5933 -679
52687 393043 398834 -15275 5883 -683
52758 393080 398858 -15271 5898 -677
53908 393601 399118 -15258 5851 -662
54014 393658 399159 -15264 5850 -650
54123 393694 399172 -15268 5838 -650
54228 393765 399195 -15274 5841 -663
54338 393806 399214 -15278 5846 -670
54448 393842 399247 -15270 5844 -675
54567 393903 399278 -15269 5827 -695
54684 393981 399323 -15280 5815 -710
54803 394032 399338 -15283 5832 -694
54866 394016 399324 -15269 5850 -688
54820 393905 399263 -15273 5855 -699
54658 393752 399177 -15267 5855 -702
54438 393586 399082 -15226 5844 -699
54224 393470 399018 -15190 5834 -701
54058 393403 398968 -15190 5857 -714
53948 393378 398969 -15237 5880 -732
53878 393362 398945 -15289 5866 -741
53838 393355 398939 -15308 5842 -729
53811 393348 398951 -15312 5834 -712
53805 393394 398954 -15304 5828 -697
53828 393434 398974 -15281 5818 -683
53856 393442 398978 -15259 5813 -670
53877 393461 398970 -15255 5808 -662
53871 393446 398967 -15266 5807 -666
53841 393436 398961 -15275 5822 -671
53804 393425 398946 -15274 5849 -673
53771 393414 398937 -15262 5862 -690
53756 393402 398931 -15273 5843 -728
53753 393427 398946 -15279 5853 -751
53768 393434 398938 -15263 5891 -750
53800 393463 398971 -15244 5891 -757
53843 393496 398980 -15221 5871 -765
53891 393533 398995 -15205 5862 -774
53955 393575 399017 -15207 5876 -784
54023 393607 399032 -15212 5894 -783
54103 393640 399069 -15215 5895 -787
54188 393694 399096 -15214 5896 -799
54278 393748 399129 -15221 5866 -811
54371 393819 399162 -15208 5865 -798
54464 393862 399189 -15205 5868 -781
54385 393729 399116 -15214 5882 -691
54422 393757 399124 -15199 5878 -683
54450 393767 399134 -15196 5892 -680
54454 393766 399125 -15194 5914 -678
54431 393739 399109 -15191 5928 -675
54392 393714 399097 -15200 5940 -682
54355 393681 399091 -15222 5932 -704
54329 393691 399091 -15226 5932 -712
54320 393688 399082 -15218 5951 -703
54328 393675 399088 -15210 5951 -693
54346 393703 399111 -15206 5956 -692
54380 393731 399126 -15206 5948 -700
54425 393766 399156 -15196 5926 -703
54477 393794 399172 -15189 5928 -692
54545 393820 399173 -15201 5936 -684
54614 393861 399200 -15218 5934 -696
54695 393935 399237 -15207 5897 -707
54781 393970 399268 -15186 5903 -704
54875 394022 399302 -15197 5900 -693
54968 394054 399330 -15210 5902 -678
55064 394081 399337 -15209 5921 -667
55164 394141 399371 -15217 5920 -652
55263 394195 399411 -15215 5907 -640
55360 394253 399432 -15218 5907 -616
55455 394277 399463 -15232 5901 -607
55550 394328 399477 -15257 5879 -652
55642 394382 399509 -15255 5884 -645
55739 394431 399540 -15245 5878 -627
55837 394485 399568 -15243 5890 -624
55943 394547 399589 -15237 5895 -629
56041 394568 399614 -15229 5909 -632
56097 394577 399612 -15238 5924 -622
56054 394514 399575 -15240 5908 -596
55881 394335 399482 -15227 5881 -579
55614 394130 399378 -15248 5889 -653
55330 393951 399270 -15264 5892 -669
55092 393828 399208 -15245 5907 -644
54902 393741 399170 -15235 5921 -638
54766 393696 399154 -15225 5915 -641
54667 393680 399139 -15208 5890 -643
54584 393641 399123 -15208 5873 -642
54518 393643 399118 -15205 5867 -633
54489 393652 399134 -15201 5860 -629
54483 393673 399144 -15227 5858 -634
54480 393682 399155 -15249 5857 -644
54466 393704 399170 -15250 5869 -654
54429 393645 399146 -15243 5906 -669
54369 393611 399112 -15240 5924 -680
54303 393568 399089 -15234 5912 -665
54247 393559 399091 -15234 5905 -651
54206 393532 399067 -15226 5904 -648
54189 393518 399070 -15211 5899 -644
54190 393527 399078 -15215 5896 -640
54208 393567 399096 -15233 5891 -638
54236 393586 399116 -15261 5867 -636
54274 393617 399126 -15273 5857 -644
54320 393639 399146 -15252 5867 -657
54377 393683 399162 -15235 5877 -663
54445 393721 399187 -15224 5881 -667
54519 393741 399195 -15213 5878 -670
54602 393793 399222 -15211 5872 -659
54685 393825 399242 -15214 5858 -653
54776 393873 399260 -15226 5852 -652
54870 393933 399301 -15224 5847 -635
54962 393981 399322 -15249 5820 -636
55056 394006 399337 -15244 5831 -638
55144 394036 399350 -15259 5843 -634
55233 394086 399400 -15267 5869 -630
55324 394115 399417 -15267 5891 -636
55417 394166 399431 -15265 5890 -636
55506 394201 399458 -15248 5882 -627
55603 394259 399483 -15239 5887 -614
55705 394303 399507 -15230 5904 -620
55808 394363 399535 -15265 5868 -633
55894 394391 399554 -15242 5852 -605
55912 394345 399532 -15214 5857 -583
55811 394223 399454 -15211 5882 -582
55591 394068 399378 -15236 5899 -586
55312 393865 399260 -15261 5903 -588
55040 393688 399154 -15265 5903 -578
54829 393593 399128 -15262 5890 -569
54682 393525 399088 -15261 5872 -568
54579 393497 399078 -15258 5848 -563
54504 393470 399066 -15253 5815 -566
54447 393434 399047 -15250 5810 -557
54410 393460 399052 -15261 5830 -553
54406 393490 399070 -15268 5841 -565
54421 393517 399087 -15261 5844 -564
54425 393512 399101 -15255 5837 -579
54401 393494 399068 -15259 5830 -611
54354 393449 399055 -15257 5831 -623
54292 393411 399030 -15258 5828 -622
54239 393394 399020 -15257 5823 -632
54199 393375 399008 -15254 5799 -643
54176 393393 399011 -15247 5788 -647
54169 393383 398998 -15252 5803 -646
54178 393388 399021 -15272 5815 -646
54203 393417 399045 -15277 5831 -656
54233 393430 399070 -15263 5840 -666
54275 393480 399055 -15245 5846 -682
54332 393500 399087 -15238 5849 -697
54397 393545 399110 -15229 5828 -690
54471 393582 399135 -15229 5819 -690
54552 393627 399169 -15255 5800 -695
54637 393696 399200 -15263 5817 -674
54726 393735 399223 -15269 5831 -667
54817 393790 399251 -15278 5829 -669
54909 393835 399295 -15279 5827 -670
54999 393885 399304 -15262 5834 -677
55090 393914 399321 -15259 5840 -688
54983 393659 399184 -15261 5883 -678
54796 393573 399129 -15254 5862 -676
54664 393513 399110 -15245 5835 -679
54582 393472 399093 -15240 5822 -684
54542 393490 399095 -15248 5822 -687
54524 393497 399104 -15258 5832 -695
54537 393550 399134 -15252 5838 -691
54579 393584 399142 -15242 5845 -688
54631 393614 399163 -15252 5862 -706
54662 393632 399178 -15258 5875 -716
54661 393623 399163 -15257 5882 -705
54630 393586 399144 -15271 5876 -709
54585 393548 399122 -15291 5843 -737
54546 393527 399116 -15284 5824 -748
54518 393512 399108 -15246 5831 -742
54509 393495 399088 -15227 5825 -734
54518 393479 399079 -15234 5820 -726
54535 393487 399068 -15244 5813 -732
54561 393474 399062 -15249 5820 -750
54591 393461 399038 -15239 5839 -757
54633 393471 399033 -15228 5847 -765
54679 393461 399024 -15242 5839 -771
54739 393486 399023 -15290 5761 -764
54803 393496 399036 -15294 5764 -728
54878 393530 399051 -15305 5755 -718
54959 393587 399071 -15308 5738 -719
55042 393619 399084 -15290 5728 -722
55133 393659 399109 -15282 5740 -731
55219 393725 399139 -15309 5749 -726
55318 393803 399197 -15334 5744 -728
55416 393909 399274 -15310 5753 -734
55525 394066 399368 -15263 5774 -780
55638 394205 399458 -15268 5772 -788
55753 394368 399554 -15273 5772 -787
55876 394627 399717 -15277 5782 -788
55962 394713 399772 -15277 5805 -791
55950 394686 399769 -15301 5799 -783
55807 394592 399705 -15322 5759 -742
55545 394370 399563 -15312 5743 -722
55249 394174 399459 -15279 5760 -773
54976 393968 399318 -15358 5620 -861
54732 393622 399097 -15512 5547 -845
54482 393025 398672 -15460 5560 -782
54238 392414 398224 -15337 5570 -752
54036 391976 397910 -15274 5577 -767
53872 391601 397638 -15290 5571 -812
53766 391337 397430 -15338 5580 -898
53703 391104 397228 -15318 5621 -963
53663 390919 397105 -15334 5649 -990
53603 390735 396965 -15352 5664 -969
53388 391453 397586 -15303 5843 -885
53445 391507 397618 -15285 5840 -893
53518 391607 397663 -15257 5868 -885
53598 391700 397723 -15257 5874 -859
53685 391798 397798 -15248 5869 -856
53784 391970 397895 -15196 5877 -890
53905 392188 398042 -15136 5883 -922
54042 392421 398195 -15132 5877 -942
54181 392579 398298 -15167 5873 -957
54308 392678 398356 -15188 5855 -912
52826 392187 398157 -15193 5936 -945
52796 392193 398178 -15191 5963 -909
52785 392230 398193 -15188 5974 -901
52790 392243 398206 -15193 5969 -903
52816 392287 398241 -15201 5972 -879
52857 392344 398264 -15206 5984 -851
52914 392400 398306 -15215 5992 -836
52977 392445 398340 -15203 5997 -839
53050 392494 398379 -15179 6003 -849
53130 392547 398395 -15179 5990 -857
53219 392620 398461 -15193 5976 -867
53315 392689 398494 -15186 5997 -870
53416 392756 398528 -15163 6027 -868
53520 392804 398570 -15139 6039 -879
53622 392839 398579 -15129 6038 -871
53720 392893 398619 -15138 6022 -842
53813 392958 398660 -15153 6007 -814
53828 392952 398654 -15172 6009 -796
53718 392853 398609 -15186 6002 -790
53491 392725 398528 -15206 5987 -783
53202 392536 398431 -15233 5965 -784
52934 392383 398353 -15251 5958 -779
52711 392295 398303 -15251 5980 -765
52543 392238 398266 -15243 5981 -751
52423 392224 398260 -15220 5975 -736
52332 392204 398264 -15196 5994 -750
52264 392209 398261 -15199 6014 -776
52227 392237 398276 -15199 6015 -777
52231 392311 398308 -15210 6011 -767
52251 392357 398353 -15220 5999 -764
52219 392440 398418 -15246 5753 -621
52281 392458 398424 -15258 5721 -563
52354 392511 398458 -15292 5712 -544
52435 392563 398497 -15319 5690 -538
52519 392616 398530 -15315 5667 -539
52608 392665 398551 -15286 5675 -547
52704 392707 398591 -15274 5686 -550
52802 392782 398626 -15281 5699 -548
52906 392841 398658 -15285 5711 -535
53012 392861 398670 -15301 5703 -519
53113 392921 398696 -15309 5678 -500
53181 392961 398718 -15322 5662 -487
53156 392887 398691 -15325 5657 -476
53001 392743 398605 -15317 5640 -458
52742 392561 398505 -15317 5633 -453
52454 392380 398408 -15302 5635 -449
52202 392254 398342 -15308 5619 -440
52001 392195 398300 -15322 5601 -427
51857 392147 398288 -15318 5600 -417
51752 392101 398264 -15331 5622 -431
51667 392087 398253 -15366 5649 -439
51612 392076 398251 -15379 5674 -421
51595 392091 398266 -15374 5690 -404
51614 392134 398281 -15352 5681 -401
51641 392156 398301 -15319 5667 -407
51654 392168 398309 -15288 5658 -412
51643 392140 398294 -15265 5656 -408
51611 392126 398277 -15260 5668 -403
51576 392107 398269 -15275 5685 -403
51543 392093 398267 -15312 5665 -425
51530 392093 398270 -15296 5674 -423
51538 392105 398266 -15298 5684 -433
51560 392120 398281 -15314 5685 -431
51598 392165 398305 -15319 5672 -429
51646 392208 398329 -15320 5658 -430
51707 392229 398333 -15316 5655 -419
51778 392253 398355 -15312 5654 -405
51861 392321 398394 -15327 5656 -404
51952 392375 398425 -15346 5653 -414
52047 392416 398441 -15347 5648 -426
52797 392569 398529 -15346 5604 -398
52554 392404 398437 -15334 5601 -402
52282 392259 398353 -15323 5591 -393
52041 392147 398289 -15327 5602 -386
51858 392077 398262 -15346 5627 -392
51727 392045 398228 -15387 5642 -400
51637 392035 398220 -15404 5650 -407
51574 392027 398213 -15386 5646 -410
51537 392042 398223 -15358 5639 -400
51535 392080 398248 -15334 5624 -400
51564 392121 398275 -15332 5599 -394
51590 392153 398286 -15323 5581 -388
51594 392133 398283 -15314 5568 -394
51573 392111 398262 -15329 5574 -412
51531 392074 398253 -15329 5592 -421
51492 392073 398245 -15323 5604 -417
51466 392058 398238 -15340 5608 -440
51459 392060 398249 -15341 5617 -460
51469 392092 398267 -15327 5629 -455
51495 392110 398285 -15325 5638 -451
51533 392150 398295 -15317 5645 -453
51584 392175 398317 -15297 5652 -449
51647 392221 398343 -15298 5659 -439
51715 392274 398366 -15325 5670 -443
51790 392299 398387 -15341 5687 -447
51878 392341 398413 -15333 5681 -448
51972 392418 398441 -15320 5674 -454
52069 392481 398483 -15291 5666 -479
52172 392508 398510 -15278 5676 -471
52277 392571 398517 -15280 5681 -473
52378 392633 398564 -15290 5667 -469
52483 392669 398595 -15297 5654 -461
52584 392720 398605 -15309 5635 -460
52690 392780 398656 -15328 5609 -450
52788 392824 398678 -15338 5612 -436
52841 392824 398676 -15343 5624 -443
52795 392713 398626 -15348 5604 -465
52637 392593 398546 -15349 5586 -461
52413 392459 398486 -15328 5583 -436
52205 392374 398449 -15314 5588 -428
52319 392673 398606 -15311 5717 -380
52418 392737 398646 -15321 5722 -375
52524 392785 398669 -15319 5725 -372
52636 392837 398696 -15297 5737 -371
52750 392890 398726 -15282 5740 -361
52865 392965 398757 -15275 5726 -348
52981 393018 398801 -15269 5719 -352
53096 393069 398831 -15308 5707 -353
53212 393138 398869 -15315 5707 -337
53327 393189 398899 -15313 5696 -334
53446 393238 398923 -15309 5691 -339
53565 393289 398954 -15311 5693 -350
53678 393339 398983 -15305 5690 -357
53778 393388 399005 -15290 5677 -352
53803 393346 398981 -15286 5679 -355
53715 393210 398900 -15295 5694 -361
53517 393041 398815 -15304 5698 -371
53275 392875 398727 -15309 5686 -373
53061 392770 398671 -15287 5691 -358
52901 392716 398632 -15280 5707 -368
52791 392666 398613 -15309 5714 -376
52712 392644 398579 -15338 5714 -358
52659 392649 398599 -15333 5690 -347
52617 392651 398589 -15305 5666 -336
52597 392662 398589 -15291 5652 -337
52613 392699 398607 -15283 5637 -342
52646 392724 398630 -15299 5623 -354
52667 392745 398650 -15309 5637 -359
52664 392728 398642 -15318 5650 -352
52647 392698 398624 -15310 5646 -359
52623 392685 398613 -15309 5648 -376
52601 392684 398595 -15318 5658 -383
52592 392675 398599 -15323 5672 -378
52599 392692 398621 -15330 5669 -372
52629 392728 398631 -15327 5656 -363
52676 392765 398654 -15329 5646 -349
52731 392781 398665 -15335 5636 -345
52797 392796 398679 -15333 5643 -353
52874 392867 398729 -15324 5659 -355
52958 392895 398744 -15320 5670 -344
53052 392941 398757 -15309 5673 -343
53151 392991 398798 -15304 5677 -356
53251 393033 398820 -15304 5676 -363
53364 393080 398858 -15291 5671 -351
53474 393135 398876 -15292 5663 -339
53582 393210 398922 -15288 5656 -336
53691 393256 398958 -15301 5655 -334
53800 393318 398968 -15315 5652 -326
53909 393371 399008 -15310 5659 -315
54017 393416 399043 -15305 5665 -306
53666 393016 398764 -15320 5631 -316
53655 393009 398757 -15305 5632 -332
53625 392986 398742 -15281 5632 -352
53583 392951 398735 -15287 5630 -369
53555 392930 398708 -15304 5624 -376
53539 392933 398715 -15318 5611 -382
53545 392934 398722 -15342 5598 -374
53570 392975 398732 -15351 5589 -358
53605 392995 398748 -15349 5585 -338
53652 393023 398752 -15355 5589 -331
53707 393058 398775 -15358 5601 -343
53772 393081 398789 -15366 5606 -351
53843 393119 398820 -15354 5600 -360
53921 393165 398841 -15333 5594 -370
54007 393201 398854 -15329 5581 -374
54099 393267 398883 -15326 5564 -369
54188 393320 398931 -15320 5563 -365
54285 393352 398935 -15318 5564 -357
54382 393407 398973 -15328 5560 -338
54478 393448 398997 -15354 5541 -319
55291 393715 399110 -15290 5566 -334
55111 393567 399031 -15293 5592 -340
54890 393414 398960 -15335 5611 -349
54695 393307 398890 -15382 5636 -346
54549 393257 398860 -15384 5659 -344
54456 393239 398850 -15364 5643 -353
54401 393250 398858 -15341 5611 -350
54366 393269 398856 -15317 5582 -342
54340 393259 398871 -15312 5562 -354
54347 393303 398882 -15314 5555 -368
54379 393346 398892 -15314 5573 -366
54407 393358 398908 -15311 5590 -370
54407 393382 398915 -15321 5595 -377
54386 393368 398901 -15335 5590 -394
54348 393329 398887 -15334 5599 -409
54303 393324 398880 -15338 5606 -411
54269 393325 398883 -15346 5603 -406
54257 393324 398883 -15349 5596 -391
54261 393360 398897 -15345 5585 -371
54278 393387 398912 -15353 5573 -354
55015 393906 399199 -15340 5579 -332
55108 393949 399212 -15351 5580 -315
55199 394002 399256 -15357 5582 -306
55287 394032 399268 -15352 5588 -313
55383 394083 399294 -15367 5588 -315
55476 394136 399319 -15369 5610 -317
55564 394191 399350 -15371 5625 -317
55641 394216 399363 -15352 5624 -314
55652 394189 399337 -15320 5632 -306
55542 394052 399270 -15309 5653 -310
55332 393883 399187 -15334 5675 -321
55087 393721 399093 -15361 5670 -314
54857 393592 399027 -15359 5656 -300
54679 393519 398982 -15315 5669 -300
54550 393492 398963 -15284 5658 -305
54465 393499 398972 -15285 5636 -302
54402 393490 398964 -15271 5624 -297
54353 393475 398963 -15259 5631 -295
54343 393510 398979 -15277 5641 -289
54364 393536 398989 -15290 5647 -278
54384 393564 399011 -15289 5665 -272
54385 393581 399008 -15298 5671 -281
54359 393558 398999 -15315 5684 -287
54310 393530 398977 -15316 5694 -283
54257 393482 398969 -15318 5681 -272
54208 393477 398958 -15309 5669 -258
54180 393482 398959 -15303 5666 -253
54169 393494 398973 -15305 5662 -247
54173 393538 398985 -15319 5651 -240
54190 393557 398989 -15337 5649 -236
54215 393561 399004 -15340 5658 -233
54257 393598 399013 -15339 5677 -241
54312 393647 399053 -15328 5652 -246
54373 393698 399078 -15297 5648 -236
54443 393744 399080 -15286 5644 -239
54522 393769 399124 -15295 5633 -242
54606 393828 399156 -15308 5628 -239
54697 393883 399184 -15322 5617 -234
54791 393928 399203 -15324 5613 -221
54885 393992 399227 -15316 5621 -213
55647 394269 399391 -15302 5717 -212
55427 394089 399286 -15330 5718 -217
55136 393869 399173 -15344 5711 -200
54849 393703 399091 -15345 5710 -196
54617 393601 399021 -15329 5702 -201
54445 393542 399004 -15300 5690 -205
54317 393492 398977 -15278 5684 -204
54216 393474 398959 -15269 5686 -198
54141 393478 398964 -15268 5688 -201
54078 393468 398961 -15272 5691 -206
54053 393504 398965 -15281 5682 -213
54055 393521 398983 -15267 5671 -234
54056 393537 398989 -15276 5672 -253
54032 393498 398979 -15303 5677 -257
53983 393488 398961 -15303 5690 -255
53916 393444 398944 -15282 5704 -252
53851 393416 398935 -15265 5696 -253
53799 393397 398913 -15262 5675 -247
53765 393395 398920 -15269 5673 -236
53748 393398 398925 -15287 5672 -231
53749 393429 398937 -15287 5669 -233
53768 393429 398943 -15278 5682 -243
53806 393482 398958 -15291 5682 -246
53849 393517 398982 -15294 5679 -248
53906 393554 399024 -15280 5691 -256
53966 393575 399024 -15272 5686 -256
54036 393591 399043 -15269 5667 -245
54120 393656 399066 -15287 5649 -237
54209 393711 399105 -15312 5641 -226
54297 393754 399123 -15323 5663 -205
54388 393781 399144 -15339 5689 -195
54484 393843 399178 -15354 5705 -184
54580 393885 399212 -15345 5719 -196
54674 393921 399218 -15322 5723 -204
54763 393940 399234 -15299 5730 -200
54851 393980 399256 -15281 5725 -198
54941 394025 399293 -15261 5707 -192
55033 394082 399308 -15250 5698 -195
55129 394120 399338 -15247 5717 -213
55227 394177 399361 -15263 5734 -230
55330 394230 399392 -15279 5729 -232
55430 394272 399409 -15271 5707 -223
55508 394293 399419 -15264 5704 -225
55485 394221 399380 -15273 5723 -240
55325 394051 399287 -15306 5732 -253
55055 393839 399179 -15338 5739 -247
54763 393646 399073 -15335 5740 -238
54512 393511 399000 -15326 5724 -238
54319 393434 398936 -15307 5704 -236
54196 393420 398939 -15286 5685 -233
54100 393405 398942 -15287 5668 -238
54041 393398 398916 -15296 5667 -251
53992 393406 398924 -15305 5672 -251
53979 393428 398950 -15302 5669 -253
53993 393460 398957 -15292 5680 -266
54008 393466 398957 -15301 5703 -276
54011 393451 398950 -15305 5716 -297
53978 393425 398927 -15309 5710 -308
53923 393381 398914 -15319 5695 -305
53863 393345 398891 -15320 5691 -302
54109 393531 399006 -15278 5626 -345
54197 393591 399041 -15328 5617 -313
54286 393647 399068 -15341 5616 -317
54382 393686 399107 -15337 5616 -336
54475 393746 399127 -15334 5615 -334
54572 393807 399161 -15339 5608 -326
54672 393854 399205 -15342 5614 -330
54768 393918 399247 -15332 5635 -345
54873 393999 399289 -15314 5654 -367
54979 394105 399369 -15285 5664 -382
55094 394205 399436 -15311 5648 -373
55213 394335 399511 -15323 5663 -374
55342 394475 399602 -15343 5673 -388
55451 394599 399679 -15363 5678 -428
55499 394662 399716 -15337 5674 -457
55419 394620 399688 -15314 5650 -448
55224 394493 399610 -15335 5622 -418
54978 394345 399527 -15365 5588 -416
54762 394236 399467 -15363 5539 -421
54592 394164 399401 -15350 5507 -420
54482 394114 399381 -15325 5527 -457
54404 394052 399333 -15313 5541 -528
54344 393899 399221 -15473 5441 -517
54237 393348 398844 -15635 5350 -395
54129 392851 398486 -15511 5372 -342
54071 392622 398299 -15335 5414 -431
54020 392367 398111 -15364 5405 -523
53924 391904 397754 -15445 5394 -574
53798 391423 397399 -15415 5461 -642
53657 391042 397107 -15313 5519 -707
53525 390768 396927 -15325 5527 -457
53400 390577 396792 -15313 5541 -528
53305 390462 396731 -15473 5441 -517
53246 390465 396733 -15635 5350 -395
53226 390562 396823 -15511 5372 -342
53223 390697 396906 -15335 5414 -431
53250 390857 397037 -15364 5405 -523
53291 390983 397130 -15445 5394 -574
53336 391081 397199 -15415 5461 -642
53397 391178 397283 -15313 5519 -707
53475 391336 397377 -15225 5501 -735
53556 391428 397443 -15239 5498 -706
53638 391500 397485 -15258 5518 -689
53730 391638 397563 -15261 5557 -684
53828 391738 397641 -15214 5603 -713
53924 391816 397657 -15217 5673 -736
54028 391895 397726 -15383 5710 -690
54134 392050 397823 -15531 5718 -638
54241 392150 397899 -15515 5748 -658
54343 392221 397938 -15470 5767 -720
54450 392329 397996 -15510 5780 -746
54563 392457 398096 -15492 5842 -794
54633 392523 398137 -15357 5917 -922
54568 392440 398091 -15255 5946 -1024
54373 392254 397995 -15206 5958 -1073
54101 392087 397902 -15175 5984 -1122
53841 391977 397861 -15124 6029 -1203
53627 391954 397854 -15048 6062 -1299
53469 391969 397873 -14974 6069 -1383
53360 392002 397893 -14935 6055 -1416
53290 392064 397935 -14960 6064 -1419
53244 392069 397944 -14998 6116 -1414
53224 392126 397971 -15044 6167 -1372
53262 392305 398085 -15115 6191 -1291
53322 392480 398213 -15184 6193 -1196
53376 392586 398279 -15224 6189 -1119
53399 392603 398300 -15222 6189 -1101
53390 392633 398334 -15189 6190 -1119
53359 392659 398330 -15147 6200 -1160
53321 392659 398347 -15112 6193 -1195
53295 392671 398348 -15112 6138 -1177
53289 392721 398382 -15115 6111 -1143
53301 392789 398433 -15092 6139 -1141
53324 392833 398458 -15059 6158 -1182
53371 392904 398492 -15016 6148 -1216
53429 392973 398545 -15011 6152 -1219
53494 393035 398601 -15038 6160 -1220
53573 393115 398648 -15063 6133 -1187
53659 393182 398680 -15082 6108 -1128
53756 393242 398724 -15101 6086 -1092
53857 393318 398764 -15150 6038 -1071
53955 393376 398795 -15187 6019 -1045
54065 393452 398839 -15204 6047 -1043
54174 393529 398878 -15218 6079 -1060
54291 393596 398904 -15214 6094 -1066
54402 393664 398939 -15190 6103 -1078
54508 393736 398986 -15162 6110 -1089
54587 393765 399022 -15148 6111 -1084
54585 393724 399002 -15139 6099 -1085
54460 393604 398926 -15135 6072 -1086
