2025-08-20 02:48:53    绿光---红外光---红光---X轴---Y轴---Z轴
58948 402338 407765 -14457 7741 -843
59001 402357 407772 -14452 7803 -985
59043 402396 407772 -14443 7861 -1119
59083 402421 407791 -14412 7896 -1233
59134 402454 407796 -14345 7896 -1319
59195 402511 407815 -14284 7915 -1377
59282 402545 407829 -14209 7952 -1450
59378 402616 407863 -14100 7969 -1555
59488 402679 407891 -14014 7988 -1679
59606 402759 407933 -13948 8017 -1791
59735 402820 407983 -13928 8034 -1866
59865 402900 408014 -13927 8047 -1912
60004 402982 408045 -13917 8069 -1933
60151 403079 408096 -13911 8086 -1918
60301 403154 408139 -13903 8074 -1875
60453 403228 408164 -13890 8083 -1896
60608 403299 408200 -13891 8118 -2004
60762 403377 408259 -13892 8150 -2101
60916 403460 408296 -13877 8179 -2121
61064 403524 408320 -13853 8196 -2080
61218 403584 408358 -13838 8202 -2035
61369 403639 408392 -13817 8205 -2013
61518 403713 408426 -13798 8213 -2000
61669 403778 408467 -13811 8207 -1968
61815 403832 408496 -13904 8184 -1894
61944 403899 408531 -13988 8181 -1874
62015 403906 408540 -14053 8169 -1840
61963 403859 408529 -14045 8155 -1807
61778 403726 408462 -14017 8145 -1822
61500 403537 408367 -14038 8140 -1868
61226 403382 408283 -14077 8137 -1898
61003 403244 408225 -14085 8143 -1897
60847 403158 408176 -14057 8153 -1879
60745 403130 408162 -13973 8146 -1827
60686 403121 408148 -13932 8168 -1856
60648 403107 408152 -13892 8188 -1904
60628 403122 408142 -13828 8211 -1943
60647 403144 408158 -13776 8237 -1991
60691 403200 408187 -13735 8255 -2031
60732 403212 408205 -13685 8270 -2050
60760 403233 408207 -13654 8292 -2072
60758 403230 408210 -13636 8322 -2102
60734 403223 408194 -13640 8351 -2118
60707 403195 408198 -13669 8384 -2122
60685 403184 408175 -13664 8397 -2116
60681 403198 408196 -13648 8379 -2113
60696 403197 408198 -13655 8360 -2116
60726 403210 408205 -13666 8342 -2117
60775 403260 408233 -13694 8327 -2114
60834 403301 408261 -13718 8301 -2104
60900 403336 408286 -13702 8278 -2094
60981 403383 408310 -13680 8267 -2100
61067 403431 408332 -13671 8258 -2120
61156 403460 408358 -13686 8249 -2123
61247 403508 408392 -13708 8234 -2122
61341 403548 408418 -13711 8226 -2108
61440 403592 408437 -13720 8225 -2068
61545 403640 408464 -13751 8223 -2046
61646 403668 408494 -13810 8227 -2031
61752 403724 408529 -13899 8238 -1992
61851 403765 408541 -13992 8240 -1950
61960 403825 408559 -14052 8231 -1898
62073 403872 408590 -14074 8226 -1827
62185 403936 408620 -14056 8214 -1747
62310 404006 408640 -14087 8223 -1771
62428 404078 408683 -14092 8228 -1780
62542 404123 408702 -13975 8240 -1759
62605 404152 408717 -13766 8254 -1727
62558 404096 408706 -13559 8290 -1730
62361 403965 408633 -13395 8376 -1785
62059 403786 408547 -13276 8508 -1849
61743 403602 408481 -13131 8619 -1851
61469 403468 408428 -12940 8755 -1869
61260 403343 408342 -13155 8772 -1969
61110 403271 408314 -13596 8756 -2030
61002 403221 408296 -13994 8674 -1976
60923 403188 408279 -14186 8543 -1847
60863 403189 408280 -14244 8408 -1750
60851 403209 408281 -14260 8286 -1718
60866 403246 408285 -14321 8175 -1753
60878 403269 408311 -14376 8079 -1821
60874 403265 408307 -14355 7988 -1847
60852 403274 408314 -14324 7926 -1841
60818 403278 408293 -14317 7938 -1859
60786 403279 408278 -14298 7997 -1904
60768 403268 408264 -14227 8062 -1976
60766 403259 408253 -14117 8118 -2073
60783 403257 408243 -13998 8165 -2154
60817 403275 408233 -13878 8198 -2199
60862 403290 408214 -13782 8222 -2227
60920 403326 408209 -13707 8238 -2256
60991 403343 408221 -13628 8257 -2298
61069 403382 408248 -13581 8271 -2308
61152 403417 408266 -13582 8261 -2262
61241 403471 408301 -13589 8237 -2190
61331 403501 408320 -13547 8214 -2104
61426 403553 408348 -13455 8203 -2058
61514 403580 408380 -13408 8234 -2086
61604 403590 408392 -13476 8276 -2142
61688 403617 408397 -13546 8294 -2153
61759 403637 408430 -13481 8303 -2118
61830 403631 408442 -13296 8303 -2088
61891 403623 408447 -13191 8410 -2059
61946 403627 408456 -13347 8480 -2065
62007 403639 408460 -13610 8597 -2044
62067 403632 408452 -13845 8720 -2011
62132 403634 408443 -13913 8831 -1991
62198 403628 408435 -13813 8892 -1977
62266 403658 408441 -13667 8897 -2005
62279 403637 408424 -13536 8898 -2115
62169 403525 408364 -13420 8933 -2254
61921 403318 408268 -13380 8989 -2489
61600 403106 408158 -13387 8929 -2510
61288 402895 408060 -13394 8816 -2458
61026 402748 407982 -13385 8717 -2380
60837 402687 407947 -13387 8671 -2314
60713 402633 407925 -13449 8677 -2279
60626 402589 407883 -13655 8633 -2234
60567 402580 407863 -13794 8513 -2220
60555 402653 407890 -13737 8476 -2262
60584 402715 407923 -13536 8577 -2226
60619 402738 407918 -13491 8532 -2222
60642 402746 407915 -13490 8465 -2277
60637 402752 407924 -13469 8407 -2378
60609 402734 407911 -13416 8364 -2509
60559 402735 407895 -13344 8329 -2655
60510 402713 407900 -13326 8309 -2772
60472 402687 407889 -13369 8298 -2835
60450 402671 407872 -13392 8289 -2836
60441 402662 407876 -13422 8293 -2829
60455 402685 407884 -13472 8300 -2866
60472 402692 407889 -13491 8271 -2928
60503 402714 407909 -13501 8219 -2982
60547 402726 407924 -13521 8182 -2970
60596 402746 407935 -13575 8160 -2878
60649 402756 407944 -13651 8154 -2768
60704 402795 407959 -13729 8154 -2661
60766 402813 407986 -13797 8146 -2564
60835 402851 408009 -13817 8144 -2504
60902 402872 408034 -13820 8156 -2455
60970 402884 408054 -13846 8169 -2410
61035 402909 408062 -13868 8180 -2365
61103 402920 408072 -13896 8203 -2335
61174 402948 408093 -13942 8221 -2322
61247 402975 408102 -13978 8227 -2302
61321 403004 408114 -13980 8229 -2291
61402 403024 408130 -13959 8240 -2304
61453 403030 408139 -13972 8258 -2340
61426 402985 408112 -13989 8266 -2374
61275 402848 408027 -13982 8257 -2368
61019 402645 407932 -13846 8169 -2410
60721 402457 407837 -13868 8180 -2365
60451 402314 407761 -13896 8203 -2335
60238 402224 407713 -13942 8221 -2322
60097 402191 407687 -13978 8227 -2302
60003 402169 407682 -13980 8229 -2291
59952 402181 407674 -13959 8240 -2304
59928 402207 407675 -13972 8258 -2340
59944 402250 407698 -13989 8266 -2374
59991 402300 407709 -13982 8257 -2368
60037 402334 407731 -13950 8214 -2345
60057 402343 407731 -13886 8194 -2343
60041 402337 407696 -13835 8192 -2353
60006 402307 407690 -13831 8192 -2395
59962 402301 407693 -13833 8184 -2442
59920 402286 407686 -13828 8183 -2498
59894 402265 407664 -13800 8182 -2552
59883 402284 407668 -13764 8172 -2589
59896 402302 407680 -13753 8171 -2618
59915 402338 407685 -13780 8173 -2646
59952 402363 407699 -13808 8166 -2668
60007 402409 407713 -13811 8160 -2659
60067 402439 407709 -13805 8157 -2640
60140 402484 407750 -13800 8152 -2625
60222 402553 407775 -13800 8145 -2633
60313 402616 407786 -13816 8142 -2639
60410 402653 407820 -13846 8144 -2619
60508 402716 407838 -13869 8143 -2619
60617 402755 407867 -13894 8133 -2626
60716 402786 407863 -13902 8117 -2638
60821 402840 407888 -13907 8090 -2653
60936 402933 407937 -13915 8077 -2651
61049 403012 407967 -13914 8077 -2640
61165 403054 407988 -13918 8064 -2625
61271 403114 408013 -13931 8040 -2613
61331 403130 408014 -13958 8015 -2606
61280 403060 407983 -13983 7997 -2599
61090 402897 407916 -13999 7989 -2596
60800 402713 407813 -14008 7983 -2602
60487 402534 407728 -14010 7966 -2627
60216 402390 407683 -14011 7927 -2676
60016 402326 407645 -14030 7921 -2687
59873 402286 407617 -14044 7934 -2660
59772 402254 407607 -14033 7918 -2659
59706 402249 407599 -14019 7913 -2671
59659 402249 407601 -14030 7924 -2670
59651 402297 407610 -14049 7934 -2668
59685 402323 407634 -14072 7935 -2669
59729 402369 407658 -14096 7933 -2671
59761 402387 407662 -14099 7923 -2667
59769 402379 407665 -14072 7831 -2697
59753 402362 407660 -14079 7850 -2689
59723 402351 407655 -14092 7881 -2689
59692 402336 407640 -14096 7891 -2688
59673 402340 407634 -14071 7888 -2694
59671 402336 407644 -14049 7883 -2725
59690 402347 407653 -14056 7881 -2753
59722 402379 407674 -14068 7879 -2770
59771 402424 407683 -14077 7885 -2766
59837 402464 407700 -14089 7858 -2772
59910 402519 407738 -14099 7860 -2781
59994 402573 407759 -14103 7862 -2790
60084 402617 407777 -14096 7862 -2798
60186 402689 407807 -14094 7866 -2807
60292 402731 407830 -14086 7874 -2812
60411 402776 407862 -14090 7867 -2822
60527 402839 407895 -14073 7860 -2849
60645 402891 407909 -14047 7861 -2882
60766 402958 407946 -14055 7844 -2907
60888 403015 407975 -14060 7821 -2911
61014 403076 407995 -14056 7818 -2896
61134 403138 408032 -14041 7827 -2888
61254 403184 408056 -14024 7840 -2887
61372 403233 408085 -14015 7860 -2887
61453 403262 408087 -14014 7869 -2893
61430 403188 408055 -14026 7890 -2894
61265 403047 407983 -14035 7911 -2904
60983 402840 407883 -14022 7918 -2907
60667 402653 407791 -14018 7921 -2906
60386 402489 407716 -14002 7900 -2905
60169 402393 407652 -13982 7886 -2891
60014 402329 407625 -13961 7899 -2879
59914 402306 407608 -13953 7920 -2878
59851 402293 407613 -13967 7940 -2896
59810 402275 407598 -14009 7957 -2901
59800 402281 407615 -14057 7963 -2887
59827 402329 407623 -14062 7957 -2868
59871 402366 407651 -14051 7941 -2853
59902 402378 407653 -14043 7925 -2829
59905 402375 407640 -14000 7856 -2817
59886 402361 407628 -14009 7871 -2804
59853 402328 407635 -14040 7898 -2800
59815 402308 407616 -14060 7903 -2803
59785 402294 407587 -14039 7892 -2799
59777 402287 407597 -14018 7900 -2808
59788 402314 407603 -14026 7912 -2819
59818 402326 407614 -14057 7927 -2824
59857 402353 407607 -14078 7942 -2840
59909 402382 407625 -14074 7918 -2856
59978 402419 407658 -14053 7891 -2848
60056 402465 407675 -14041 7905 -2839
60139 402511 407696 -14047 7919 -2827
60236 402563 407718 -14055 7932 -2820
60336 402619 407744 -14058 7939 -2830
60438 402671 407778 -14033 7940 -2849
60548 402726 407792 -14003 7953 -2858
60661 402775 407836 -13992 7967 -2869
60773 402826 407851 -13995 7968 -2875
60886 402887 407872 -13987 7942 -2873
60995 402932 407898 -13969 7916 -2883
61108 402978 407921 -13964 7917 -2879
61221 403032 407967 -13970 7932 -2876
61327 403083 407985 -13994 7941 -2857
61432 403140 408005 -14002 7943 -2833
61486 403120 408008 -13993 7944 -2826
61421 403031 407945 -14002 7950 -2821
61226 402868 407874 -14017 7956 -2839
60943 402690 407786 -14017 7963 -2863
60667 402535 407703 -13998 7954 -2863
60439 402417 407635 -13985 7914 -2872
60280 402345 407611 -13969 7899 -2871
60177 402322 407600 -13953 7920 -2866
60122 402323 407587 -13990 7949 -2914
60097 402339 407595 -14029 7974 -2941
60105 402355 407590 -14034 7973 -2915
60146 402394 407617 -14033 7961 -2884
60206 402448 407633 -14021 7952 -2863
60253 402472 407655 -13995 7946 -2868
60274 402480 407656 -13968 7935 -2872
60259 402475 407634 -13973 7887 -2903
60230 402457 407637 -13982 7913 -2925
60196 402447 407615 -13977 7919 -2930
60174 402424 407617 -13971 7927 -2923
60163 402423 407613 -13988 7941 -2944
60177 402439 407618 -13997 7952 -2956
60204 402448 407639 -13990 7955 -2941
60240 402462 407639 -13978 7949 -2928
60292 402496 407655 -13969 7931 -2933
60356 402520 407666 -13968 7883 -2953
60423 402565 407697 -13986 7907 -2947
60502 402607 407695 -14012 7934 -2941
60586 402659 407722 -14035 7952 -2952
60677 402706 407730 -14048 7944 -2948
60778 402756 407750 -14053 7932 -2934
60878 402803 407776 -14038 7927 -2925
60981 402854 407811 -14031 7916 -2899
61087 402912 407836 -14025 7889 -2834
61193 402958 407863 -14003 7846 -2793
61306 403009 407888 -13987 7833 -2797
61412 403054 407893 -13998 7860 -2814
61509 403102 407931 -14024 7875 -2875
61541 403065 407908 -14028 7879 -2944
61450 402963 407851 -14006 7903 -2994
61223 402793 407770 -13976 7947 -3057
60924 402581 407670 -13942 7972 -3116
60630 402434 407595 -13907 7977 -3147
60388 402316 407543 -13879 7974 -3139
60205 402256 407510 -13863 7964 -3120
60080 402220 407478 -13893 7957 -3115
59999 402218 407487 -13939 7974 -3092
59949 402217 407482 -13976 8001 -3047
59927 402228 407477 -13996 8004 -3017
59948 402258 407493 -13983 7992 -3006
59988 402302 407506 -13968 7979 -2992
60026 402339 407521 -13953 7970 -2990
60042 402349 407534 -13925 7969 -3022
60030 402319 407515 -13906 7971 -3048
59996 402299 407518 -13897 7977 -3071
59961 402278 407496 -13882 7958 -3085
59933 402279 407491 -13877 7956 -3087
59916 402273 407499 -13876 7981 -3123
59914 402274 407504 -13873 7993 -3156
59935 402296 407513 -13879 7998 -3149
59965 402315 407519 -13891 7996 -3113
60014 402343 407521 -13902 7994 -3092
60067 402366 407546 -13897 7992 -3101
60134 402403 407566 -13878 7988 -3087
60206 402459 407592 -13865 7978 -3063
60291 402503 407611 -13883 7941 -3045
60375 402543 407636 -13906 7921 -3046
59209 402024 407382 -13934 7910 -2945
59204 402032 407380 -13951 7930 -2970
59217 402057 407400 -13978 7948 -2977
59241 402059 407395 -13971 7957 -2973
59288 402116 407422 -13954 7962 -2972
59344 402138 407436 -13943 7962 -2971
59411 402187 407469 -13957 7963 -2967
59486 402228 407477 -13973 7962 -2964
59570 402266 407508 -13972 7928 -2976
59664 402327 407533 -13984 7947 -2971
59761 402374 407558 -13986 7954 -2974
59861 402432 407582 -13982 7946 -2971
59962 402463 407610 -13981 7934 -2956
60069 402517 407632 -13972 7934 -2960
60176 402575 407652 -13963 7937 -2965
60283 402621 407680 -13965 7935 -2948
60396 402684 407717 -13988 7932 -2932
60491 402727 407736 -14023 7899 -2960
60598 402777 407766 -14008 7920 -2968
60708 402833 407786 -13980 7938 -2962
60821 402873 407811 -13962 7941 -2965
60925 402901 407831 -13956 7941 -2954
61020 402954 407841 -13965 7948 -2947
61061 402928 407827 -13967 7957 -2957
60974 402829 407771 -13967 7968 -2981
60744 402661 407680 -13963 7973 -3019
60428 402456 407583 -13953 7949 -3027
60110 402277 407495 -13932 7916 -2998
59847 402165 407439 -13916 7924 -2976
59647 402098 407403 -13945 7953 -2975
59508 402067 407383 -13985 7968 -2996
59405 402040 407365 -14005 7975 -3019
59331 402036 407360 -14001 7969 -3007
59268 402018 407354 -13978 7958 -2987
59245 402034 407366 -13954 7954 -2977
59250 402066 407371 -13932 7945 -2976
59271 402093 407379 -13918 7918 -2987
59271 402075 407375 -13923 7886 -3003
59245 402031 407344 -13952 7901 -3011
59193 402001 407318 -13976 7925 -3001
59364 402132 407411 -13947 7971 -3047
59450 402161 407424 -13953 7974 -3054
59546 402200 407434 -13943 7970 -3061
59641 402244 407470 -13917 7965 -3055
59740 402307 407494 -13916 7956 -3048
59843 402356 407506 -13939 7942 -3051
59951 402386 407542 -13953 7942 -3052
60052 402445 407568 -13955 7914 -3035
60153 402464 407588 -13957 7898 -3014
60254 402542 407617 -13962 7920 -3000
60355 402572 407655 -13970 7928 -2995
60459 402617 407684 -13973 7939 -2999
60565 402682 407694 -13963 7950 -2993
60670 402724 407736 -13966 7950 -3002
60771 402773 407746 -13969 7955 -3005
60839 402762 407750 -13961 7962 -3002
60796 402691 407713 -13962 7957 -3001
60623 402550 407632 -13970 7916 -3018
60353 402359 407538 -13959 7910 -2984
60065 402192 407450 -13936 7912 -2962
59827 402086 407387 -13922 7924 -2961
59652 402016 407352 -13967 7946 -3002
59526 401961 407324 -14017 7971 -3028
59448 401947 407311 -14036 7984 -3007
59397 401926 407315 -14028 7974 -2984
59368 401937 407288 -14000 7949 -2978
59382 401962 407328 -13971 7916 -2981
59422 402000 407341 -13953 7879 -2979
59465 402020 407353 -13951 7871 -2969
59484 402030 407355 -13949 7890 -2953
59478 402013 407347 -13959 7913 -2962
59448 402006 407329 -13969 7926 -2978
59409 401978 407340 -13974 7935 -2986
59382 401969 407324 -13984 7945 -2997
59369 401981 407327 -13994 7947 -3007
59375 402000 407332 -13997 7951 -2998
59399 402019 407350 -13987 7945 -2984
59439 402046 407360 -13979 7908 -2987
59490 402081 407366 -13979 7903 -2987
59554 402121 407388 -13986 7928 -2989
60668 402748 407702 -14003 7914 -2982
60778 402788 407730 -13996 7902 -2981
60885 402831 407761 -13997 7905 -2985
60994 402877 407787 -14005 7916 -2974
61103 402924 407806 -14017 7921 -2962
61211 402979 407828 -14018 7938 -2965
61327 403014 407851 -13982 7921 -2976
61438 403087 407874 -13981 7922 -2984
61544 403124 407883 -13982 7923 -2974
61598 403112 407885 -13983 7936 -2982
61535 403020 407828 -13985 7952 -2990
61338 402852 407756 -13984 7953 -2980
61047 402651 407658 -13954 7943 -2961
60754 402486 407571 -13937 7941 -2965
60502 402388 407511 -13962 7958 -3001
60313 402307 407480 -13991 7961 -3020
60172 402271 407444 -14011 7936 -3004
60077 402254 407445 -14015 7930 -2974
60008 402248 407436 -13999 7932 -2971
59960 402248 407425 -13972 7917 -2987
59948 402279 407452 -13956 7914 -2976
59967 402306 407444 -13950 7919 -2954
59993 402319 407467 -13959 7924 -2952
60008 402349 407474 -13990 7940 -2962
59994 402329 407456 -14010 7952 -2968
59962 402304 407451 -13992 7946 -2975
59925 402275 407440 -13977 7917 -3001
59888 402272 407431 -13994 7911 -3016
59865 402258 407435 -14010 7937 -3019
59866 402279 407444 -14019 7944 -3013
60663 402689 407652 -13944 7925 -3002
60774 402755 407679 -13954 7932 -2998
60885 402796 407712 -13982 7927 -2981
60996 402852 407732 -13985 7921 -2980
61106 402885 407757 -13976 7933 -2984
61210 402937 407780 -13979 7920 -2994
61312 402993 407802 -13970 7903 -3012
61413 403032 407826 -13946 7920 -3005
61519 403086 407855 -13941 7934 -2986
61627 403128 407876 -13950 7951 -2973
61736 403179 407902 -13960 7961 -2972
61846 403236 407931 -13955 7962 -2993
61949 403281 407962 -13953 7964 -3004
61991 403268 407952 -13957 7967 -3009
61907 403159 407891 -13955 7963 -3006
61702 402985 407792 -13940 7904 -2996
61427 402795 407688 -13940 7928 -3021
61153 402607 407588 -13975 7956 -3040
60935 402491 407540 -14004 7976 -3020
60774 402426 407511 -14007 7981 -2983
60669 402397 407493 -14000 7961 -2963
60594 402368 407492 -13971 7938 -2947
60542 402309 407449 -13939 7917 -2936
60502 402209 407401 -13917 7902 -2917
60504 402178 407368 -13909 7896 -2922
60532 402193 407370 -13911 7880 -2935
60554 402192 407372 -13951 7884 -2917
60553 402175 407352 -14017 7918 -2889
60522 402145 407334 -14021 7949 -2891
60465 402057 407272 -13989 7980 -2948
60406 401974 407223 -14007 7985 -2949
60359 401945 407204 -14080 7963 -2871
60339 402006 407238 -14086 7964 -2882
60334 402098 407293 -14007 7970 -2928
60341 402113 407296 -13939 7968 -2941
60365 402152 407313 -13902 7936 -2939
60417 402271 407398 -13914 7902 -2904
60483 402384 407449 -13910 7921 -2948
60555 402420 407482 -13818 7971 -3105
60635 402464 407517 -13750 8014 -3244
60726 402498 407532 -13776 8021 -3243
60820 402506 407550 -13894 7957 -3139
60917 402613 407612 -14070 7865 -3069
61029 402726 407666 -14104 7864 -3091
61136 402814 407713 -13968 7942 -3136
61234 402870 407733 -13993 7939 -3022
61344 402926 407751 -14077 7929 -2939
61445 402965 407776 -14081 7925 -2969
61549 403031 407791 -14015 7944 -3065
61652 403101 407824 -13925 7977 -3160
61756 403173 407861 -13837 8010 -3261
61876 403248 407903 -13744 8041 -3355
61997 403301 407929 -13652 8067 -3415
62106 403364 407975 -13600 8081 -3446
62168 403381 407981 -13658 8039 -3406
62097 403284 407936 -13703 8045 -3384
61906 403107 407847 -13754 8073 -3406
61637 402920 407749 -13836 8097 -3407
61364 402770 407678 -13893 8095 -3350
61136 402677 407629 -13878 8093 -3306
60957 402602 407590 -13846 8097 -3316
60839 402561 407564 -13780 8099 -3364
60762 402537 407548 -13695 8094 -3419
60704 402520 407526 -13661 8068 -3425
60670 402508 407535 -13658 8038 -3382
60666 402527 407545 -13659 8040 -3342
60695 402554 407565 -13688 8054 -3311
60729 402570 407561 -13714 8056 -3277
60755 402581 407561 -13718 8066 -3268
60746 402550 407568 -13745 8078 -3301
60705 402524 407532 -13781 8082 -3324
60666 402504 407539 -13828 8079 -3297
60629 402499 407531 -13852 8064 -3243
60606 402507 407535 -13846 8040 -3186
60606 402506 407542 -13858 8003 -3148
60621 402520 407552 -13859 7988 -3145
60658 402546 407565 -13855 8007 -3159
60701 402566 407577 -13857 8025 -3181
60762 402608 407597 -13866 8033 -3180
60832 402644 407629 -13867 8034 -3151
60910 402705 407644 -13858 8032 -3115
60998 402760 407665 -13856 8023 -3067
61090 402809 407690 -13850 8013 -3048
61186 402858 407710 -13847 8009 -3082
61293 402897 407723 -13898 7991 -3126
61398 402950 407759 -13906 8029 -3161
61510 403002 407775 -13893 8044 -3184
61631 403044 407794 -13862 8057 -3208
61753 403086 407825 -13823 8070 -3239
61863 403138 407842 -13804 8075 -3265
61956 403188 407868 -13786 8076 -3251
61984 403140 407839 -13761 8067 -3225
61885 403045 407797 -13753 8063 -3216
61669 402884 407705 -13772 8046 -3220
61401 402676 407613 -13803 8031 -3242
61143 402526 407540 -13826 8040 -3270
60934 402422 407490 -13815 8043 -3283
60776 402350 407444 -13792 8044 -3266
60666 402321 407423 -13768 8045 -3265
60591 402299 407435 -13746 8028 -3292
60613 402361 407486 -13803 8026 -3311
60631 402381 407494 -13807 8012 -3283
60665 402390 407504 -13811 8015 -3258
60711 402411 407516 -13815 8015 -3253
60759 402441 407542 -13831 8006 -3245
60825 402480 407552 -13836 8013 -3253
60901 402511 407568 -13833 8018 -3268
60985 402559 407598 -13816 8019 -3281
61077 402602 407636 -13784 8023 -3298
61176 402639 407662 -13786 8019 -3289
61283 402696 407684 -13811 8026 -3273
61393 402753 407716 -13823 8038 -3273
61509 402803 407737 -13824 8041 -3273
61622 402860 407769 -13815 8046 -3261
61743 402930 407796 -13828 8009 -3242
61857 402964 407811 -13842 7984 -3242
61974 403013 407838 -13812 8012 -3249
62082 403047 407849 -13791 8034 -3265
62147 403051 407854 -13786 8050 -3285
62104 402974 407824 -13775 8059 -3292
60668 402214 407445 -13798 8027 -3255
60714 402246 407469 -13795 8041 -3262
60745 402266 407473 -13778 8055 -3283
60746 402239 407469 -13790 8041 -3295
60723 402231 407472 -13785 8053 -3311
60688 402196 407462 -13777 8072 -3313
60657 402186 407466 -13757 8076 -3302
60633 402188 407448 -13734 8071 -3312
60629 402176 407441 -13741 8070 -3316
60641 402176 407458 -13756 8080 -3299
61421 402612 407668 -13758 8076 -3254
61524 402651 407707 -13759 8059 -3243
61622 402695 407722 -13760 8052 -3243
61722 402749 407747 -13785 8036 -3239
61821 402784 407773 -13792 8040 -3230
61910 402824 407793 -13766 8053 -3220
61960 402820 407803 -13755 8049 -3218
61904 402733 407741 -13752 8057 -3226
61720 402597 407681 -13777 8073 -3246
61457 402414 407603 -13811 8087 -3253
61184 402267 407540 -13836 8096 -3209
60959 402156 407471 -13847 8088 -3180
60792 402098 407444 -13828 8073 -3190
60674 402059 407436 -13828 7994 -3148
60599 402053 407426 -13826 8010 -3140
60551 402056 407415 -13827 8025 -3148
60544 402068 407446 -13835 8031 -3161
60574 402113 407456 -13827 8025 -3160
60619 402149 407466 -13828 8030 -3180
60657 402170 407478 -13860 8031 -3196
60663 402150 407468 -13870 8028 -3191
60639 402133 407471 -13862 8029 -3184
60596 402130 407445 -13852 7963 -3169
60552 402085 407443 -13841 7972 -3177
60523 402096 407445 -13827 7989 -3184
60510 402090 407436 -13830 7993 -3177
60509 402097 407446 -13851 7999 -3165
60525 402109 407459 -13869 8005 -3175
60554 402125 407464 -13877 8004 -3176
60595 402154 407482 -13874 8009 -3167
60643 402178 407479 -13864 8009 -3168
60709 402226 407527 -13853 7993 -3165
60776 402269 407539 -13850 7972 -3160
60855 402317 407563 -13852 7979 -3156
60938 402384 407596 -13850 7998 -3151
61027 402407 407622 -13863 8000 -3137
61119 402445 407643 -13877 8001 -3126
61209 402509 407670 -13870 8000 -3126
61304 402557 407703 -13867 8005 -3139
61409 402612 407736 -13867 8008 -3147
61511 402662 407751 -13871 7996 -3140
61607 402720 407773 -13857 7971 -3128
61668 402733 407780 -13832 7945 -3127
61621 402654 407741 -13852 7969 -3158
61448 402518 407692 -13896 8014 -3179
61179 402362 407603 -13922 8019 -3159
60885 402193 407522 -13933 8016 -3145
60623 402074 407457 -13917 8020 -3132
60420 402002 407432 -13883 8012 -3111
60269 401966 407397 -13870 7997 -3103
60166 401944 407382 -13865 7986 -3100
60093 401942 407388 -13861 7985 -3108
60055 401946 407402 -13891 7957 -3126
60057 401984 407408 -13888 7984 -3137
60091 402022 407412 -13897 8000 -3140
60122 402048 407423 -13890 8006 -3148
60137 402063 407430 -13871 8007 -3150
60124 402047 407432 -13884 8013 -3142
60083 402023 407417 -13888 8011 -3124
60040 402020 407420 -13887 7998 -3122
60000 402015 407417 -13888 7991 -3127
59980 402000 407411 -13903 7975 -3106
59969 402017 407419 -13907 7986 -3133
59981 402039 407409 -13896 7998 -3145
60008 402059 407433 -13886 8010 -3131
60044 402075 407435 -13877 8011 -3120
60096 402106 407463 -13875 8007 -3115
60155 402150 407482 -13877 8011 -3113
60223 402182 407507 -13882 8008 -3110
60299 402230 407532 -13884 8005 -3110
60386 402287 407571 -13913 7966 -3087
60481 402331 407573 -13927 7968 -3082
60580 402377 407605 -13930 7976 -3068
60678 402435 407632 -13919 7979 -3052
60780 402483 407660 -13912 7995 -3063
60881 402550 407686 -13915 8005 -3076
60985 402590 407720 -13916 8004 -3071
61090 402630 407742 -13904 7997 -3044
61195 402694 407755 -13884 8002 -3045
61286 402730 407777 -13892 8004 -3080
61335 402717 407769 -13917 7982 -3092
61271 402637 407722 -13937 7968 -3096
61065 402472 407650 -13940 7975 -3097
60756 402286 407548 -13921 7970 -3097
60425 402125 407470 -13897 7955 -3098
60129 401991 407386 -13880 7936 -3092
59897 401918 407354 -13874 7930 -3081
59719 401864 407339 -13880 7945 -3070
59587 401831 407318 -13908 7962 -3074
59483 401813 407304 -13943 7968 -3084
59401 401804 407295 -13948 7930 -3077
59348 401807 407301 -13925 7912 -3078
59336 401835 407330 -13901 7944 -3103
59342 401859 407327 -13898 7969 -3129
59340 401853 407313 -13901 7981 -3132
59321 401848 407298 -13916 7975 -3113
59282 401827 407295 -13918 7971 -3094
59231 401799 407273 -13916 7964 -3088
59181 401777 407278 -13938 7963 -3086
59145 401765 407280 -13947 7970 -3087
59129 401773 407282 -13948 7930 -3077
59129 401786 407287 -13925 7912 -3078
59148 401807 407294 -13901 7944 -3103
59182 401846 407311 -13898 7969 -3129
59227 401860 407327 -13901 7981 -3132
59287 401896 407342 -13916 7975 -3113
59355 401959 407376 -13918 7971 -3094
59438 402005 407382 -13916 7964 -3088
59527 402033 407420 -13938 7963 -3086
59619 402086 407452 -13947 7970 -3087
59717 402133 407486 -13943 7907 -3107
59814 402190 407512 -13937 7917 -3111
59924 402238 407535 -13933 7928 -3115
60031 402311 407562 -13944 7930 -3121
60140 402350 407606 -13956 7940 -3130
60241 402400 407620 -13950 7951 -3108
60347 402463 407644 -13940 7954 -3086
60452 402514 407670 -13937 7960 -3081
60552 402543 407699 -13938 7968 -3070
60656 402602 407722 -13942 7959 -3058
60770 402639 407749 -13945 7958 -3051
60870 402681 407769 -13949 7971 -3051
60964 402711 407785 -13942 7971 -3047
60975 402686 407769 -13944 7978 -3043
60850 402568 407692 -13957 7983 -3039
60594 402399 407626 -13952 7983 -3032
60276 402216 407511 -13923 7981 -3044
59969 402068 407448 -13906 7986 -3080
59717 401985 407399 -13911 7992 -3100
59524 401929 407362 -13906 7968 -3087
59377 401888 407339 -13885 7939 -3061
59265 401873 407331 -13884 7959 -3066
59179 401860 407332 -13927 7999 -3073
59119 401842 407314 -13960 8017 -3067
59100 401860 407324 -13950 8012 -3080
59111 401890 407339 -13926 7993 -3075
59121 401906 407341 -13906 7979 -3067
59119 401908 407349 -13889 7958 -3055
59093 401887 407342 -13893 7936 -3037
59051 401877 407323 -13940 7912 -3034
59008 401864 407314 -13970 7935 -3048
58969 401831 407306 -13951 7949 -3040
58948 401830 407302 -13903 7957 -3045
58943 401846 407313 -13890 7964 -3086
58958 401870 407330 -13899 7978 -3103
58987 401890 407327 -13920 7988 -3095
59032 401917 407345 -13936 7991 -3083
59091 401954 407364 -13942 7988 -3063
59164 402004 407399 -13930 7973 -3045
59242 402036 407420 -13929 7943 -3051
59333 402081 407438 -13950 7938 -3054
59430 402146 407468 -13955 7953 -3044
59533 402190 407496 -13950 7957 -3044
59639 402240 407526 -13929 7961 -3051
59750 402294 407553 -13909 7955 -3054
59860 402347 407584 -13928 7937 -3037
59974 402390 407624 -13952 7938 -3019
60090 402442 407637 -13951 7947 -3016
60206 402493 407655 -13954 7932 -3013
60318 402557 407684 -13959 7898 -3013
60434 402600 407724 -13956 7897 -3010
60547 402645 407745 -13961 7923 -3011
60655 402704 407771 -13973 7935 -3004
60764 402748 407790 -13984 7948 -2992
60883 402799 407822 -13986 7953 -2988
61002 402864 407854 -13963 7954 -2990
61121 402909 407881 -13946 7964 -3007
61232 402965 407916 -13943 7976 -3021
61294 402943 407904 -13932 7983 -3021
61240 402846 407841 -13937 7950 -3034
61046 402700 407774 -13943 7928 -3054
60761 402514 407670 -13915 7949 -3044
60468 402361 407587 -13901 7969 -3029
60222 402273 407541 -13910 7983 -3026
60029 402201 407513 -13921 7979 -3007
59888 402165 407474 -13907 7967 -2992
59791 402142 407449 -13900 7974 -3010
59722 402120 407449 -13936 7999 -3053
59676 402120 407459 -13967 8020 -3078
59666 402160 407474 -13971 7948 -3039
59682 402171 407490 -13959 7938 -3023
59706 402181 407493 -13946 7928 -2997
59710 402184 407481 -13947 7922 -2978
59693 402169 407465 -13947 7933 -2978
59654 402143 407456 -13955 7950 -2987
59607 402123 407451 -13975 7968 -3009
59572 402101 407427 -13967 7971 -3021
59549 402101 407432 -13942 7969 -3037
59546 402103 407438 -13940 7940 -3069
59560 402121 407452 -13948 7956 -3065
59591 402144 407460 -13952 7969 -3054
59637 402175 407475 -13941 7962 -3044
59694 402211 407511 -13935 7955 -3023
59760 402229 407512 -13936 7958 -3003
59837 402271 407530 -13945 7963 -3004
59921 402307 407549 -13954 7954 -3014
60012 402365 407578 -13951 7941 -3036
60106 402404 407596 -13940 7928 -3060
60202 402446 407616 -13942 7900 -3078
60306 402493 407629 -13941 7895 -3095
61427 402991 407900 -13906 7970 -3020
61540 403033 407928 -13904 7974 -3015
61645 403084 407944 -13904 7973 -2999
61706 403079 407947 -13916 7977 -2992
61654 402993 407887 -13931 7987 -2996
61477 402844 407810 -13945 7996 -3001
61233 402691 407740 -13953 7998 -2989
60994 402572 407677 -13921 7946 -2979
60796 402486 407641 -13925 7982 -2975
60651 402437 407623 -13959 8020 -2993
60555 402440 407594 -13976 8029 -2990
60497 402429 407601 -13962 8021 -2976
60464 402420 407603 -13942 8013 -2972
60457 402441 407610 -13909 8006 -2967
60494 402482 407629 -13868 7991 -2984
60544 402521 407654 -13842 7978 -2999
60581 402540 407659 -13863 7960 -3029
60594 402537 407660 -13891 7980 -3025
60581 402535 407653 -13911 8002 -3002
60548 402507 407632 -13896 8017 -3004
60520 402494 407636 -13906 8024 -3002
60504 402484 407641 -13918 8023 -2981
60499 402514 407639 -13921 8021 -2977
60513 402530 407644 -13928 8020 -2978
60546 402539 407656 -13918 8009 -2978
60589 402561 407661 -13923 7985 -2987
60644 402601 407675 -13938 7952 -2989
60702 402634 407705 -13939 7956 -2984
60777 402660 407720 -13938 7982 -2983
60860 402716 407748 -13927 7981 -2988
60951 402735 407778 -13915 7978 -2999
61046 402793 407791 -13907 7976 -3007
61148 402832 407801 -13894 7965 -3007
61259 402883 407835 -13888 7953 -3000
61369 402944 407865 -13892 7952 -2991
61482 402989 407874 -13904 7960 -2988
61594 403041 407905 -13923 7938 -3008
61706 403089 407927 -13947 7941 -3008
61821 403140 407956 -13961 7970 -2985
61927 403175 407959 -13955 7971 -2983
62035 403216 407996 -13948 7968 -2990
62144 403277 408025 -13948 7960 -2991
62258 403311 408044 -13943 7952 -2983
62373 403357 408055 -13945 7940 -2972
62485 403418 408091 -13952 7927 -2964
62585 403454 408105 -13948 7928 -2958
62621 403424 408080 -13955 7925 -2985
62547 403326 408033 -13940 7946 -2997
62360 403196 407957 -13924 7937 -3001
62112 403038 407872 -13899 7934 -3006
61874 402898 407805 -13898 7956 -3023
61680 402815 407765 -13943 7985 -3036
61543 402759 407733 -13990 8000 -3042
61453 402762 407731 -14002 8004 -3011
61389 402734 407710 -13973 8004 -2980
61356 402746 407707 -13941 7926 -2967
61346 402750 407713 -13935 7916 -2963
61371 402780 407727 -13920 7921 -2965
61417 402815 407742 -13916 7931 -2965
61456 402841 407756 -13940 7946 -2973
61478 402838 407764 -13945 7963 -2978
61473 402844 407756 -13935 7973 -2991
61455 402823 407742 -13943 7981 -3011
61423 402807 407735 -13941 7995 -3015
61407 402787 407742 -13930 7990 -3002
61401 402797 407739 -13940 7958 -2978
61415 402799 407741 -13952 7960 -2967
61445 402804 407757 -13941 7981 -2963
61490 402843 407761 -13940 7986 -2960
61544 402877 407776 -13945 7990 21876
62574 403400 408025 -13970 7980 -2904
62680 403449 408061 -13973 7987 -2892
62790 403501 408080 -13962 7985 -2886
62893 403552 408104 -13956 7981 -2892
63001 403606 408131 -13958 7982 -2904
63114 403665 408153 -13961 7921 -2932
63226 403703 408170 -13957 7950 -2934
63337 403752 408199 -13941 7969 -2926
63446 403801 408213 -13947 7978 -2923
63524 403812 408226 -13956 7988 -2946
62130 403070 407816 -13964 7930 -2890
62152 403103 407830 -13972 7934 -2914
62191 403136 407842 -13982 7950 -2954
62218 403150 407844 -13959 7938 -2971
62228 403160 407847 -13944 7923 -3003
62216 403137 407834 -13939 7936 -3033
62182 403116 407813 -13932 7956 -3027
62145 403088 407792 -13926 7969 -3012
62116 403069 407780 -13909 7971 -3014
62111 403082 407779 -13893 7972 -3017
62118 403089 407790 -13887 7975 -3022
62143 403113 407805 -13901 7979 -3020
62180 403140 407815 -13926 7993 -3026
62229 403170 407825 -13935 7991 -3039
62286 403221 407838 -13935 7963 -3049
62351 403254 407860 -13914 7966 -3062
62431 403280 407857 -13889 7972 -3062
62516 403339 407888 -13881 7962 -3059
62604 403380 407927 -13874 7969 -3046
62695 403417 407953 -13878 7974 -3027
63809 403920 408192 -13958 8001 -2940
63915 403964 408207 -13960 8007 -2961
63994 403987 408227 -13953 8002 -2971
63992 403948 408203 -13925 7985 -2969
63871 403839 408140 -13912 7928 -2988
63647 403686 408059 -13931 7970 -3014
63389 403524 407979 -13958 8002 -3037
63155 403397 407923 -13949 8009 -3026
62975 403308 407877 -13928 7996 -3006
62847 403277 407865 -13901 7984 -2998
62762 403245 407848 -13858 7979 -3004
62710 403234 407846 -13857 7977 -3009
62691 403253 407836 -13866 7973 -3003
62695 403286 407840 -13881 7962 -3003
62737 403305 407869 -13921 7954 -3012
62782 403320 407880 -13937 7974 -3002
62808 403328 407880 -13930 8000 -2985
62806 403307 407863 -13928 8007 -3004
62781 403264 407834 -13935 7999 -3016
62744 403253 407835 -13943 8000 -3006
62702 403208 407808 -13943 7996 -3002
62677 403185 407799 -13937 7981 -2999
62666 403171 407792 -13921 7972 -3006
62672 403161 407780 -13911 7962 -3036
62691 403161 407790 -13907 7944 -3036
62718 403161 407776 -13901 7946 -3022
62757 403085 407756 -13900 7958 -3035
62791 403004 407700 -13896 7958 -3037
62831 402941 407671 -13873 7957 -3020
62871 402883 407642 -13858 7950 -3005
62922 402854 407612 -13866 7966 -2983
62985 402914 407641 -13902 8003 -2996
63049 402916 407627 -13961 8020 -3011
63118 402945 407622 -13985 8010 -2972
63205 403022 407670 -13954 7981 -2991
63303 403159 407724 -13956 7966 -2982
63410 403311 407815 -14030 7966 -2903
63523 403469 407898 -14006 7978 -2918
63634 403637 407989 -13898 8005 -3004
63739 403772 408056 -13850 8025 -3065
63839 403839 408095 -13883 8030 -3068
63936 403834 408100 -13946 8004 -3022
64026 403787 408056 -13954 7986 -3083
64110 403776 408067 -13886 7995 -3255
64156 403781 408073 -13865 7934 -3282
64087 403698 408013 -13899 7865 -3163
63886 403507 407931 -13894 7896 -3087
63601 403322 407814 -13868 7954 -3136
63303 403159 407744 -13849 8008 -3272
63032 403043 407695 -13873 8042 -3353
62819 402955 407653 -13882 8056 -3375
62660 402934 407644 -13826 8065 -3405
62551 402919 407625 -13746 8066 -3417
62473 402928 407617 -13695 8068 -3425
62422 402926 407623 -13669 8020 -3409
62402 402925 407619 -13658 8035 -3408
62416 402969 407633 -13659 8066 -3436
62434 403020 407657 -13675 8079 -3457
62440 403040 407658 -13706 8087 -3457
62421 403044 407663 -13723 8097 -3464
62378 403008 407643 -13718 8105 -3480
62320 402961 407629 -13719 8112 -3486
62267 402938 407610 -13704 8113 -3501
62217 402916 407599 -13689 8101 -3498
62187 402901 407589 -13700 8071 -3453
62172 402907 407597 -13691 8067 -3437
62178 402918 407617 -13690 8082 -3444
62198 402952 407622 -13709 8078 -3445
62232 402969 407636 -13709 8070 -3436
62277 402995 407647 -13705 8064 -3417
62329 403028 407673 -13721 8055 -3384
62391 403085 407696 -13756 8049 -3331
62460 403115 407714 -13799 8037 -3269
62536 403151 407740 -13830 8017 -3216
62616 403184 407757 -13839 8003 -3193
62700 403232 407782 -13844 8012 -3205
62793 403286 407810 -13871 8019 -3198
62884 403318 407825 -13905 8008 -3164
62974 403378 407850 -13904 8007 -3132
63066 403423 407878 -13876 8016 -3120
63154 403458 407888 -13869 8023 -3137
63226 403497 407907 -13873 8030 -3167
63233 403459 407896 -13857 8029 -3169
63116 403364 407845 -13843 8011 -3128
62874 403211 407774 -13856 7981 -3103
62573 403034 407681 -13884 7996 -3126
62275 402892 407603 -13897 8038 -3142
62021 402777 407547 -13887 8058 -3143
61823 402712 407511 -13861 8071 -3134
61682 402669 407485 -13843 8072 -3124
61662 402845 407553 -13781 8050 -3212
61752 402898 407564 -13784 8045 -3200
61841 402942 407584 -13787 8042 -3202
61934 402989 407611 -13799 8024 -3201
62043 403038 407633 -13810 7994 -3191
62150 403087 407650 -13808 7986 -3204
62254 403132 407679 -13813 8001 -3232
62354 403177 407708 -13822 8019 -3247
62410 403175 407707 -13819 8032 -3238
62351 403098 407680 -13801 8041 -3222
62160 402947 407610 -13779 8047 -3233
61864 402753 407514 -13770 8062 -3260
61547 402568 407430 -13777 8074 -3302
61264 402431 407363 -13789 8075 -3323
61043 402328 407304 -13787 8052 -3312
60871 402255 407267 -13768 8045 -3303
60748 402212 407260 -13750 8055 -3308
60658 402179 407239 -13743 8048 -3323
60594 402169 407254 -13728 8046 -3325
60574 402184 407274 -13713 8054 -3326
60588 402217 407297 -13728 8064 -3324
60613 402248 407316 -13755 8056 -3300
60624 402254 407316 -13751 8048 -3284
60609 402229 407319 -13744 8052 -3290
60568 402209 407299 -13776 8028 -3286
60511 402178 407280 -13792 8015 -3290
60462 402142 407266 -13785 8031 -3283
60413 402116 407265 -13776 8039 -3266
60390 402121 407258 -13768 8050 -3270
60384 402118 407265 -13788 8056 -3265
60393 402127 407263 -13807 8057 -3249
60416 402157 407279 -13826 8055 -3231
60449 402157 407286 -13822 8052 -3221
60495 402207 407315 -13792 8056 -3232
60554 402222 407310 -13795 8017 -3241
60619 402265 407349 -13797 8022 -3249
60692 402301 407364 -13792 8036 -3257
60767 402338 407397 -13778 8048 -3252
60856 402377 407410 -13769 8051 -3235
60944 402420 407428 -13770 8048 -3230
60409 401945 407207 -13765 8100 -3299
60161 401839 407155 -13780 8101 -3287
59969 401747 407113 -13768 8092 -3281
59825 401709 407104 -13751 8070 -3281
59718 401677 407090 -13750 8040 -3263
59637 401645 407080 -13741 8033 -3249
59595 401652 407077 -13732 8050 -3252
59595 401667 407085 -13744 8060 -3255
59610 401689 407087 -13763 8063 -3249
59617 401700 407104 -13773 8067 -3233
59604 401674 407091 -13782 8075 -3233
59565 401657 407074 -13791 8074 -3255
59509 401631 407053 -13791 8080 -3272
59455 401586 407052 -13793 8084 -3281
59409 401582 407048 -13798 8049 -3267
59377 401563 407039 -13785 8028 -3249
59372 401573 407047 -13758 8043 -3257
59376 401590 407056 -13761 8048 -3245
59396 401606 407065 -13777 8054 -3234
59428 401626 407070 -13784 8061 -3247
60271 402053 407323 -13799 8060 -3183
60358 402092 407339 -13777 8060 -3185
60449 402129 407345 -13751 8064 -3200
60536 402158 407381 -13779 8030 -3211
60614 402199 407391 -13769 8034 -3187
60629 402166 407367 -13770 8048 -3179
60519 402053 407319 -13771 8069 -3188
60283 401886 407236 -13811 8088 -3218
59979 401720 407150 -13848 8096 -3234
59687 401582 407091 -13845 8099 -3228
59450 401487 407025 -13812 8093 -3217
59273 401423 407001 -13776 8078 -3213
59148 401405 406980 -13756 8055 -3233
59053 401383 406974 -13753 8027 -3247
58992 401371 406977 -13749 8026 -3261
58972 401404 406976 -13737 8056 -3289
58993 401426 406990 -13733 8068 -3288
59030 401471 407006 -13731 8070 -3272
59041 401464 407009 -13736 8077 -3284
59022 401453 406995 -13755 8079 -3306
58973 401413 406980 -13770 8081 -3306
58913 401394 406961 -13785 8078 -3298
58854 401374 406957 -13784 8060 -3295
58808 401355 406951 -13790 8016 -3261
58783 401341 406949 -13798 8004 -3243
58772 401358 406958 -13784 8025 -3243
58779 401364 406970 -13780 8031 -3244
58798 401363 406974 -13787 8030 -3246
58828 401393 406986 -13784 8027 -3243
58868 401432 406999 -13784 8033 -3247
58922 401476 407026 -13782 8041 -3243
58984 401503 407051 -13784 8035 -3226
59057 401542 407091 -13799 8039 -3205
59140 401583 407099 -13836 8007 -3163
59222 401626 407116 -13830 8020 -3150
59314 401676 407152 -13827 8035 -3151
59398 401714 407172 -13844 8049 -3144
59488 401776 407201 -13852 8051 -3123
59580 401813 407221 -13852 8060 -3130
59673 401858 407237 -13853 8069 -3156
59766 401896 407270 -13841 8067 -3158
59850 401930 407289 -13815 8061 -3140
59906 401957 407301 -13792 8029 -3170
59862 401899 407273 -13804 8054 -3212
59685 401770 407212 -13835 8072 -3220
59415 401606 407140 -13836 8072 -3214
59132 401454 407051 -13822 8061 -3196
58880 401361 407011 -13821 8057 -3171
58694 401308 406973 -13800 8056 -3160
58564 401270 406946 -13783 8049 -3140
58921 401654 407165 -13826 8014 -3175
59026 401704 407196 -13844 8008 -3158
59128 401777 407234 -13855 7983 -3135
59235 401833 407246 -13850 8001 -3157
59343 401892 407291 -13845 8009 -3168
59447 401932 407315 -13846 8010 -3157
59555 401982 407329 -13836 8017 -3168
59658 402050 407357 -13831 8019 -3187
59772 402079 407380 -13837 8023 -3185
59874 402125 407407 -13834 8026 -3169
59968 402179 407415 -13815 8023 -3157
60002 402165 407425 -13821 8014 -3162
59906 402058 407360 -13850 8000 -3181
59676 401899 407290 -13858 8014 -3193
59356 401714 407192 -13855 8034 -3174
59037 401569 407101 -13861 8033 -3150
58766 401482 407055 -13861 8027 -3153
58555 401419 407020 -13854 8025 -3154
58396 401387 407014 -13834 8026 -3142
58284 401354 406995 -13817 8032 -3132
58192 401338 406978 -13819 8029 -3142
58129 401327 406972 -13867 7995 -3150
58101 401359 406989 -13847 8006 -3151
58107 401384 406995 -13822 8021 -3182
58123 401409 407012 -13819 8029 -3206
58130 401410 407010 -13826 8042 -3204
58114 401395 407006 -13832 8047 -3196
58073 401389 406999 -13826 8050 -3187
58028 401362 406985 -13810 8045 -3198
57988 401356 406990 -13805 8030 -3210
57965 401360 406993 -13824 8013 -3204
57967 401367 406999 -13848 7990 -3190
57987 401390 407004 -13852 7999 -3196
58016 401432 407017 -13851 8010 -3205
58063 401466 407043 -13845 8004 -3205
58128 401512 407057 -13842 8014 -3206
58210 401552 407097 -13838 8017 -3205
58301 401607 407130 -13822 8018 -3207
58400 401668 407170 -13806 8023 -3202
58507 401722 407184 -13815 8018 -3199
58597 401709 407139 -13817 7978 -3185
58520 401702 407140 -13831 7977 -3211
58469 401705 407132 -13821 7988 -3225
58441 401719 407141 -13803 8005 -3237
58454 401738 407164 -13813 8022 -3263
58489 401762 407174 -13839 8035 -3270
58520 401779 407161 -13847 8031 -3266
58526 401774 407167 -13833 8021 -3259
58513 401769 407161 -13820 8022 -3261
58484 401757 407156 -13827 8014 -3251
58986 402056 407303 -13844 7987 -3217
59097 402106 407328 -13853 7978 -3199
59209 402161 407358 -13872 7995 -3193
59329 402222 407386 -13864 8007 -3204
59449 402282 407401 -13849 8012 -3211
59571 402324 407435 -13851 8017 -3225
59696 402378 407457 -13853 8018 -3238
59817 402436 407489 -13841 8016 -3249
59936 402478 407512 -13819 8019 -3262
60062 402513 407532 -13818 8025 -3256
60179 402559 407548 -13827 7994 -3225
60293 402611 407575 -13820 7975 -3215
60411 402655 407599 -13818 8003 -3232
60539 402715 407642 -13814 8023 -3263
60669 402781 407664 -13815 8029 -3279
60804 402835 407683 -13823 8027 -3245
60939 402888 407711 -13800 8024 -3221
61072 402956 407749 -13774 8033 -3237
61171 402969 407759 -13799 8051 -3270
61171 402916 407728 -13836 8071 -3282
61046 402795 407664 -13827 7994 -3225
60827 402644 407571 -13820 7975 -3215
60592 402515 407513 -13818 8003 -3232
60403 402421 407471 -13814 8023 -3263
60270 402385 407432 -13815 8029 -3279
60191 402363 407430 -13823 8027 -3245
60138 402371 407421 -13800 8024 -3221
60109 402373 407436 -13774 8033 -3237
60092 402370 407410 -13799 8051 -3270
60107 402404 407421 -13836 8071 -3282
60148 402442 407452 -13873 8031 -3254
60192 402459 407446 -13871 8024 -3244
60218 402466 407448 -13858 8020 -3227
60220 402458 407450 -13845 8010 -3215
60210 402445 407428 -13831 7991 -3209
60196 402435 407434 -13828 7983 -3216
60188 402421 407424 -13860 7998 -3233
60189 402420 407422 -13856 8008 -3219
60209 402451 407425 -13822 8007 -3201
60245 402475 407443 -13845 7972 -3219
60291 402498 407457 -13836 8011 -3230
60350 402528 407471 -13827 8037 -3240
60419 402566 407499 -13827 8039 -3232
60495 402605 407504 -13833 8038 -3232
60580 402639 407535 -13833 8037 -3237
60677 402692 407558 -13842 8042 -3254
60774 402756 407580 -13854 8046 -3267
60878 402811 407616 -13843 8041 -3269
60986 402847 407645 -13837 8027 -3280
61103 402916 407674 -13829 7995 -3263
61215 402964 407708 -13820 7991 -3240
61338 403016 407738 -13818 8012 -3255
61455 403074 407755 -13813 8017 -3270
61568 403120 407783 -13819 8018 -3259
61678 403165 407802 -13824 8027 -3253
61789 403204 407826 -13831 8029 -3255
61895 403267 407858 -13833 8023 -3248
62011 403315 407891 -13831 8027 -3245
62132 403377 407906 -13841 8025 -3233
62253 403426 407933 -13879 7981 -3215
62376 403460 407974 -13881 8004 -3212
62476 403504 407971 -13867 8013 -3223
62512 403477 407952 -13848 8019 -3228
62444 403383 407897 -13847 8021 -3214
62289 403252 407840 -13863 8026 -3215
62102 403135 407779 -13864 8020 -3213
61944 403063 407728 -13842 8011 -3210
61831 403012 407699 -13809 8008 -3226
61764 403009 407702 -13809 8016 -3329
61739 403036 407705 -13811 8044 -3365
61740 403032 407693 -13806 8061 -3342
61763 403053 407715 -13809 8065 -3316
61812 403094 407739 -13800 8058 -3307
61882 403135 407747 -13785 8050 -3289
61951 403166 407753 -13775 8034 -3266
61995 403170 407772 -13763 8017 -3260
62012 403149 407773 -13764 8020 -3274
62010 403161 407765 -13794 8003 -3268
62002 403142 407749 -13783 8008 -3284
62001 403142 407753 -13779 8032 -3322
62695 403494 407928 -13814 8003 -3297
62806 403533 407952 -13808 8004 -3287
62910 403582 407962 -13799 8007 -3277
63017 403634 407996 -13803 8009 -3273
63128 403689 408025 -13813 8014 -3276
63238 403747 408046 -13819 8012 -3271
63345 403790 408074 -13822 8016 -3269
63448 403827 408090 -13816 7994 -3270
63551 403881 408117 -13808 7987 -3268
63656 403924 408149 -13801 8020 -3282
63762 403976 408169 -13793 8041 -3299
63868 404012 408193 -13796 8053 -3297
63969 404051 408196 -13807 8058 -3304
64026 404059 408200 -13803 8060 -3298
63998 403980 408150 -13799 8063 -3291
63847 403859 408093 -13796 8067 -3304
63625 403689 408006 -13783 8069 -3309
63394 403553 407933 -13796 8000 -3266
63204 403468 407890 -13779 8035 -3300
63061 403408 407876 -13794 8072 -3348
62963 403365 407843 -13804 8089 -3367
62904 403361 407842 -13801 8087 -3364
62863 403357 407825 -13785 8075 -3359
62838 403361 407827 -13746 8065 -3361
62836 403387 407844 -13723 8049 -3355
62859 403418 407853 -13717 8033 -3334
62892 403443 407864 -13764 8020 -3316
62907 403435 407877 -13788 8048 -3326
62892 403435 407862 -13770 8073 -3334
62858 403404 407852 -13753 8079 -3337
63940 403940 408093 -13760 8063 -3313
64031 403978 408113 -13749 8069 -3341
64120 404017 408129 -13752 8072 -3349
64213 404051 408151 -13754 8064 -3360
64302 404092 408172 -13747 8054 -3369
64384 404128 408179 -13726 8060 -3371
64404 404097 408169 -13757 8045 -3356
64310 403998 408105 -13741 8060 -3339
64100 403846 408028 -13720 8062 -3314
63834 403681 407938 -13708 8070 -3317
63577 403526 407865 -13730 8088 -3341
63370 403414 407820 -13764 8101 -3370
63210 403361 407793 -13784 8102 -3386
63095 403329 407756 -13772 8092 -3392
63016 403310 407767 -13754 8078 -3379
62958 403298 407748 -13751 7996 -3317
62917 403295 407729 -13753 8004 -3311
62900 403294 407764 -13744 8015 -3327
62914 403324 407773 -13752 8028 -3345
62923 403333 407774 -13778 8046 -3344
62913 403331 407767 -13780 8053 -3329
62883 403299 407752 -13774 8061 -3341
62829 403259 407737 -13765 8070 -3363
62772 403231 407708 -13763 8069 -3359
62721 403210 407709 -13783 8052 -3329
62685 403191 407686 -13789 8027 -3307
62668 403182 407690 -13781 8029 -3294
62667 403183 407685 -13788 8043 -3285
62674 403190 407699 -13789 8055 -3282
62694 403216 407713 -13783 8069 -3292
62730 403237 407720 -13779 8074 -3317
62776 403240 407734 -13767 8076 -3338
62831 403262 407737 -13745 8078 -3351
62891 403310 407750 -13725 8075 -3341
62961 403330 407762 -13726 8066 -3322
63034 403360 407776 -13754 8037 -3296
63111 403381 407792 -13773 8028 -3281
63183 403390 407798 -13767 8053 -3287
63265 403413 407814 -13766 8075 -3290
63344 403425 407820 -13764 8088 -3294
62468 402565 407341 -13703 8029 -3389
62502 402651 407397 -13693 8036 -3413
62508 402692 407431 -13706 8034 -3399
62488 402647 407403 -13791 8027 -3367
62434 402543 407364 -13882 7995 -3316
62376 402508 407352 -13922 7960 -3240
62317 402452 407304 -13936 7952 -3213
62278 402407 407282 -13970 7941 -3182
62262 402424 407297 -13970 7965 -3149
62269 402448 407319 -13893 8028 -3233
62305 402500 407346 -13796 8072 -3373
62353 402554 407367 -13721 8096 -3447
62415 402612 407388 -13690 8102 -3439
62482 402653 407426 -13694 8092 -3428
62554 402712 407459 -13687 8078 -3442
62629 402797 407485 -13670 8057 -3437
62704 402840 407524 -13680 8054 -3420
62777 402880 407536 -13724 8054 -3365
62858 402950 407581 -13768 8054 -3282
62941 403003 407612 -13795 8070 -3251
63024 403076 407641 -13822 8086 -3240
63117 403145 407674 -13812 8088 -3237
63217 403198 407705 -13781 8083 -3269
63316 403258 407728 -13754 8090 -3301
63415 403319 407763 -13722 8095 -3335
63502 403392 407800 -13723 8063 -3348
63506 403365 407794 -13742 8043 -3313
63387 403265 407737 -13760 8057 -3271
63153 403117 407659 -13747 8065 -3257
62874 402969 407586 -13708 8086 -3308
62611 402838 407517 -13709 8105 -3359
62391 402726 407471 -13745 8111 -3353
62231 402665 407451 -13786 8101 -3289
62113 402642 407432 -13808 8091 -3229
62036 402616 407419 -13796 8076 -3227
61979 402608 407419 -13770 8030 -3241
61950 402611 407413 -13771 8053 -3254
61955 402627 407439 -13785 8071 -3240
61980 402659 407440 -13807 8083 -3245
61995 402667 407444 -13797 8088 -3261
61992 402662 407470 -13768 8092 -3273
61967 402652 407441 -13754 8093 -3308
61923 402626 407427 -13751 8091 -3327
61876 402597 407419 -13757 8085 -3303
61836 402589 407407 -13776 8046 -3276
61811 402571 407403 -13778 8024 -3272
61806 402586 407415 -13754 8043 -3280
61811 402586 407408 -13746 8054 -3286
61831 402596 407410 -13750 8069 -3294
61869 402616 407432 -13748 8081 -3301
61914 402635 407437 -13738 8086 -3310
61973 402661 407464 -13727 8086 -3305
62041 402720 407475 -13722 8086 -3304
62114 402757 407511 -13728 8087 -3307
62187 402791 407523 -13772 8039 -3268
62273 402821 407528 -13771 8055 -3274
62358 402864 407571 -13770 8071 -3274
62448 402923 407594 -13772 8070 -3252
62544 402953 407618 -13772 8068 -3239
62635 403018 407654 -13776 8077 -3253
62721 403053 407670 -13783 8085 -3259
62758 403046 407681 -13788 8083 -3255
62695 402976 407639 -13776 8074 -3242
62505 402828 407555 -13761 8055 -3225
62242 402655 407477 -13787 8047 -3250
61968 402504 407393 -13805 8068 -3285
61738 402397 407343 -13796 8082 -3284
61554 402341 407326 -13791 8090 -3265
61418 402297 407299 -13780 8094 -3267
61317 402259 407278 -13767 8085 -3283
61248 402243 407269 -13751 8077 -3278
61199 402244 407274 -13737 8069 -3256
61194 402279 407285 -13741 8072 -3244
61218 402300 407300 -13759 8064 -3257
61253 402323 407316 -13770 8044 -3251
61262 402337 407308 -13768 8055 -3251
61252 402329 407305 -13746 8082 -3293
61217 402291 407290 -13741 8093 -3315
61179 402274 407291 -13752 8096 -3313
61143 402257 407279 -13761 8095 -3305
61127 402241 407269 -13760 8084 -3298
61120 402256 407278 -13740 8078 -3301
61137 402268 407271 -13737 8072 -3302
61167 402278 407296 -13748 8065 -3300
61207 402320 407307 -13767 8046 -3281
61260 402331 407317 -13779 8048 -3275
61317 402372 407324 -13772 8069 -3293
61394 402420 407363 -13769 8071 -3307
61474 402463 407393 -13774 8061 -3312
61561 402490 407407 -13778 8051 -3315
61656 402561 407430 -13767 8048 -3317
61753 402614 407464 -13762 8049 -3315
61856 402642 407482 -13781 8057 -3297
61958 402696 407510 -13784 8066 -3281
62061 402756 407530 -13781 8046 -3274
62166 402804 407551 -13782 8035 -3273
62270 402842 407576 -13772 8055 -3298
62370 402879 407598 -13760 8070 -3318
62456 402918 407605 -13762 8078 -3330
62474 402891 407592 -13761 8079 -3344
62373 402779 407538 -13753 8075 -3339
62146 402621 407458 -13732 8073 -3320
61859 402440 407368 -13713 8076 -3321
61581 402304 407270 -13739 8085 -3348
61347 402205 407216 -13817 8080 -3350
61172 402131 407194 -13796 8081 -3350
61051 402092 407174 -13772 8080 -3367
60954 402055 407164 -13751 8072 -3365
60878 402042 407151 -13716 8065 -3352
60829 402018 407151 -13690 8062 -3361
60818 402037 407152 -13692 8064 -3387
60831 402050 407156 -13715 8069 -3417
60846 402055 407164 -13707 8073 -3419
60832 402044 407142 -13705 8031 -3386
60796 402007 407122 -13709 8050 -3402
60742 401986 407111 -13704 8088 -3393
60681 401962 407097 -13712 8102 -3364
60624 401932 407089 -13723 8105 -3343
60588 401910 407085 -13728 8098 -3344
60569 401906 407089 -13744 8096 -3358
61123 402220 407241 -13719 8103 -3293
61208 402267 407246 -13714 8112 -3306
61292 402302 407258 -13697 8122 -3328
61374 402327 407284 -13693 8107 -3335
61458 402382 407287 -13672 8130 -3370
61536 402404 407324 -13660 8141 -3390
61615 402438 407337 -13646 8138 -3386
61656 402433 407327 -13615 8141 -3387
61600 402359 407289 -13601 8157 -3408
61415 402195 407193 -13628 8179 -3438
61147 402003 407099 -13652 8193 -3443
60858 401827 407007 -13655 8189 -3429
60606 401725 406961 -13652 8145 -3366
60414 401653 406928 -13620 8145 -3365
60285 401625 406904 -13618 8140 -3367
60187 401619 406902 -13627 8133 -3375
60122 401601 406908 -13642 8138 -3387
60078 401586 406889 -13663 8143 -3385
60078 401626 406923 -13669 8136 -3370
60103 401654 406939 -13671 8135 -3355
60114 401652 406944 -13693 8138 -3351
60099 401653 406929 -13733 8120 -3313
60051 401584 406918 -13719 8125 -3308
59984 401575 406894 -13713 8138 -3328
59916 401535 406868 -13708 8133 -3330
59857 401506 406862 -13707 8130 -3336
59814 401510 406868 -13712 8139 -3332
59792 401509 406856 -13711 8138 -3328
59782 401515 406852 -13714 8129 -3346
59785 401530 406869 -13713 8127 -3359
59805 401545 406876 -13719 8109 -3353
59844 401589 406893 -13727 8074 -3318
59889 401617 406904 -13716 8066 -3290
59947 401650 406918 -13692 8084 -3306
60016 401696 406947 -13697 8091 -3323
60085 401722 406972 -13708 8096 -3329
60162 401767 406984 -13701 8104 -3330
60235 401817 407016 -13704 8099 -3331
60313 401863 407033 -13714 8087 -3330
60392 401905 407057 -13716 8090 -3332
59543 401360 406788 -13687 8132 -3366
59394 401314 406756 -13728 8105 -3272
59289 401294 406748 -13736 8120 -3263
59216 401275 406741 -13749 8128 -3251
59173 401281 406740 -13732 8125 -3247
59170 401304 406755 -13693 8123 -3279
59200 401334 406777 -13684 8115 -3303
59222 401354 406774 -13698 8107 -3304
59220 401363 406783 -13709 8106 -3275
59184 401335 406765 -13709 8106 -3251
59130 401295 406744 -13719 8073 -3217
59064 401270 406740 -13716 8094 -3241
59011 401260 406731 -13691 8122 -3278
58976 401261 406736 -13683 8129 -3277
58958 401269 406743 -13687 8127 -3266
58960 401286 406746 -13692 8128 -3257
58971 401290 406743 -13694 8132 -3251
58996 401309 406763 -13688 8135 -3252
59039 401349 406778 -13696 8143 -3250
59083 401387 406806 -13719 8149 -3241
59141 401416 406827 -13736 8134 -3235
59211 401469 406859 -13738 8130 -3236
59287 401520 406877 -13739 8147 -3234
59367 401561 406907 -13724 8159 -3244
59454 401612 406931 -13701 8159 -3258
59536 401651 406949 -13691 8153 -3265
59626 401689 406978 -13677 8152 -3268
59708 401733 407003 -13668 8156 -3285
59792 401779 407025 -13666 8154 -3298
59880 401813 407045 -13668 8141 -3285
59969 401857 407066 -13674 8113 -3251
60050 401903 407081 -13656 8112 -3241
60117 401928 407109 -13657 8139 -3278
60104 401877 407075 -13685 8155 -3295
59954 401736 407006 -13707 8157 -3267
59679 401550 406911 -13718 8152 -3250
59351 401358 406806 -13728 8148 -3250
59040 401218 406745 -13726 8144 -3254
58788 401133 406682 -13717 8140 -3251
58591 401060 406653 -13701 8134 -3254
57850 400888 406521 -13742 8102 -3240
57789 400864 406512 -13735 8114 -3262
57753 400866 406519 -13714 8120 -3266
57742 400883 406528 -13691 8127 -3280
57745 400902 406554 -13685 8133 -3306
57769 400894 406547 -13700 8133 -3313
57808 400948 406579 -13716 8129 -3318
57859 400979 406603 -13718 8126 -3303
57926 401005 406610 -13717 8124 -3294
57999 401067 406629 -13719 8110 -3288
58080 401111 406666 -13715 8101 -3274
58167 401157 406698 -13702 8109 -3292
58255 401216 406720 -13701 8114 -3303
58347 401273 406757 -13701 8116 -3298
58447 401312 406778 -13696 8119 -3304
58543 401355 406808 -13703 8126 -3310
58643 401410 406848 -13704 8130 -3288
58741 401462 406877 -13693 8131 -3276
58842 401521 406897 -13695 8135 -3279
58944 401565 406927 -13731 8098 -3242
59043 401602 406952 -13726 8100 -3232
59139 401646 406963 -13708 8112 -3245
59240 401707 407019 -13705 8118 -3246
59347 401771 407033 -13701 8122 -3258
59458 401809 407061 -13694 8118 -3283
59568 401866 407091 -13703 8121 -3293
59676 401919 407117 -13703 8131 -3289
59739 401924 407113 -13687 8144 -3283
59679 401802 407073 -13679 8142 -3287
59469 401640 406981 -13694 8113 -3290
59167 401441 406879 -13685 8107 -3293
58852 401285 406791 -13667 8131 -3313
58586 401170 406739 -13664 8140 -3305
58376 401111 406702 -13654 8148 -3267
58221 401041 406680 -13636 8153 -3243
58095 401015 406652 -13644 8160 -3265
57992 400997 406645 -13690 8160 -3312
57900 400963 406633 -13721 8155 -3330
57841 400958 406631 -13720 8152 -3331
57827 400991 406650 -13696 8092 -3279
57826 400992 406649 -13680 8100 -3277
57819 400994 406648 -13679 8103 -3264
57794 400978 406641 -13693 8102 -3252
57750 400951 406631 -13714 8105 -3251
57697 400930 406622 -13745 8118 -3277
57651 400928 406613 -13755 8124 -3280
57619 400930 406613 -13735 8122 -3279
57610 400919 406614 -13711 8128 -3302
57622 400951 406624 -13715 8098 -3307
57647 400970 406646 -13707 8119 -3312
57688 401001 406657 -13692 8131 -3325
57747 401031 406666 -13688 8129 -3332
57818 401080 406690 -13691 8130 -3326
57900 401107 406717 -13695 8134 -3325
57995 401171 406741 -13706 8136 -3319
58094 401204 406770 -13703 8131 -3320
58196 401267 406803 -13709 8125 -3349
58302 401311 406835 -13726 8087 -3316
58409 401369 406851 -13721 8091 -3323
58515 401407 406875 -13714 8098 -3329
58711 401308 406869 -13698 8124 -3306
58662 401298 406856 -13689 8130 -3291
58626 401282 406853 -13703 8134 -3311
58606 401272 406847 -13718 8133 -3305
58601 401277 406846 -13718 8134 -3294
58613 401297 406854 -13716 8137 -3285
58638 401312 406861 -13717 8136 -3266
58676 401324 406866 -13712 8130 -3261
58726 401355 406882 -13707 8131 -3273
58785 401380 406899 -13715 8146 -3296
58857 401436 406931 -13711 8157 -3316
58936 401471 406959 -13689 8149 -3328
59020 401513 406976 -13671 8132 -3326
59114 401573 407008 -13673 8122 -3317
59214 401620 407033 -13684 8115 -3307
59317 401660 407070 -13686 8107 -3301
59422 401717 407085 -13701 8087 -3290
59522 401766 407118 -13735 8054 -3270
59621 401817 407137 -13760 8050 -3257
59716 401864 407156 -13767 8072 -3247
59818 401907 407196 -13768 8088 -3231
59912 401950 407227 -13767 8100 -3223
60014 402010 407258 -13771 8108 -3224
60114 402040 407273 -13761 8114 -3232
60222 402103 407303 -13748 8117 -3227
60330 402150 407340 -13742 8119 -3229
60445 402199 407353 -13739 8113 -3230
60536 402238 407378 -13747 8087 -3214
60561 402190 407358 -13734 8082 -3243
60474 402098 407301 -13712 8108 -3298
59852 401800 407151 -13738 8108 -3269
59915 401863 407186 -13751 8105 -3281
59985 401898 407190 -13755 8099 -3282
60070 401943 407220 -13755 8102 -3282
60158 401984 407255 -13752 8108 -3299
60254 402037 407273 -13734 8107 -3319
60352 402090 407297 -13718 8089 -3309
60459 402148 407326 -13724 8066 -3280
60569 402206 407359 -13732 8072 -3282
60681 402253 407392 -13723 8090 -3287
60795 402299 407423 -13718 8099 -3274
60904 402361 407436 -13727 8102 -3273
61011 402422 407474 -13730 8112 -3270
61118 402449 407490 -13731 8125 -3266
61226 402509 407518 -13739 8126 -3263
61330 402553 407531 -13734 8125 -3271
61440 402599 407566 -13734 8122 -3297
61547 402641 407576 -13742 8104 -3290
61658 402685 407613 -13738 8101 -3281
61751 402713 407622 -13722 8111 -3285
61770 402688 407604 -13700 8108 -3279
61664 402556 407521 -13699 8115 -3295
61446 402386 407434 -13710 8130 -3304
61179 402199 407340 -13708 8128 -3297
60930 402068 407264 -13690 8119 -3295
60728 401969 407223 -13677 8121 -3298
60578 401932 407187 -13708 8135 -3326
60472 401877 407169 -13752 8106 -3286
60394 401867 407155 -13723 8117 -3285
60332 401859 407155 -13718 8130 -3285
60278 401844 407151 -13710 8130 -3278
60271 401874 407162 -13693 8115 -3270
60286 401910 407177 -13686 8101 -3257
60310 401924 407178 -13697 8104 -3241
60314 401927 407168 -13724 8110 -3249
60298 401909 407155 -13755 8116 -3279
60260 401890 407151 -13736 8077 -3256
60215 401877 407140 -13724 8097 -3276
60182 401854 407126 -13729 8112 -3278
60163 401857 407126 -13737 8118 -3281
60163 401861 407130 -13730 8119 -3291
60179 401875 407137 -13725 8121 -3290
60214 401920 407164 -13714 8128 -3296
60260 401937 407178 -13708 8125 -3296
60317 401986 407186 -13715 8121 -3295
60383 402018 407214 -13737 8078 -3289
60456 402074 407240 -13725 8075 -3316
60542 402117 407272 -13705 8096 -3325
60631 402154 407286 -13692 8106 -3321
60721 402208 407313 -13699 8111 -3311
60825 402279 407347 -13713 8114 -3292
60925 402332 407384 -13704 8109 -3286
61026 402383 407412 -13690 8109 -3286
61133 402431 407428 -13688 8112 -3292
61235 402480 407455 -13703 8108 -3286
61339 402518 407483 -13727 8096 -3273
61450 402574 407504 -13732 8095 -3276
61552 402617 407541 -13711 8108 -3274
61658 402673 407546 -13702 8114 -3266
61764 402706 407574 -13705 8121 -3273
61869 402776 407592 -13726 8130 -3294
61978 402832 407617 -13747 8135 -3307
62092 402880 407656 -13735 8133 -3298
62207 402925 407683 -13716 8130 -3299
62328 402982 407707 -13710 8118 -3294
62447 403038 407743 -13712 8089 -3265
62529 403066 407745 -13719 8086 -3268
62508 402970 407692 -13717 8107 -3291
62358 402828 407631 -13710 8106 -3284
62096 402654 407516 -13700 8098 -3262
61803 402449 407418 -13704 8101 -3272
61549 402315 407345 -13732 8108 -3306
61351 402243 407284 -13758 8114 -3305
61205 402175 407263 -13749 8113 -3288
61098 402134 407239 -13730 8112 -3280
61013 402107 407238 -13736 8066 -3238
60944 402112 407220 -13732 8079 -3233
60900 402089 407213 -13720 8091 -3238
60893 402119 407236 -13721 8099 -3251
60905 402148 407233 -13737 8115 -3284
60738 402121 407184 -13724 8091 -3289
60782 402149 407205 -13711 8103 -3301
60843 402176 407236 -13712 8111 -3309
60913 402212 407253 -13727 8103 -3305
60988 402250 407281 -13758 8077 -3277
61071 402311 407292 -13763 8067 -3259
61162 402352 407331 -13749 8076 -3259
61251 402405 407358 -13750 8079 -3256
61345 402455 407368 -13756 8082 -3246
61437 402506 407393 -13777 8093 -3240
61532 402546 407432 -13780 8096 -3246
61626 402584 407449 -13763 8099 -3267
61717 402634 407457 -13743 8101 -3275
61803 402646 407461 -13724 8099 -3251
61893 402677 407481 -13730 8086 -3230
61978 402716 407499 -13736 8078 -3240
62068 402743 407500 -13722 8085 -3259
62156 402774 407519 -13712 8091 -3265
62246 402800 407533 -13719 8102 -3277
62336 402830 407541 -13724 8094 -3284
62398 402821 407541 -13721 8083 -3282
62371 402759 407488 -13703 8088 -3273
62231 402620 407424 -13683 8090 -3275
61994 402447 407339 -13700 8099 -3311
61732 402274 407246 -13791 8094 -3296
61500 402142 407164 -13775 8098 -3289
61320 402029 407116 -13756 8091 -3289
61183 401927 407062 -13734 8086 -3294
61079 401805 407006 -13711 8081 -3286
61002 401698 406929 -13702 8070 -3275
60700 401036 406571 -13748 8083 -3162
60712 401082 406600 -13822 8055 -3085
60731 401071 406595 -13859 8043 -3100
60760 401059 406608 -13802 8060 -3210
60786 401059 406587 -13801 8067 -3193
60829 401110 406628 -13883 8052 -3080
60879 401193 406658 -13913 8044 -3057
60938 401240 406699 -13826 8066 -3134
61003 401281 406719 -13728 8090 -3226
61075 401334 406745 -13699 8102 -3269
61162 401400 406770 -13696 8111 -3282
61259 401520 406828 -13715 8111 -3266
61367 401631 406890 -13747 8098 -3233
61477 401704 406931 -13763 8084 -3207
61582 401770 406959 -13725 8094 -3219
61689 401855 407007 -13698 8099 -3216
61795 401946 407044 -13752 8084 -3143
61896 402030 407090 -13815 8081 -3085
61996 402110 407136 -13839 8089 -3088
62091 402158 407158 -13836 8095 -3110
62177 402192 407191 -13793 8099 -3162
62227 402216 407192 -13721 8097 -3205
62169 402160 407148 -13689 8093 -3190
61984 402024 407089 -13765 8091 -3166
61714 401857 406988 -13772 8114 -3193
61428 401694 406926 -13773 8114 -3213
61177 401602 406862 -13752 8103 -3212
60987 401517 406827 -13724 8094 -3202
60846 401487 406816 -13737 8081 -3157
60744 401468 406822 -13756 8064 -3104
60796 401828 407000 -13800 8081 -3076
60894 401894 407029 -13756 8064 -3116
60994 401946 407045 -13799 8076 -3171
61095 402028 407077 -13875 8104 -3213
61204 402082 407095 -13913 8111 -3230
61310 402135 407111 -13846 8085 -3182
61410 402181 407121 -13701 8057 -3129
61500 402215 407142 -13679 8090 -3191
61521 402193 407119 -13831 8153 -3294
61417 402029 407028 -13890 8168 -3210
61192 401839 406915 -13825 8139 -2974
60904 401630 406795 -13715 8128 -2717
60618 401452 406687 -13564 8176 -2640
60372 401334 406624 -13462 8239 -2646
60184 401270 406600 -13410 8311 -2709
60046 401240 406573 -13366 8400 -2823
59941 401221 406560 -13326 8513 -2969
59861 401191 406539 -13287 8608 -3079
59810 401192 406542 -13259 8647 -3155
59807 401218 406556 -13266 8666 -3265
59833 401241 406577 -13825 8139 -2974
59858 401252 406574 -13715 8128 -2717
59861 401240 406567 -13564 8176 -2640
59837 401201 406538 -13462 8239 -2646
59798 401161 406521 -13410 8311 -2709
59750 401119 406508 -13366 8400 -2823
59713 401098 406497 -13326 8513 -2969
59689 401087 406501 -13287 8608 -3079
59679 401104 406517 -13259 8647 -3155
59687 401107 406510 -13266 8666 -3265
58177 400736 406589 -13366 8854 -2551
58207 400749 406591 -13335 8868 -2500
58248 400773 406613 -13283 8925 -2446
58303 400792 406622 -13222 8990 -2392
58368 400835 406643 -13148 9037 -2338
58434 400861 406650 -13121 9091 -2293
58501 400886 406676 -13138 9161 -2271
58575 400908 406699 -13183 9214 -2266
58647 400943 406721 -13222 9238 -2280
58722 400978 406719 -13248 9226 -2279
58796 401006 406757 -13270 9166 -2279
58877 401044 406778 -13288 9089 -2290
58957 401075 406784 -13290 9012 -2294
59039 401087 406808 -13300 8927 -2285
59118 401136 406831 -13333 8830 -2271
59171 401150 406827 -13367 8744 -2281
59140 401103 406792 -13417 8663 -2302
58965 400959 406722 -13475 8587 -2324
58683 400769 406616 -13524 8537 -2348
58355 400600 406542 -13556 8507 -2353
